1 1.3569314257523433 0.02181104902770981
5 2.1090281203749384 0.0327710698758862
10 5.1869758263443515 0.04567774189464031
15 12.100394671928958 0.06686360495085723
20 25.475579674395657 0.12429172824021967
25 55.22718302910705 0.23280358110531388
30 79.0809077454366 0.3284687040941149
35 123.93043907252097 0.44865762238375917
40 186.15860878145043 0.6575180812340784
45 255.06561420818943 0.8414636047119305
50 421.4676862358165 1.3136271072326988
55 473.5483473112975 1.2433916212596081
60 600.2782437099162 1.507003703896098
65 758.0409472126295 1.604064095517176
70 919.9183522446966 1.8862653621652055
75 1122.7360631475087 1.7121182554250811
80 1387.8260976813024 1.712153816716099
85 1614.3310310804145 1.4304422182922736
90 1956.1961026147014 1.268513443424017
95 2320.531573754317 1.161399892759299
100 3251.245683275777 1.4473781676220085
