1 0.06763824410883235 0.0019990529062345456
5 0.29129693835576187 0.0046544549139229995
10 0.6685079626256096 0.005020685678809875
15 2.075042604454369 0.006544796096881631
20 4.3082799553387785 0.010203860522611524
25 9.099429981782922 0.01950107062597186
30 14.18898748310513 0.02856052788138458
35 24.339484045366397 0.04555422094573616
40 33.699359464065346 0.05636168923638927
45 49.82911206440618 0.07747534628283761
50 74.36557560086972 0.1182617017532543
55 90.7962037962038 0.13492498770817482
60 114.40988423341365 0.16053998785020696
65 146.47664100605277 0.23418878866672188
70 249.84415584415584 0.3690154063361384
75 233.0775694893342 0.35806162108042233
80 280.50379032731973 0.42332663042597146
85 338.2359405300582 0.48669759497174936
90 398.44913909619794 0.5095953308806884
95 541.8422166069225 0.586905999073195
100 588.4162308279955 0.6086662139459403
