1 1.2942331288343558 0.023823313952631705
5 1.4640490797546013 0.026086543180961166
10 1.9595092024539877 0.018376575558523168
15 3.3209815950920247 0.04572766094558979
20 5.62282208588957 0.02951202282958581
25 9.504049079754601 0.048693167739041476
30 15.232883435582822 0.0747418588805812
35 23.369079754601227 0.11469354516051318
40 34.001472392638036 0.15320739718774118
45 47.813496932515335 0.2129121083641091
50 64.60098159509202 0.2542192185091988
55 86.12220858895705 0.32984794786844046
60 115.10993865030674 0.39433180682033797
65 146.15411042944785 0.5330712763957751
70 181.05644171779142 0.6040197433857701
75 222.4719018404908 0.6829652987480909
80 291.28245398773004 0.8286087075309272
85 344.4679754601227 0.9984631965642117
90 374.558036809816 1.0099682080417112
95 467.3153374233129 1.0720353471161754
100 538.2522699386503 1.2240955385182768
