1 0.06887230416642182 0.0019678279347923023
5 0.17635305870599988 0.003101715495600273
10 0.5030263853793265 0.004365402721471949
15 2.0403126285479227 0.005490924580427829
20 4.5995768936945405 0.011756752788859185
25 8.638185344067697 0.018798968623071736
30 14.878709525768349 0.029618408223169218
35 23.451430922019156 0.04322514565304785
40 34.229476405947 0.05657613732503243
45 48.90485984603632 0.08027891982100464
50 67.94094141152965 0.10729483006586261
55 90.21972145501557 0.13578991282664196
60 117.42169595110772 0.1724913541190348
65 191.66556972439327 0.29904639619650036
70 185.8634306869601 0.2920218929361492
75 229.44291003114532 0.31242971097465255
80 302.4918023153317 0.3915674827031892
85 354.6928365751895 0.4666624081485205
90 391.5173649879532 0.5166097350204811
95 502.4926837868014 0.593600917941558
100 593.2143738614327 0.5668423236159814
