1 0.10066404184051243 0.00347297658441533
5 0.5623787976729153 0.005141324093889017
10 3.1522595052006817 0.016293320585269742
15 9.62649115590292 0.027807790672271616
20 22.370923194452605 0.08041220532475493
25 49.60380795674914 0.10735209523596592
30 72.4464946817888 0.13750203107855588
35 113.88429217840982 0.19542915918317588
40 171.00887347946173 0.2665922282047755
45 240.65481577246283 0.3700328546366556
50 392.99024504906856 0.5451114877593196
55 436.4415584415584 0.5929973454936674
60 571.3485925838867 0.7123185400580186
65 724.4280425456896 0.7697557718028207
70 889.4273373685138 0.7604103007364408
75 1089.094905094905 0.7360556643135917
80 1376.3122759593348 0.7673105032506654
85 1573.8587295057882 0.7860452606199295
90 1863.387494858083 0.744507678431293
95 2282.9354762884172 0.7525219715723627
100 3110.9885996356584 0.6846494125863548
