1 1.3075974346324617 0.024004119798230777
5 1.6793290577207696 0.03146095221037688
10 2.2385298470646275 0.03761217524369032
15 3.568327577701036 0.03024326691081753
20 6.207942772570301 0.049060329959390234
25 10.27503700049334 0.05931507060846692
30 16.23630981746423 0.07929397652612684
35 24.655895411938825 0.10474544298224212
40 35.50912678835718 0.15849365254790984
45 49.85767143561914 0.23378826848463527
50 66.87839171188949 0.27642016226444255
55 89.10656142081895 0.35961605349332465
60 118.52738036507154 0.43174163443878116
65 148.51430685742477 0.5094747408854851
70 205.6714356191416 0.668440249849767
75 228.47533300444005 0.7228089303466104
80 288.68031573754314 0.7841186769435626
85 347.1753823384312 1.0573619423961034
90 383.585594474593 1.133349883453623
95 474.37345831277753 1.1694100083481287
100 549.1450419338925 1.250611111069575
