363
1047
363
364
366
430
358
372
362
373
381
372
363
372
380
367
364
417
388
363
359
358
363
397
380
363
363
388
364
364
363
372
383
359
364
363
371
486
364
363
379
388
374
378
368
358
363
377
372
359
370
420
375
431
365
366
364
363
376
367
450
363
373
364
363
363
367
375
365
364
367
364
363
365
376
452
378
457
364
396
425
359
373
362
365
375
363
364
364
371
373
363
366
363
363
363
366
363
363
367
373
363
588
367
426
364
972
364
363
377
367
418
364
364
372
363
363
420
365
378
377
372
374
368
367
363
363
364
387
364
406
364
366
363
368
374
417
364
373
380
382
363
365
362
773
380
363
367
364
363
382
379
365
366
363
367
378
375
371
363
362
379
363
363
363
364
379
362
373
437
362
363
378
366
364
362
363
374
362
363
397
363
363
363
379
363
363
363
373
434
426
392
378
374
378
363
363
363
413
367
1060
377
376
376
374
378
363
379
376
374
444
363
381
379
363
364
375
404
367
362
435
373
388
362
364
364
363
364
364
378
378
363
367
367
363
362
375
367
363
448
366
363
363
366
373
364
372
363
379
363
366
1050
362
363
366
427
378
360
367
375
377
379
364
441
375
374
362
363
373
378
363
375
363
366
364
363
363
424
363
363
388
367
363
362
362
374
364
366
378
363
364
363
363
368
373
364
451
374
363
420
363
447
367
373
374
363
383
376
694
378
381
364
927
377
364
752
363
364
419
372
440
389
364
372
373
373
362
364
363
378
373
366
363
366
363
373
364
376
374
375
448
364
374
360
372
363
362
364
364
364
374
374
363
364
376
362
376
364
363
454
381
363
363
363
366
364
366
366
367
367
376
378
364
365
365
364
374
382
367
416
372
363
373
363
362
363
375
363
364
374
364
363
377
367
425
432
377
379
363
363
364
381
363
426
363
376
377
363
363
363
367
376
480
363
367
363
375
377
363
364
363
363
365
392
364
423
364
362
363
363
379
378
364
376
363
377
364
363
364
372
363
362
367
378
363
363
423
363
364
363
363
367
363
377
372
366
379
362
428
362
363
372
363
371
378
366
371
381
366
378
362
432
368
375
364
372
363
363
374
363
363
363
372
367
363
363
374
365
373
364
367
373
420
362
366
366
368
367
364
374
362
376
377
363
365
376
373
814
1217
366
364
375
363
364
427
373
362
362
367
363
371
370
362
375
363
363
373
381
370
373
388
410
366
363
374
362
362
366
434
371
376
367
429
406
364
374
388
364
376
364
423
376
363
363
375
362
363
363
362
363
381
363
372
379
381
364
372
364
366
382
364
368
362
366
362
379
411
363
372
363
414
362
388
363
363
362
363
374
375
364
362
359
367
360
378
363
378
364
363
370
363
363
364
374
362
363
362
365
363
379
375
363
363
363
363
363
365
362
377
903
361
363
416
362
377
362
366
363
363
379
470
384
374
372
363
378
374
364
363
363
367
362
362
374
402
363
362
367
376
366
362
373
388
364
363
379
422
375
364
367
715
374
363
366
367
367
363
378
364
375
363
436
366
363
364
424
375
364
363
362
364
460
364
364
379
389
377
373
378
363
804
363
378
378
362
372
404
367
373
375
366
373
401
376
475
364
365
363
372
373
363
364
362
424
359
372
367
378
364
364
367
363
363
389
382
368
422
377
363
363
375
373
365
363
364
374
363
364
434
505
363
377
374
388
362
379
375
366
364
363
379
359
366
364
376
1068
377
363
377
388
372
387
382
364
363
362
364
374
371
368
363
378
377
363
363
374
377
363
367
362
363
378
368
367
363
363
363
374
363
372
374
376
363
362
367
364
378
378
367
363
367
377
362
364
367
375
377
363
367
375
371
371
363
364
364
374
387
364
364
378
394
363
364
362
363
363
374
367
363
364
364
363
363
363
424
433
364
372
365
363
368
419
363
364
372
363
447
366
369
430
825
364
363
364
367
363
364
828
374
364
363
377
378
376
363
366
367
377
363
367
376
845
363
376
363
378
375
363
363
372
362
372
375
371
372
377
374
367
371
362
380
433
367
362
367
364
365
364
366
363
364
376
368
380
378
366
367
362
388
367
367
423
375
369
444
375
374
382
363
378
367
363
366
438
363
377
373
363
363
374
363
388
363
429
366
363
364
372
363
364
363
366
377
364
374
366
362
421
375
363
380
372
363
362
363
364
363
363
363
364
374
421
363
373
382
363
372
375
364
377
363
363
367
363
366
364
422
367
377
378
367
364
376
373
423
364
382
378
388
363
421
367
463
364
374
394
374
385
374
363
364
367
363
364
366
367
373
363
367
366
368
376
363
456
363
363
363
363
820
373
376
374
363
364
362
363
374
367
430
429
367
372
367
363
391
363
364
373
375
363
364
367
364
364
367
373
364
364
364
378
363
362
367
377
371
367
456
364
363
376
430
374
362
362
376
433
421
363
424
363
363
403
363
363
375
374
363
379
362
363
364
386
442
436
374
378
378
363
367
378
373
366
379
362
363
363
379
372
1007
379
362
368
367
364
367
376
422
378
376
364
394
363
368
378
362
374
367
364
362
374
446
366
371
364
368
363
363
363
363
363
367
367
364
363
365
373
363
364
367
364
364
364
367
376
373
366
378
364
366
367
376
423
376
363
363
367
373
375
363
377
435
373
363
443
378
378
367
363
363
374
363
363
363
378
416
377
381
372
374
378
377
378
363
363
373
363
372
374
363
363
425
363
422
363
736
373
461
359
359
364
381
377
372
374
389
375
364
375
363
364
373
682
377
363
362
377
415
389
377
443
374
704
377
379
374
399
371
386
367
364
374
363
376
365
366
372
364
363
373
378
372
374
363
364
379
363
363
364
495
363
362
998
438
372
373
363
379
376
363
371
363
364
365
363
373
363
378
366
364
368
421
363
428
377
363
447
376
377
377
363
366
363
363
364
421
377
364
363
362
363
377
364
373
377
374
428
367
363
364
362
363
388
438
367
363
363
376
364
363
378
368
377
363
374
363
379
721
442
379
363
364
374
364
363
363
364
377
374
378
373
362
362
451
367
472
364
367
363
365
362
366
363
378
379
379
1049
364
378
366
365
367
363
384
366
424
454
381
380
377
364
363
364
367
363
374
362
363
362
366
374
375
1065
364
377
366
376
363
364
367
1062
363
363
363
377
364
366
377
363
362
372
362
363
374
366
364
363
367
372
374
362
364
378
407
382
367
374
364
372
378
363
373
426
364
363
364
364
363
377
367
363
360
369
605
366
382
378
367
362
363
363
373
364
364
364
372
363
390
379
426
374
363
441
431
365
364
378
428
452
375
366
374
375
364
363
367
363
382
363
363
382
373
365
429
374
422
448
364
364
366
364
377
375
435
362
363
363
366
363
419
425
367
363
433
374
368
363
374
366
416
399
389
363
440
374
363
380
375
378
364
374
363
428
367
363
376
367
363
376
382
376
375
363
364
376
373
363
363
374
546
364
441
363
363
377
389
378
367
367
367
364
426
433
376
359
371
442
362
384
376
364
434
364
392
373
422
365
456
384
362
377
375
362
363
363
363
367
363
364
362
374
368
363
406
362
366
372
363
375
366
363
364
366
362
373
362
364
364
376
363
364
382
364
373
363
476
379
403
384
375
376
399
364
372
468
382
382
364
367
363
376
363
425
364
362
362
363
363
368
363
374
443
362
373
364
389
364
364
364
364
363
434
373
364
428
367
1064
369
363
376
367
363
362
378
439
382
363
385
364
363
464
373
362
363
366
376
377
375
363
363
378
423
363
363
366
377
366
373
372
367
366
367
363
363
366
372
363
364
755
367
362
364
363
362
363
364
374
455
362
364
376
372
371
362
366
364
364
376
366
363
371
372
364
423
373
362
364
366
366
359
363
378
378
422
372
892
364
378
377
371
376
362
367
372
763
364
367
363
363
363
368
766
364
367
372
360
367
367
364
363
363
471
362
425
418
373
372
379
574
362
388
363
367
364
362
363
363
415
376
365
374
362
363
373
374
364
378
363
402
363
379
363
382
362
378
364
377
363
457
381
367
367
363
374
364
363
376
367
373
372
366
374
363
363
377
363
363
367
374
377
363
367
363
362
363
367
363
970
417
424
372
364
372
375
363
363
365
392
375
438
365
383
575
364
358
363
363
363
379
363
367
363
363
364
363
375
375
366
433
374
362
435
373
364
363
363
362
363
364
367
385
376
364
365
362
364
377
364
744
380
428
358
365
367
373
377
373
372
744
367
359
363
375
380
377
364
363
364
379
363
363
378
364
362
367
375
364
384
374
364
363
364
363
363
363
363
373
367
377
367
414
374
364
363
364
363
380
363
375
368
364
363
363
364
376
367
378
369
377
376
364
372
382
1061
362
365
363
375
377
456
425
363
364
374
373
375
424
429
375
363
377
363
367
363
374
371
364
363
366
376
363
376
364
374
366
367
413
363
372
378
372
381
367
421
379
369
453
363
372
421
363
363
363
372
364
364
363
374
366
363
363
367
380
362
385
373
884
377
364
366
379
425
362
363
364
379
380
378
364
375
364
423
364
363
363
1172
371
474
362
364
362
428
373
442
364
383
366
374
388
363
363
364
363
368
364
364
362
367
366
427
364
419
373
362
388
363
363
815
431
373
376
373
389
363
431
363
371
378
373
518
423
377
368
373
363
378
367
373
363
363
368
362
371
363
424
377
363
430
373
363
363
364
363
379
363
366
465
363
358
362
363
363
363
363
374
364
363
364
363
379
365
363
363
363
374
360
363
363
362
363
377
388
362
364
363
371
362
375
366
363
363
363
364
376
457
375
364
378
363
363
375
364
379
365
363
363
368
430
375
364
364
365
372
367
363
374
359
362
380
363
367
364
363
377
434
363
381
364
367
371
364
369
367
364
371
362
358
364
375
376
370
363
1053
362
373
560
427
364
364
359
373
364
381
363
363
362
364
363
421
362
363
373
364
362
366
376
364
402
363
364
367
364
375
373
364
376
366
364
367
374
362
363
367
364
381
373
363
363
362
372
380
362
363
363
365
363
363
364
364
381
452
363
390
376
398
398
364
362
443
363
446
371
362
363
363
414
363
379
389
373
379
362
373
363
362
378
378
367
362
371
363
364
367
380
367
378
364
380
364
363
378
374
410
376
374
363
363
367
378
363
363
951
363
745
363
363
362
363
1058
364
364
366
364
363
372
364
378
364
367
362
364
414
380
364
363
365
373
503
364
362
404
363
358
363
426
1062
363
372
364
364
377
381
694
373
373
377
377
373
384
409
365
602
362
363
363
364
380
436
362
373
367
373
378
363
364
364
362
377
363
373
368
363
367
367
374
363
366
363
661
364
377
374
373
363
379
364
376
374
375
374
364
366
364
364
376
425
428
380
372
363
377
380
363
363
364
366
433
364
363
364
376
359
362
420
362
362
373
363
363
441
363
363
363
368
363
363
364
368
367
362
374
1057
364
363
364
371
382
373
367
363
363
364
364
379
364
388
364
363
363
384
426
375
375
369
364
378
395
366
366
363
374
361
442
367
373
439
376
388
362
377
374
372
362
375
374
364
376
374
363
425
422
424
366
378
411
363
375
363
367
363
378
373
424
378
365
405
376
362
367
362
376
376
363
362
364
364
364
416
363
367
375
363
373
377
363
363
364
374
364
441
362
363
399
364
367
368
369
378
363
364
436
380
359
363
371
367
364
363
367
366
362
364
364
373
364
363
364
364
366
367
363
363
377
373
364
419
362
364
363
363
366
380
363
424
375
364
363
363
362
717
363
363
364
427
363
367
364
364
442
364
423
426
415
364
441
365
366
363
373
377
362
374
365
372
363
420
364
377
374
421
363
366
365
408
366
381
367
363
366
367
374
363
364
373
376
380
363
378
364
378
364
363
378
362
367
364
364
363
384
429
363
362
363
373
364
367
363
363
363
363
376
363
373
362
363
365
366
362
376
368
363
377
364
362
382
375
366
1001
931
366
363
375
375
363
363
377
366
362
363
364
373
380
434
366
367
378
367
374
364
381
377
378
398
362
366
374
363
363
424
414
371
371
366
364
364
364
362
373
1055
473
363
363
362
373
368
382
363
447
417
373
363
363
364
367
419
376
376
367
424
364
378
363
378
362
424
364
363
362
380
363
371
417
363
363
362
362
383
367
381
607
378
364
373
376
368
366
363
376
367
368
380
425
363
460
392
363
363
362
375
363
363
396
367
363
365
392
422
362
378
377
359
364
363
364
376
363
367
363
363
375
376
364
364
364
362
399
397
428
428
363
364
398
364
366
364
363
366
1044
363
363
441
377
373
363
363
362
422
456
364
363
363
367
367
384
363
364
364
364
364
374
437
364
378
372
363
378
363
364
364
363
378
362
1143
368
372
364
427
422
375
364
389
432
363
364
363
389
365
363
363
363
365
362
363
364
418
364
418
374
363
367
422
363
363
377
427
424
660
386
378
363
374
363
386
377
364
362
364
364
367
364
389
367
363
364
424
364
373
382
363
389
364
364
462
362
374
363
376
372
370
374
367
378
715
363
377
441
363
370
366
378
374
365
367
364
368
375
364
364
373
364
374
427
373
363
377
374
362
378
364
373
396
368
368
363
381
363
373
363
363
367
364
364
363
367
364
364
367
373
365
363
363
456
361
434
363
363
362
441
375
372
364
430
386
376
363
363
364
363
362
362
363
363
367
364
363
377
363
379
411
374
363
363
368
363
375
363
373
363
377
430
364
358
436
373
376
378
364
462
378
364
366
363
423
373
365
379
367
375
363
363
363
376
363
376
463
378
376
366
364
364
373
367
376
391
372
447
363
380
362
378
363
367
370
364
363
367
375
367
469
363
363
364
363
363
363
378
367
423
364
363
381
441
476
384
362
363
380
373
367
381
367
364
376
368
366
422
363
362
442
364
367
363
364
363
400
364
375
377
367
373
377
1144
424
365
364
363
420
429
371
367
378
365
373
461
363
363
363
374
362
377
376
427
383
362
376
363
363
377
375
363
367
364
364
371
367
445
367
366
375
362
364
365
367
364
364
361
363
377
427
375
363
380
367
418
372
375
367
363
364
440
372
368
363
364
378
419
363
363
374
363
392
363
359
363
385
363
365
363
376
363
378
374
363
377
418
364
367
376
372
382
367
363
367
364
418
364
367
372
363
376
363
383
378
367
364
366
364
366
381
373
362
365
362
362
366
363
377
363
364
366
363
363
363
373
375
363
365
377
367
377
363
363
381
827
423
364
364
388
362
363
424
363
373
389
362
363
364
363
363
380
393
362
366
448
380
378
377
363
363
370
373
363
384
364
372
381
363
380
363
363
363
440
362
385
367
363
365
363
377
378
368
367
378
377
364
367
364
362
380
399
362
364
372
428
380
375
411
363
377
364
380
362
364
377
377
363
363
372
379
367
364
373
363
377
366
447
413
363
364
363
364
363
439
364
362
367
373
364
363
365
380
367
370
358
363
363
367
364
364
362
373
363
363
363
381
363
364
367
362
363
363
367
373
433
358
376
426
372
367
670
362
364
383
376
388
377
374
389
363
388
364
363
372
362
438
367
373
373
363
365
377
377
367
372
431
363
363
364
363
364
363
432
423
392
363
363
373
376
367
373
364
458
376
371
364
367
364
363
373
363
376
363
379
364
367
388
378
776
372
376
375
362
363
439
379
363
362
378
378
367
393
363
364
367
388
368
392
367
377
374
363
364
375
362
363
363
363
365
364
370
366
367
439
380
444
443
363
364
442
363
363
377
363
363
363
362
373
367
364
378
421
365
363
367
438
374
380
364
389
367
427
373
363
366
364
364
378
364
363
373
378
372
366
379
375
364
363
419
364
367
363
364
367
373
362
362
364
363
364
374
371
372
366
375
362
358
363
365
364
363
627
378
440
367
378
372
367
374
419
426
363
362
364
363
422
364
363
374
363
367
373
374
367
383
362
363
363
376
374
384
363
363
429
378
362
367
363
364
369
363
376
363
372
364
362
382
368
364
380
362
367
374
654
373
367
363
422
376
363
374
375
372
363
425
364
380
378
363
363
371
366
377
372
358
362
363
364
363
363
365
930
374
364
375
372
373
653
366
363
364
381
364
997
363
376
363
930
364
363
372
373
363
363
380
362
379
378
371
375
399
363
363
363
367
375
375
362
367
378
768
363
363
363
363
372
380
372
363
372
422
373
367
445
364
436
380
432
378
375
366
363
439
364
378
445
364
373
378
363
364
363
363
364
364
367
374
364
362
377
430
428
363
363
363
368
374
362
363
372
366
363
364
363
374
373
367
362
367
381
371
364
376
366
384
363
363
363
440
363
376
364
363
378
373
377
364
364
359
364
363
367
373
375
380
364
374
362
462
439
378
363
364
364
373
367
373
363
379
364
380
363
363
397
374
363
388
364
363
376
389
365
362
364
363
363
363
371
363
430
367
365
366
362
376
375
363
363
366
376
367
367
372
378
366
366
373
364
365
367
364
373
372
377
363
363
376
377
375
378
424
363
373
373
363
363
363
363
367
377
364
378
377
364
378
364
362
379
367
363
364
363
370
363
379
367
364
377
364
371
363
362
364
363
364
377
364
363
363
364
363
377
427
373
364
436
363
372
362
366
362
366
449
368
373
364
381
380
363
363
377
424
367
364
367
362
364
377
367
364
363
363
394
363
366
365
363
362
430
363
363
427
372
364
363
377
378
379
373
367
363
364
375
376
365
423
367
377
378
371
364
455
377
363
366
364
366
363
374
362
363
373
379
362
366
373
381
363
366
361
362
417
364
363
366
373
368
363
384
367
364
375
375
363
363
363
368
367
363
363
783
439
377
366
379
373
376
373
363
374
373
380
702
367
367
362
380
363
363
363
367
372
364
363
466
364
427
363
363
374
377
374
364
365
364
377
364
831
373
362
363
381
372
363
363
363
367
363
358
362
371
365
376
364
363
363
374
366
363
363
363
363
362
367
364
364
378
362
378
364
362
733
416
363
363
364
442
373
457
454
367
364
363
456
441
362
368
367
368
363
363
364
364
376
367
377
363
372
363
362
379
370
363
364
364
373
367
363
363
390
378
364
372
366
363
374
378
363
364
363
372
456
362
424
377
363
377
367
388
366
367
363
364
378
377
363
363
417
362
382
376
375
375
363
374
373
363
363
366
363
715
373
376
363
366
363
364
362
373
428
364
373
374
362
374
378
373
377
363
373
364
364
367
377
364
367
370
367
363
376
363
387
363
379
372
363
