82
81
80
81
90
80
80
80
83
81
152
81
82
219
81
82
81
80
81
94
92
84
81
134
82
81
96
81
82
82
81
92
82
81
82
81
94
81
81
81
80
81
81
82
81
82
81
82
81
81
81
92
82
80
81
131
97
81
82
80
81
81
81
93
184
80
81
81
81
82
82
82
93
81
82
80
83
92
81
81
81
81
92
81
81
81
81
117
80
82
81
80
82
81
81
81
81
94
81
80
85
93
93
82
82
81
82
81
81
82
81
81
81
82
82
82
81
81
81
81
82
81
80
81
80
82
81
84
81
81
81
81
81
81
81
81
93
82
94
81
82
80
81
131
85
81
82
82
81
82
80
82
81
81
81
82
109
81
81
81
85
81
81
81
80
91
82
81
80
81
81
81
82
81
81
80
80
185
82
81
84
81
81
81
81
81
81
80
93
80
81
82
81
81
80
202
81
81
82
91
82
81
81
88
80
80
81
81
81
80
80
93
82
81
81
81
91
81
81
81
82
82
88
81
80
81
83
82
85
81
82
82
80
81
81
188
186
81
81
81
81
81
81
85
130
95
81
81
82
81
81
81
89
80
81
81
81
81
81
82
82
91
80
81
82
80
81
81
81
80
80
81
184
81
81
80
82
92
81
81
93
275
81
80
80
81
82
81
89
81
91
91
80
81
83
80
81
81
80
81
81
80
82
92
80
81
80
81
82
82
81
81
81
81
80
136
81
88
82
91
81
81
81
81
81
81
81
81
80
80
82
81
82
82
95
92
81
81
80
81
81
80
80
80
81
92
81
81
95
81
81
80
81
81
81
81
82
82
81
82
133
80
81
80
94
80
82
81
81
131
94
80
81
183
131
81
81
81
81
81
81
81
80
81
82
82
81
82
81
81
81
81
130
81
81
81
81
81
81
81
80
81
81
82
81
81
80
81
81
81
206
81
81
90
81
80
80
91
81
80
82
81
81
80
82
89
81
82
90
238
80
196
81
80
81
107
82
81
81
132
95
130
81
81
80
81
81
82
81
81
81
80
81
81
90
90
81
80
82
82
80
81
81
81
81
81
82
81
93
81
81
80
82
81
81
81
82
81
81
80
81
81
81
80
80
81
82
81
82
82
81
80
81
81
81
80
81
81
81
80
81
81
80
134
80
81
81
81
80
82
81
80
81
81
82
81
80
81
80
80
80
81
82
81
81
80
84
81
81
81
81
80
81
80
84
81
83
81
82
81
82
81
88
81
81
81
81
81
109
82
81
82
81
81
93
81
82
80
82
81
80
91
81
81
82
81
80
81
81
81
81
81
90
82
80
81
138
81
81
81
92
80
81
81
81
92
91
90
80
80
146
82
82
82
81
81
81
81
80
185
80
81
82
89
80
90
82
81
80
84
82
80
81
81
82
81
81
81
138
81
81
82
82
80
82
81
81
93
82
81
81
93
82
81
81
81
82
81
82
93
81
81
81
81
81
81
230
82
80
80
81
85
81
81
81
82
81
80
92
81
82
81
81
82
82
81
81
81
82
81
87
129
81
81
80
223
81
81
81
83
81
82
81
81
82
81
81
81
82
82
81
82
80
80
81
83
81
81
81
81
81
82
94
81
82
82
81
81
92
81
80
81
127
80
81
81
81
83
82
80
81
80
80
81
81
81
80
82
80
81
81
92
80
81
92
92
85
82
81
81
80
81
81
80
81
81
80
81
81
80
81
81
80
81
81
82
83
85
80
80
80
81
81
81
82
80
133
129
81
82
81
81
81
82
85
80
81
83
81
82
82
81
81
81
81
81
81
82
81
80
81
81
81
81
82
90
81
80
81
80
80
81
80
81
80
80
82
80
85
81
81
80
81
81
81
81
82
81
96
81
80
81
81
93
81
81
81
80
80
81
82
81
80
93
81
82
82
81
82
82
81
81
81
82
90
81
81
81
81
95
81
81
80
81
81
81
81
82
91
81
81
81
81
81
82
82
80
81
82
82
80
82
81
81
81
93
81
81
133
82
137
80
81
81
81
81
82
81
81
81
81
80
81
82
80
82
81
81
82
82
80
82
81
82
80
80
81
80
82
89
82
80
81
81
81
80
81
81
82
116
81
81
204
80
81
80
81
81
81
93
81
81
82
81
82
82
210
81
81
81
85
81
80
81
81
80
81
81
92
81
81
83
81
80
81
81
81
80
81
81
82
81
81
80
81
81
80
80
81
91
237
81
81
81
80
84
81
82
81
80
85
80
81
82
80
81
80
81
81
81
82
92
82
82
81
81
81
81
80
81
81
81
80
81
81
81
81
97
81
82
82
81
92
80
81
82
80
80
82
85
81
81
238
90
82
81
94
82
85
81
80
92
84
81
96
80
81
81
81
94
81
82
81
80
81
81
81
82
98
82
81
92
81
94
81
81
82
82
80
80
81
81
81
93
81
81
81
81
82
81
81
81
235
81
81
81
80
80
81
82
80
82
96
80
82
80
80
82
80
82
81
80
197
80
81
81
81
80
81
82
81
81
84
81
81
81
81
82
82
81
81
81
80
82
80
81
81
80
82
89
82
81
81
81
81
80
81
80
81
81
81
81
89
81
81
81
81
81
94
81
81
81
81
81
80
82
81
82
80
82
82
81
81
82
82
80
80
82
82
82
81
81
81
81
81
82
198
81
80
80
116
82
81
111
81
86
82
81
82
81
81
81
81
81
81
81
91
90
80
82
82
81
81
81
81
81
92
81
80
81
82
81
81
81
80
85
91
82
119
82
81
81
81
93
81
81
80
80
81
82
83
82
81
81
81
81
81
85
89
81
80
81
81
81
82
90
82
81
81
81
81
81
81
81
80
81
80
81
82
81
80
81
81
80
82
81
81
81
81
84
81
81
81
81
80
81
81
81
141
82
81
81
82
82
80
82
82
80
80
81
81
83
80
80
81
183
81
81
81
81
81
81
82
80
80
80
82
123
85
81
82
81
81
80
82
81
84
82
82
80
82
81
237
81
81
81
81
80
80
81
93
81
82
81
81
81
81
80
81
234
81
81
186
81
134
81
129
81
80
92
80
92
93
81
84
80
81
81
84
82
81
82
80
81
83
80
87
82
186
81
93
81
81
81
82
81
80
80
82
92
81
81
80
80
80
80
81
81
81
81
82
82
81
81
80
81
83
92
81
84
81
81
84
140
82
81
82
81
81
81
81
81
80
81
81
81
81
81
82
82
81
81
81
80
81
81
81
80
81
84
80
237
81
92
81
82
81
85
81
134
82
80
82
80
80
81
81
81
80
81
93
81
81
80
81
140
82
81
85
81
81
81
81
81
81
81
81
81
80
81
84
92
81
93
81
345
92
82
81
81
80
81
82
82
93
81
90
81
81
80
82
81
90
80
80
82
254
90
81
91
80
81
82
81
89
80
91
80
81
91
81
81
130
80
82
81
81
80
82
81
82
81
81
80
80
93
81
82
81
80
81
81
81
81
81
81
81
82
80
81
81
95
80
81
84
82
81
125
82
81
82
80
81
81
152
81
80
81
80
81
81
80
81
81
81
82
81
81
81
81
81
85
81
80
81
92
131
81
81
80
81
81
82
81
81
80
81
81
83
81
81
81
82
81
218
89
82
94
80
79
93
81
80
80
81
81
81
82
81
81
80
80
80
81
82
81
81
82
132
81
81
82
81
81
82
80
80
83
81
81
81
82
81
91
81
79
259
81
80
81
237
81
81
81
82
80
81
80
81
81
81
167
82
97
81
90
80
84
84
81
81
83
81
81
91
91
81
81
81
81
80
92
80
80
81
80
81
80
81
82
81
80
81
81
90
80
92
81
81
81
81
82
81
81
81
80
82
81
81
82
80
81
81
80
81
80
82
80
81
81
82
81
81
80
92
81
82
82
81
80
81
81
81
80
83
81
81
81
81
80
80
81
81
82
81
85
81
93
81
81
81
82
81
81
81
81
94
81
81
91
81
80
81
81
84
153
82
91
81
80
81
81
81
81
80
82
81
81
81
82
85
82
91
81
91
92
82
80
80
81
250
81
81
84
81
82
82
82
85
81
81
81
81
81
92
81
92
81
80
81
80
80
81
82
82
81
80
84
81
80
81
81
81
133
80
80
126
81
81
80
81
80
81
92
81
81
81
81
80
81
81
82
81
82
81
82
80
81
81
81
81
127
81
81
82
81
91
82
82
80
81
80
81
81
92
93
80
81
81
82
96
81
82
82
80
80
81
81
81
81
82
82
80
81
81
91
80
81
81
81
80
81
82
81
81
81
82
81
80
81
80
81
82
80
162
82
82
81
94
82
190
82
81
133
81
81
81
81
237
81
81
80
81
80
82
81
80
80
81
82
84
81
82
81
82
81
82
80
81
94
82
82
93
91
91
81
81
87
81
82
81
237
81
80
81
81
82
81
82
82
81
83
81
81
82
81
80
83
83
83
81
82
92
81
81
80
81
80
82
80
81
89
140
81
81
92
81
81
81
81
83
81
81
184
81
81
81
81
81
80
81
81
82
212
81
80
81
81
82
82
80
81
81
81
81
81
81
80
81
82
85
81
81
84
80
80
81
81
81
124
80
88
81
81
82
82
80
81
81
82
81
81
84
80
81
129
82
80
81
82
81
91
82
81
81
81
81
81
80
80
81
237
81
80
90
81
80
82
81
81
81
81
81
84
81
81
87
91
81
81
239
81
83
81
82
82
81
80
80
82
82
82
80
81
82
82
94
81
91
81
81
81
82
91
80
82
80
81
81
81
81
81
82
81
82
81
82
81
81
80
82
81
81
153
82
82
81
82
81
80
81
82
80
81
136
81
81
81
82
80
92
82
81
80
81
82
91
81
81
81
81
81
84
81
81
82
81
81
82
80
80
82
81
81
81
81
81
81
82
81
132
80
82
81
81
81
81
89
82
81
81
80
93
81
80
81
80
80
81
80
81
80
81
81
82
186
81
191
81
81
80
81
81
81
80
81
82
80
80
80
80
82
82
80
81
81
91
85
81
81
80
80
81
81
82
81
81
81
80
81
81
80
81
80
81
81
84
81
82
80
81
80
81
82
92
80
80
84
81
82
80
82
81
82
85
82
81
83
81
80
81
81
81
81
84
82
81
82
81
81
84
81
81
80
81
81
81
81
81
81
82
81
82
85
82
80
81
81
80
81
82
82
82
82
80
81
81
84
81
81
81
80
82
81
82
81
90
81
81
85
82
81
81
81
82
80
81
137
84
80
80
97
91
81
82
81
84
80
81
82
80
81
81
81
83
82
82
81
81
81
80
81
81
82
85
81
81
81
85
81
80
82
81
81
98
81
80
80
81
83
81
82
81
80
83
80
82
94
82
81
248
82
82
81
81
85
82
80
81
81
81
81
82
81
84
82
80
80
82
80
80
81
81
81
82
81
81
135
80
80
80
81
81
80
81
81
80
81
81
82
81
92
93
82
81
82
82
81
81
80
81
91
81
82
82
82
81
81
81
81
81
81
81
81
81
81
82
82
81
82
138
80
81
81
82
82
82
81
82
81
82
80
80
80
80
82
93
81
81
81
81
81
95
82
81
196
80
82
80
80
83
80
80
80
81
81
82
92
81
81
91
82
81
80
80
84
81
196
81
93
80
228
82
81
81
82
80
135
81
82
81
81
82
93
81
80
199
82
81
81
80
81
81
80
81
82
81
91
81
82
81
81
93
82
81
80
90
82
82
93
82
81
81
81
91
81
82
80
81
82
81
81
81
81
81
82
80
81
81
94
81
237
82
81
81
82
82
80
235
80
133
81
82
81
81
81
80
82
82
81
81
81
82
81
82
81
81
131
137
82
82
80
81
81
93
82
81
80
94
84
80
98
80
95
81
82
81
81
80
81
81
81
82
81
81
81
81
81
82
81
131
90
80
80
82
81
82
80
91
82
80
139
80
81
92
84
80
80
80
82
81
80
80
81
80
80
80
144
82
81
80
81
81
82
81
80
81
83
83
137
81
82
82
93
81
81
82
82
85
81
82
82
82
81
80
91
81
81
81
81
81
82
81
81
81
82
81
81
80
80
84
81
84
80
84
81
80
82
81
81
81
80
81
82
92
98
81
81
81
81
80
82
81
92
81
93
82
148
81
81
82
81
82
92
81
81
90
81
81
80
81
82
81
253
91
135
81
82
81
82
80
81
80
82
81
80
82
80
82
81
82
81
81
81
81
82
81
92
80
82
133
81
82
81
80
81
93
96
82
82
81
81
131
81
81
81
81
80
81
81
82
81
80
81
80
82
82
81
82
82
82
80
141
81
80
81
81
81
81
82
81
81
80
95
128
80
237
81
81
81
81
81
82
80
80
80
90
81
82
82
84
82
199
81
90
81
81
83
80
81
82
170
82
82
82
82
82
81
81
93
81
82
81
81
82
81
81
191
81
82
81
82
81
81
81
81
81
80
80
81
81
81
81
80
82
82
81
80
92
135
82
81
90
81
81
80
80
81
82
83
81
81
80
80
81
82
81
81
80
81
81
180
81
80
82
81
82
82
81
84
80
81
81
81
82
81
81
81
136
81
81
80
80
81
81
81
80
81
81
81
82
81
80
84
82
81
81
82
81
89
80
81
81
82
81
81
81
80
82
80
81
81
81
81
92
81
80
81
90
82
81
81
82
81
80
82
81
80
82
81
81
81
81
82
81
80
81
81
81
81
82
81
81
80
136
83
82
81
80
101
102
81
81
82
81
81
80
132
81
93
237
81
81
85
81
86
80
81
80
82
81
81
82
81
80
81
80
81
80
81
80
81
98
81
81
80
82
90
81
81
80
135
80
81
80
81
80
82
91
81
81
81
82
81
81
80
81
81
82
81
80
81
148
90
136
81
81
81
80
81
81
131
141
86
81
81
81
80
80
81
82
81
80
81
82
93
81
81
80
81
82
81
81
82
82
94
82
82
82
81
81
82
81
92
81
81
92
81
80
81
82
81
80
94
81
82
81
81
121
81
81
81
82
80
81
81
82
97
81
92
81
81
81
81
82
81
82
81
81
82
81
81
81
80
89
81
92
81
81
82
94
81
92
81
81
80
94
81
82
85
80
170
82
80
82
81
82
82
91
80
80
81
81
82
80
80
80
81
81
80
82
82
81
81
82
80
85
81
81
82
80
81
82
80
82
80
80
237
82
81
80
80
80
81
81
81
81
81
81
92
81
157
92
81
93
84
82
80
92
80
81
81
81
82
91
132
81
81
81
85
81
80
81
80
81
82
82
81
82
81
80
80
81
81
81
81
80
81
80
81
84
81
81
81
91
80
81
80
80
81
81
81
81
91
91
80
80
81
82
134
94
80
81
81
82
81
81
80
97
81
81
81
81
81
82
81
81
81
80
82
80
80
81
80
80
137
80
81
81
80
80
81
80
81
82
81
81
81
82
81
80
81
81
82
82
82
81
82
82
82
80
80
83
81
82
81
81
92
80
94
81
92
81
82
91
81
80
81
80
92
80
81
81
82
92
82
82
81
92
81
81
81
82
82
81
80
80
81
82
81
81
80
81
81
81
92
82
81
85
81
94
80
95
80
81
80
83
83
82
81
80
80
81
237
81
81
81
81
81
81
82
81
82
81
81
82
81
186
97
81
80
80
131
258
238
130
80
82
80
80
85
81
83
81
81
81
139
136
93
81
81
81
80
82
81
81
81
82
80
80
82
81
81
82
129
81
81
80
80
91
82
84
80
80
133
80
91
81
84
82
80
81
82
82
80
81
82
82
213
80
80
80
81
81
82
82
81
81
81
81
81
81
81
82
82
80
81
157
81
81
81
186
81
81
81
81
81
81
80
80
81
81
256
81
82
92
81
82
81
84
133
81
81
111
81
80
81
84
81
81
81
81
81
81
82
84
81
81
81
80
82
235
82
81
80
80
238
80
82
82
81
81
81
80
131
81
81
80
80
80
84
80
81
82
81
82
80
80
81
93
81
81
81
81
81
82
81
96
81
84
80
80
81
81
81
81
81
81
82
82
81
80
85
81
81
127
81
82
81
157
81
82
81
80
80
93
81
80
82
235
81
84
81
82
80
81
81
80
82
81
81
80
81
82
81
134
81
95
81
81
80
91
82
91
80
81
81
103
80
81
80
84
81
80
82
81
80
82
82
82
82
80
80
82
81
81
82
81
81
81
81
81
108
85
82
80
93
81
81
82
80
81
81
80
81
81
82
81
257
81
80
81
81
81
81
80
184
82
80
82
81
81
186
81
82
81
186
81
80
81
81
81
84
81
81
93
81
82
81
81
81
80
82
80
81
82
81
134
81
81
82
82
82
82
81
83
82
81
81
82
82
81
81
82
81
82
81
80
82
133
85
184
81
82
80
82
81
81
81
85
83
81
83
81
81
81
139
82
81
82
81
81
81
81
81
80
82
81
81
80
81
82
83
97
80
82
81
80
82
80
131
82
82
91
90
82
81
81
85
81
82
81
81
80
81
81
90
81
81
81
82
81
81
81
81
92
81
92
80
81
81
80
81
82
81
80
81
80
82
80
81
82
81
81
198
81
82
90
156
197
93
80
80
80
80
80
81
80
80
145
81
82
84
81
80
82
82
81
85
135
82
81
80
135
128
81
83
80
81
80
81
81
81
81
81
81
90
82
94
81
82
82
81
80
83
81
82
80
84
81
80
82
80
84
80
94
82
80
81
91
81
82
131
80
81
80
81
81
81
82
81
80
91
80
82
81
80
81
80
96
80
80
81
81
81
81
81
82
81
82
90
84
82
81
82
81
81
81
81
82
81
84
81
80
82
81
91
237
82
80
81
84
81
82
82
81
82
82
101
81
81
81
80
81
80
92
81
95
92
162
80
80
82
82
81
81
80
81
93
81
81
81
92
274
81
80
81
82
90
80
82
82
81
80
81
81
81
81
92
80
130
82
82
81
83
81
82
82
81
92
81
82
92
81
80
81
83
83
82
82
82
93
82
81
81
81
80
83
90
80
80
81
81
82
91
81
82
81
81
81
81
81
81
82
82
81
80
84
80
91
84
80
81
81
82
81
81
81
81
92
81
81
82
81
95
80
81
80
81
80
81
81
80
159
92
81
81
81
93
81
80
81
81
81
82
81
81
81
81
82
81
82
80
80
80
81
81
81
81
81
80
82
81
80
81
81
81
81
82
81
82
83
81
81
85
91
81
83
130
82
81
80
80
82
81
92
81
82
82
92
82
85
82
81
81
185
82
81
80
81
81
81
80
80
81
81
81
81
80
81
81
81
92
81
82
