1834
2172
1839
2193
1838
1845
1873
1845
2391
1894
1836
1877
1850
1838
1841
1842
1842
1840
1912
1840
1837
1862
1837
1874
1880
1842
1842
1838
1839
1831
1834
1841
1837
1834
1865
1837
1835
1839
1873
1839
1841
1837
1869
1841
1840
1828
1829
1870
1878
1837
1887
1837
1836
1840
1831
1832
1845
1833
1874
1867
1865
1863
1865
1864
1834
1837
1841
1833
1834
1860
1859
1870
1836
1865
1837
1831
1836
1893
1841
1839
1835
1930
1848
1835
1864
1836
1832
1991
1840
1912
1837
1861
1830
1834
1835
1838
1841
1835
1836
1909
1834
1840
1865
1838
1839
1840
1840
1892
1837
1834
1836
1842
1831
1832
1833
1837
1836
1867
1833
1865
1889
1839
1838
1842
1841
1835
1841
1834
1865
1839
1876
1839
1832
1875
1838
1867
1840
1836
1834
1831
1842
1866
1940
1847
1859
1864
1840
1842
1836
1873
1915
1835
1863
2886
3392
1843
1836
1843
1838
1832
1854
1849
1844
1837
1842
1876
1833
1881
1840
1871
1840
1838
1864
1870
1867
1868
1869
1844
1868
1840
1876
1878
1846
1869
1832
1859
1834
1840
1832
1874
1841
1836
1836
1838
1836
1839
1885
1838
1866
1837
1866
1840
1834
1834
1838
1836
1838
1836
1876
1839
1837
1865
1867
1837
1838
1866
1841
1837
1937
1838
1844
1836
1839
1928
1874
1855
1867
2732
1840
1866
1835
1840
1833
1832
2638
1864
1841
1871
1831
1864
1854
1835
1836
1836
1909
1840
1831
1924
1840
1866
1827
1841
1832
1835
1831
1842
1834
1873
1863
1866
1873
1837
1873
1915
1826
1863
1838
1837
1838
1834
1887
1837
1843
1842
1832
1832
1861
1873
1842
1842
1839
1839
1839
1875
1864
1831
2041
1858
1878
1836
1843
1834
1888
1834
1867
1868
1893
1840
1835
1831
1864
1837
1837
1923
1875
1837
1856
1841
2199
1865
1842
1893
1872
1841
1837
1837
1842
1829
1838
1836
1866
1842
1838
1839
1838
1838
1872
1837
1890
1869
1835
1841
1863
1843
1841
1844
1870
1840
1833
1837
1871
1851
1843
1874
1849
1836
1840
1843
1835
1837
1839
1884
1833
1864
1840
1870
1866
1866
1897
1835
1848
1866
1870
1836
1913
1840
1862
1838
1841
1840
1888
1836
1839
1888
1841
1866
1867
1839
1875
1835
1863
1867
1835
1833
1834
1871
1867
1836
1843
1868
1835
1843
1838
1897
1872
1840
1868
1879
1870
1868
1834
1838
1833
1842
1877
1846
1891
1835
1835
2926
1839
1842
1833
1842
1865
1841
1844
2250
1837
1859
1832
1834
1871
1835
1839
2458
1836
1874
1868
1831
1827
1834
1882
1882
1949
1863
1855
1842
1835
1842
1831
1842
1897
1841
1835
1845
1836
1833
1836
1836
1869
1838
1856
1852
1870
1831
1834
1842
1939
1860
1839
1831
1836
1840
1840
1864
1838
1844
1842
1836
1870
1878
1857
1903
2566
1871
1836
1840
1835
1841
1835
1859
1836
1836
1840
1866
1949
1833
1865
1865
1845
1856
1932
1873
1841
1870
1836
1881
1837
1831
1836
1873
1872
1841
1837
1830
1840
1878
1869
1838
1835
1838
1870
3058
1924
1881
1865
1868
1838
1841
1838
1839
1829
1831
1887
1831
2510
1863
1838
1831
1865
1867
1871
1885
1863
1866
1840
1835
1871
1867
1872
1868
1893
2163
1871
1843
1882
1836
1903
1834
1853
1835
1868
1862
1836
1833
1832
1834
2295
1912
1871
1869
1867
1897
1871
1873
1842
1831
1870
1843
1879
1838
1864
1838
1879
1835
1890
1866
1859
1835
1893
1843
1833
1832
1837
1841
1836
1896
1846
1839
1842
1866
1833
1838
1837
2039
1837
1838
1833
1871
1869
1874
1867
1839
1876
1841
1845
1836
1842
1838
1927
1871
1833
1842
1905
1873
1895
1857
1834
1870
1837
1838
1870
1863
1840
1865
1835
1872
1834
1834
1862
1870
1835
1841
1836
1869
1831
1835
1835
1872
1861
1867
1841
1836
1840
1841
1834
1838
1832
1830
1833
1837
1883
1838
1839
1832
3460
1865
1875
1840
1837
1832
1835
1868
1832
1868
1846
1853
1838
1876
1866
1837
1838
1832
1838
1868
1876
1841
1865
1892
1918
1869
1841
1837
1870
1898
1837
1884
1837
1861
1835
2010
1837
1844
1855
1832
1887
1847
1865
1840
1872
1864
1839
1828
1893
1869
1862
1843
1842
1844
1843
1834
1872
1848
1874
1864
1841
1869
1834
1868
1836
1840
1868
1842
1887
1871
1835
1836
1838
1837
1838
1840
1835
1842
2117
1870
1837
1875
1867
1878
1836
1836
1871
1840
1838
1871
1831
1868
1870
1842
1874
1867
1850
1867
1840
1831
1891
1869
1827
1842
1868
1833
1837
1839
1835
1836
1855
1899
1836
1840
1838
1843
1871
1842
1838
1858
1870
1880
1871
1836
1869
1840
1842
1830
1838
1840
1895
1875
1831
1869
1869
1839
1837
1890
1869
1875
1871
1865
1878
1866
1888
1859
1843
1873
1873
1874
1838
1839
1839
1837
1834
1831
1836
1836
1835
2515
1829
1838
1832
1838
1865
1870
1894
1909
1830
1867
1835
1844
1837
1836
1835
1870
1836
1838
1867
1853
1835
1834
1842
1869
1836
1836
1867
1832
1842
1831
1907
1870
1872
1840
1836
1835
1836
1835
1902
1834
1840
1873
1832
1835
1867
1834
1856
1831
1837
1914
1873
1881
1837
1866
2268
1835
1868
1887
1841
1866
1865
1837
1835
1840
1864
1836
1835
1876
1835
1837
1866
1837
1839
1835
1875
1861
1867
1853
1871
1839
1865
1872
1838
1873
1832
1840
1835
1844
1841
1836
1835
1838
1840
1833
1866
1870
1836
1838
1840
1840
1836
1833
2356
1843
1872
1837
1866
1841
2951
1837
1881
1836
1867
1834
1865
1834
1839
1867
1836
1881
1869
1861
1891
1836
1831
1868
1837
1862
1832
1864
1869
1839
1838
1863
1836
1835
1841
1869
1876
1845
1834
1865
1871
1841
1835
1868
1879
1861
1870
1831
2045
1839
1878
1866
1834
1831
1860
1864
1868
1863
1842
1834
2307
1838
1836
1838
1835
1835
1834
1842
1843
1835
1836
1841
1837
1832
1838
1835
1828
1842
1871
1840
1839
1871
1831
1837
1865
1865
1836
1874
1837
1873
1835
1918
1866
1836
1853
1840
1877
1882
1880
1892
1849
1837
1842
1838
1864
1839
1836
1871
1868
1843
1837
1858
1866
1878
1839
1869
1869
1840
1843
1871
1917
1838
1862
1838
1871
1869
1870
1872
1838
1880
1834
1863
2089
1840
1858
1836
1836
1890
1836
1841
1870
1840
1838
1830
1846
1839
2516
1870
1831
1833
1872
1837
1836
1837
1865
1840
1832
1837
1835
1862
1838
1842
1959
1876
1870
2468
1869
1833
1870
1894
1841
1838
1843
2981
1837
1835
1905
1831
1868
1864
1869
1839
1871
1870
1841
1883
1868
1837
1865
1842
1887
1930
1839
1869
1835
1872
1870
1832
1916
1875
1833
1836
1858
1836
1839
1837
1834
1875
1890
1837
1864
2412
1829
1833
1873
1838
1842
1829
1868
1834
1839
1838
1847
1837
1833
1837
1840
1860
1831
1902
1869
1834
1839
1863
1835
1839
1834
1832
1836
1831
1835
1862
1868
1865
1837
1871
1874
1870
1838
1835
1839
1841
1902
1874
1878
1831
1831
1836
1843
3342
1838
1857
1930
1898
1831
1857
1892
1842
1839
1870
1853
1838
1902
1839
1870
1928
1843
1836
1875
1858
1871
1832
1838
1871
1835
1838
1865
1839
2396
1867
1836
1841
1861
1838
1833
1838
1834
1872
1939
1860
1844
1835
1834
1844
1827
1842
1832
1864
1920
1835
1843
1868
1868
2043
1831
1888
1934
1835
1837
1833
1899
1836
1832
1841
1841
1837
1860
1869
1833
1838
1837
1832
1874
1834
1837
1865
1841
1885
1841
1843
1868
1838
1834
1837
1830
1836
1840
1862
3076
1927
1840
1837
1839
1827
1837
1832
1832
1836
1867
1831
1840
1874
1870
1835
1828
1872
1840
1834
1843
1880
1842
1826
1868
1871
1839
1840
1835
1865
1875
1863
1831
1865
1839
1838
1837
1874
1835
1863
1869
1878
1871
1835
1838
1842
1840
1860
1871
1835
1841
1846
1837
1839
1859
1893
2100
1839
1841
1838
1870
1832
1840
1862
1929
1843
1871
1833
1869
1832
1833
1957
1839
1839
1864
1835
1839
1872
1865
1839
1837
1839
1839
1876
1869
1870
1833
1838
1869
1832
1870
1835
1844
1860
1854
1889
1839
1855
1867
1868
1895
1837
1873
1872
1880
1828
1832
1869
1860
1834
1835
1874
1833
1881
1869
1831
1842
1870
1827
1875
1832
1838
1842
1833
1842
1839
1831
1843
2202
1830
1874
1834
1895
1844
1839
1834
1838
1870
1870
1837
2373
1866
1875
1880
1930
1834
1842
1832
1835
1872
1836
1837
1870
1834
1838
1865
1889
1876
1841
1867
1838
1841
1834
1841
1837
1874
1832
2125
1838
1874
1866
1864
1863
1838
1835
1874
1873
1868
1834
1840
1877
1842
2175
2177
1836
1875
1882
2638
1831
1831
1869
1899
1879
1847
1842
1838
1834
1841
1834
1869
1839
1842
1868
1840
1833
1837
1839
1867
1901
1832
1873
1832
1830
1860
1837
1835
1866
1836
1862
1876
1869
1834
1841
1835
1921
1835
1833
1897
1901
1870
1913
1840
1879
1872
1837
1867
1892
1866
1838
1872
1840
1836
1841
1840
1838
1867
1835
1832
1838
1895
1836
1870
1833
1846
1833
1843
1869
1841
1833
2199
1835
1838
1836
1835
1847
1862
1861
1868
1839
1871
1840
1836
1836
1839
1865
1838
1868
1882
1860
1830
1831
1842
1835
1890
1837
1840
1836
1863
1839
1837
1876
1841
1839
1869
1841
1859
1833
1840
1862
1847
1833
1837
1842
1842
1864
1908
1837
1844
1966
1869
1837
1878
1834
1871
1847
1870
1836
1870
1835
1870
1828
1843
1832
1841
1835
1836
1839
1910
1831
1872
1873
1873
1869
1866
1839
1841
1872
1884
1852
1838
1888
1855
1831
1835
1838
1830
1859
1837
1834
1839
1865
1866
1840
1838
1841
1915
1840
1841
1840
1838
1836
1837
1882
1870
1870
1866
1858
1865
1872
1839
1871
1890
1837
1870
1839
1835
1863
1880
1835
1871
1840
1839
1838
1835
1838
1835
1870
1870
1841
1853
1834
1835
2369
1845
1920
1865
1839
1835
1867
1843
1899
1860
1870
1841
1836
1838
1835
1835
1835
1898
1856
1841
1841
1870
1863
1841
1841
1836
1864
1867
1879
1836
1838
1853
1841
1831
1869
1838
1894
1836
1866
1838
1836
1838
1837
1837
1838
1870
1860
1869
1836
1872
1840
1835
1837
1836
1835
1836
1897
1832
2335
1838
1863
1834
1834
1841
1868
1878
1865
1836
1836
1842
1837
1839
1843
1841
1833
1832
1833
1834
1840
1859
1840
1836
1841
1846
1834
1875
1834
1830
1835
1890
1871
1875
1879
1840
1888
1839
1861
1897
1830
1837
1836
1836
1872
1856
1840
1831
1895
1903
1837
1843
1845
1866
1843
1860
2144
1838
1836
1860
1837
1867
1842
1887
1924
1834
2331
1841
1838
1839
1836
1855
1835
1930
1911
1837
1854
1832
1840
1832
1836
1874
1837
1838
1865
1838
1840
1837
1839
1839
1871
1865
1839
1833
1844
1910
1881
1839
1844
1832
1870
1869
1841
1840
1836
1876
1897
1836
1909
1867
1837
1832
1870
1835
1840
1837
1836
1837
1832
1876
1836
1837
1871
1873
1874
1871
1839
1832
1876
1839
1842
1838
1835
1860
1838
1842
1867
1832
1863
1863
1829
1839
1842
1832
1872
2423
1834
1837
1838
1832
1834
1837
1841
1865
1841
1837
1836
1838
1882
1835
1830
1865
1837
1832
1835
1869
1868
1839
1836
1888
1836
1837
1882
1835
1874
1928
1870
1869
1840
1871
1864
1835
1888
1879
1871
1887
1898
1836
1842
1857
1840
1866
1842
1865
1841
1835
1836
1858
1876
1871
1885
1840
1835
2698
1889
1872
1844
1869
1927
1873
1835
1843
1867
1838
1868
1896
1864
1835
1882
1873
1836
1842
1875
1839
1871
1891
1867
1833
1884
1837
1838
1838
1904
1838
1830
1837
1838
1883
1837
1841
1840
1837
3455
1870
1889
1841
1838
1916
1833
1834
1838
1830
1839
1841
1841
1834
1864
1839
1832
1834
1835
1836
1874
1870
1833
1839
1840
1836
1842
1871
1871
1834
1832
1836
1857
1866
1833
1847
1837
1844
1837
1833
1870
1839
1862
1910
1864
1833
1835
1867
1837
1834
1865
1872
1866
1863
1842
1843
1837
1870
1874
1836
1897
1837
1936
1841
1839
1837
1834
1833
1838
1836
1838
1872
1842
1936
1840
1872
1840
1860
1875
1840
1839
1870
1877
1864
1865
1838
1842
1869
1879
1837
1833
1830
1861
1842
1837
1856
1829
1828
1866
1835
1837
1842
1914
1868
1864
1844
1839
1850
1836
1837
1837
1930
1835
1837
1844
1905
1832
1831
1840
1855
1857
1833
1833
1876
1842
1835
1841
1870
1842
1871
1838
1872
1842
1878
1833
1835
1871
1936
1873
1831
1869
1868
1834
1839
1838
1838
1838
1869
1839
1831
1872
1835
1836
1835
1864
1833
1872
1923
1836
1846
1831
2398
1840
1838
1872
2088
1839
1839
1886
1839
1839
1830
1864
1862
1841
1863
1863
1841
1837
1862
1835
1871
1837
1837
1834
1869
1836
1841
1854
1841
1836
1866
1872
1838
1846
1896
1839
1839
1945
1841
1838
1837
1866
1841
1843
1835
1886
1883
1862
1836
1858
1869
1836
1869
1864
1860
1899
1837
1840
1839
1834
1866
1842
2180
1895
1874
1839
1839
1873
1832
2082
1869
1865
1865
1867
1868
1831
1831
1830
1870
1836
1831
1885
1834
1835
1833
1882
1836
1837
1839
1867
1836
1842
1871
1844
1830
1838
1870
1831
1837
1886
1833
1857
1870
1854
1840
1835
1844
1847
1839
1840
1850
1865
1838
1880
1840
1928
1838
1841
1843
1893
1858
1840
1906
1880
1867
1830
1833
1840
1896
1839
1836
1867
1890
1872
1871
1898
1897
1840
2434
1839
1861
1867
1833
1893
1835
1870
1838
1872
1831
1837
1837
1865
1867
1868
1838
1869
1833
1832
1839
1917
1910
1918
1840
1840
1843
1889
1836
1831
1836
1864
1865
1860
1833
1837
1834
1863
1836
1868
1839
1840
1841
1891
1837
1870
1839
2397
1837
1864
1836
1841
1838
1830
1840
1854
1835
1839
1839
1840
1840
1838
1870
1862
1870
1867
1925
1882
1938
1833
1841
1878
1835
1874
1842
1842
1863
1838
1835
1847
1842
1867
1839
1842
1865
1881
1881
1838
1865
1839
1832
1871
1897
1872
1835
1839
1838
1838
1850
1836
1829
1840
1840
1839
1910
1865
1860
1838
1837
1838
1833
1842
2251
1839
1868
1836
1889
1840
1843
1866
1842
1870
1837
1848
1922
1835
1836
1870
1839
1865
1872
1872
1869
1868
1867
1831
1830
1841
1926
1832
1868
1876
1839
1864
2513
1831
1837
1833
1851
1839
1867
1837
1832
1834
1838
1869
2039
1830
1873
1840
2662
1838
1853
1832
1839
1830
1836
1834
1840
1837
1839
1841
1836
1837
1875
1834
1844
1830
1858
1835
1836
1841
1884
1865
1842
1836
1875
1844
1875
2875
1871
1834
1848
1867
1841
1870
1890
1875
1869
1838
1869
1841
1845
1876
1877
1834
1841
1837
1839
1853
1892
1836
1837
1865
1897
1870
1835
1836
1829
1839
1864
1837
1834
1839
1876
1842
1865
1833
1873
1870
1841
1838
1842
1868
1861
1841
1853
1844
1869
1836
1836
1864
1857
1830
1835
1837
1873
1833
1836
1838
1840
1835
1863
1838
1836
1838
1867
1832
1834
1866
1841
1835
1833
1837
1873
1871
1835
1892
1837
1834
1977
1904
1843
1924
1911
1831
1835
1840
1861
1836
1841
1831
1916
1839
1875
1835
1831
1839
1865
1836
1838
1835
2091
1867
1831
1830
1841
1831
1841
1830
1870
1844
1863
1981
1870
2820
1889
2111
1873
1835
1866
1872
1842
1840
1869
1842
1865
1881
1836
1834
1832
1834
1839
1870
1870
1871
1867
1874
2353
1861
1865
1837
1835
1840
1836
1834
1831
1866
1835
1839
1827
1871
1905
1864
1867
1889
1838
1873
1843
1890
1836
1842
1835
1835
1836
1872
1835
1841
1839
1866
1835
1830
1844
1876
1834
1905
1838
1831
1841
1841
1837
1866
1843
1836
1834
1835
1873
1882
1866
1833
1897
1832
1836
1838
1840
1886
1836
1861
1871
1834
1841
1836
1843
1921
1864
1836
2807
1830
1837
1836
1861
2548
1838
1835
1835
1847
1837
1830
1837
1836
1898
1874
1836
1898
1833
1867
1836
1840
1877
1832
1837
1829
1886
1840
1834
1828
1890
1839
1835
1832
1866
1874
1868
1832
1873
1839
1862
1866
1833
1859
1839
1861
1872
1860
1842
1911
1837
1877
1897
1890
1840
1865
1835
1870
1895
1838
1871
1837
1869
1840
1837
1870
1870
1866
1864
1864
1865
1835
1836
1870
1834
1835
1860
1893
1895
1835
1840
1838
1896
1835
1839
1832
1868
1871
1871
1862
1866
1826
1866
1836
1832
1903
1834
1837
1838
1841
1843
1840
1867
1841
1867
1875
1883
1835
1856
1891
1831
1835
1838
1836
1880
1856
2004
1833
1836
1838
1843
1861
1834
1887
1876
1836
1842
1876
1838
1868
1849
1837
1864
1884
1869
1837
1840
1867
1838
1837
1868
1840
1837
1866
1868
1836
1869
1836
1867
1865
1840
1835
1869
1832
1831
1840
1838
1841
1840
1839
1926
1839
1836
1840
1841
1883
1831
1843
1890
1871
1869
1904
1869
1924
1865
1869
1832
1833
1842
1842
1837
1871
1830
1839
1877
1862
1884
1853
1886
2313
1882
1883
1862
1868
1869
1868
1833
1846
1871
1838
1832
2141
1840
1841
1837
1859
1883
1859
1841
1837
1839
1855
1839
1834
1838
1837
1874
1840
1867
1872
1873
1836
1874
1841
1870
1843
1875
1842
1842
1868
1870
1836
1842
1874
1837
1830
1836
1921
1923
1924
1840
1874
1832
1862
1899
1842
1865
1835
1861
1837
1864
1868
1860
1832
1866
1836
1841
1833
1838
1893
1838
1869
1840
1870
1881
1836
1871
1840
1872
1827
1837
1869
1868
1833
2602
1869
1863
1856
1835
1838
1839
1840
1839
1881
1868
1840
1835
1867
1880
1845
1858
1830
1842
1834
1872
1860
1839
1861
2537
1838
1874
1834
1834
1837
1834
1835
1873
1834
1863
1832
1838
1861
1837
1836
1877
1830
1866
1887
1830
1885
1835
1835
1842
1867
1879
1891
1834
1843
1835
1880
1873
1839
1871
1844
1843
1838
1932
1837
1841
1839
1839
1831
1839
1836
1841
1835
1835
1874
1863
1866
1870
1838
1912
1836
1832
1877
1840
1836
1837
1875
1872
1834
1832
1834
1837
1838
1837
1884
1878
1870
1878
1884
1870
1865
1877
1836
1865
1869
1841
1872
1834
1834
1914
1839
1828
1842
1856
1839
1846
1866
1833
1870
1839
1895
1866
1865
1837
1837
1877
1869
1878
1870
1838
1844
1872
1836
1844
1873
1863
1864
1839
1875
1865
1837
1830
1837
1835
1837
1872
1855
1924
1839
1834
1836
1869
1869
1833
1831
1870
1837
1838
1871
1873
1840
1834
1842
1851
1868
1864
1858
1872
1843
1886
1840
2657
1870
1862
1839
1836
1830
1868
1866
1879
1839
1840
1879
1840
1840
1841
1850
1838
1838
1832
1833
1869
1836
1835
1864
1835
1874
1839
1835
1831
1875
1871
1856
1837
1864
1840
1865
1843
1865
1866
1837
1876
1870
1839
1863
1842
1873
1834
1839
1842
1863
1866
1842
1841
1837
1836
1838
1835
1832
1840
1835
1835
1832
1834
1839
1889
1833
1832
1836
1862
1836
1839
1833
1868
1838
1841
1847
1842
1862
1834
1865
1873
1864
1837
1836
1864
1841
1869
1832
1835
1838
1840
1837
1866
1834
1868
1868
1835
1844
1832
1831
1864
1837
1904
1837
1834
1877
1837
1836
1871
1850
1869
1870
1841
1839
1839
1834
1842
1839
1832
1839
1840
1920
1832
1851
1870
1832
1836
2164
1845
1835
1862
1840
1849
1840
1868
1862
1912
1840
1867
1839
1839
1841
1866
1839
1840
1837
1832
1870
1922
1832
1830
1843
1836
1837
1833
1870
1881
1837
1865
1834
1865
1868
1830
1862
1867
1835
1865
1845
1832
1874
1871
1845
1874
1839
1834
1873
1838
1862
1866
1873
1839
1840
1970
1833
1864
1834
1837
1870
1835
1837
1839
1876
1881
1835
1842
1874
1833
1891
1833
1832
1865
1874
1863
1841
1844
2932
1869
1835
1839
1865
1856
1893
1834
2532
1869
1837
2070
1836
1841
1894
1866
1870
1872
1837
1838
1840
1870
1838
1835
1837
1867
1837
1831
1832
1867
1838
1905
1845
1831
1889
1839
1866
1831
1872
1839
1894
1839
1864
1873
1866
1836
1837
1869
1835
1874
1869
1840
1900
1837
1839
1898
1836
1839
1831
1870
1882
1864
1832
1867
1871
1837
1876
1841
1877
1838
1844
1833
1925
1911
1868
1869
1861
1876
1841
1845
1869
1866
1830
1884
1838
1840
1832
1864
1835
1841
1887
1839
1839
1837
1832
1873
1868
1830
1836
1841
1886
1872
1877
1916
1841
1838
1835
1832
1838
1841
1842
1855
1830
1835
1832
1837
1844
1838
1909
1831
1887
1834
1844
1862
1838
1859
1831
1861
1835
1894
1841
1871
1831
1877
1835
1841
1863
1834
1841
1834
1839
1834
1872
1837
1835
1839
1865
1838
1865
1862
1857
1886
1836
1830
1839
1861
1873
1836
1877
1838
1831
1883
1874
1878
1842
1871
1837
1838
1838
1867
1834
1836
1865
1835
1866
1840
1841
1892
2455
1841
1837
1834
1837
1833
1827
1837
1838
1840
1832
1833
1869
1831
1870
1835
1848
1840
1835
1831
1837
1897
1872
1827
1825
1835
1869
1863
1835
1850
1874
1841
2420
1835
1841
1838
1883
1833
1923
1838
1837
1836
1869
1832
1878
1841
1843
1836
1892
1838
1839
1906
1835
1835
1870
1837
1834
1840
1836
1835
1866
1840
1851
1835
1835
1833
1861
1865
1840
1838
1836
1867
3431
1840
1828
1839
1870
1837
1836
2315
1841
1837
1868
1840
1841
1872
1835
1871
1868
1875
1835
2192
1842
1832
1880
1871
1885
1839
1836
1830
1837
1871
1867
1837
1865
1841
1843
1861
1832
1838
1840
1835
1838
1829
1837
1867
1829
1844
1843
1836
1842
1834
1840
1840
1835
1836
1838
1837
1867
1831
1837
1868
1878
1926
1843
2587
1832
1866
1835
1835
1885
1835
1837
1841
1873
1885
1870
1831
1839
1874
1853
1856
1835
1841
1832
1876
1872
1908
1836
1832
1831
1842
1839
1843
1876
1838
1835
1861
1832
1838
1841
2668
1839
1884
1863
1872
1856
1838
1835
2425
1832
1868
1841
1867
1838
1870
1837
1834
1831
1876
1870
1838
1834
1837
1838
1864
1886
3434
1868
1838
1838
1837
1863
1829
1890
1866
1838
1888
1849
1835
1863
1835
2033
1832
1838
1876
1876
1833
1862
1837
1838
1873
1873
1871
1837
1836
1874
2657
1890
1840
1836
1861
1834
1836
1866
1873
1861
1841
1857
1841
1863
1836
1841
3268
1837
1835
1830
1860
1871
1833
1870
1834
1861
1836
1839
1836
1866
1843
1842
1842
1838
1837
1869
1842
1831
1845
1831
1836
1840
1834
1838
1839
1832
1839
1873
1834
1834
1882
1837
1839
1835
1855
1877
1837
1838
1865
1862
1864
1875
1835
1839
1835
1872
1835
1873
1832
1865
1834
1846
1876
1868
1838
1832
1843
1835
1838
1841
1832
1834
1903
1852
1839
1833
1835
1872
1868
1842
1862
1837
1866
1837
1874
1862
1836
1841
1834
1836
1835
1865
1832
1840
1834
1869
1862
1866
1839
1841
1837
1834
1837
1837
1883
1834
1868
1869
1869
1838
1867
1838
1867
1918
1841
1837
1847
1913
1867
1853
1841
1838
1868
1843
1839
1893
1841
1833
1867
1851
1836
1866
1838
1866
1859
1834
1868
1841
1866
1841
1877
1861
1843
1867
1887
1837
1839
1845
1852
1838
1836
1835
1843
1834
1870
1838
1868
1942
2437
1836
1833
1832
1867
1837
1834
1839
1831
1841
1876
1832
1828
1907
1841
1840
1837
1868
1864
1837
1836
1833
1840
1891
1861
1845
1837
1875
1871
1826
1838
1842
1838
1839
1837
1862
1839
1829
1860
1871
1868
1848
1869
1861
1839
1908
1838
1868
1902
1874
1855
1874
1862
1866
1839
1836
1836
1839
1837
1871
1838
1842
1835
1834
1872
1834
1863
1876
1870
1859
1835
1868
1842
1839
1862
1871
1832
1834
1855
1870
1838
1867
1838
1832
1834
1836
1869
1839
1833
1841
1849
1837
1866
1872
1870
1867
1838
1835
1835
1837
1844
1886
1858
2838
1836
1841
1844
1878
1858
1866
1870
2792
1844
1836
1869
1834
1835
1872
1842
1840
1833
1901
1841
1836
1836
1837
1831
1863
1915
1840
1840
1842
1843
1831
1864
1832
1836
1865
1861
1837
1865
1840
1839
1839
1832
1833
1833
1867
1837
1863
1838
1869
1834
1833
1836
1868
1867
1839
1833
1836
1889
1829
1842
1837
1834
1875
1882
1872
1837
1897
1837
1835
2511
1866
1842
1839
1840
1835
1870
1840
1838
1829
2038
1828
1840
1832
1843
1912
1839
1832
1840
1836
1836
1832
1832
1833
1892
1833
1871
1828
1837
1873
1869
1867
1857
1834
1836
1868
1864
1840
1837
1841
1865
1857
1839
1868
1833
1832
1881
1880
1859
1839
1862
1890
1873
1838
1838
1870
1840
1865
1867
1834
1837
1839
1834
1889
1866
1861
1865
1841
1934
1840
1859
1839
1888
1840
1838
1839
1841
1836
1866
1864
1839
1840
3063
1837
1892
1831
1869
1832
1835
1835
1841
1837
1849
1835
1832
1905
1837
1836
1846
1839
1852
1872
1842
1840
1833
1835
1842
1863
1842
1838
1831
1834
1840
1834
1831
1863
1839
1866
1873
1829
1855
1896
1838
1869
1842
1871
1861
1837
1872
1841
1907
1861
1837
1834
1892
1838
1838
1883
1935
1885
1837
1868
1841
1841
1928
1890
1840
1836
1892
1896
1880
1836
1891
1836
1868
1835
2088
1893
1887
1837
1890
1836
1904
1831
2326
1872
1836
1839
1840
1840
1867
1866
1886
1872
1846
1838
1873
1835
1839
1838
1830
1852
1837
1870
1877
1837
1838
1833
1872
1866
1840
1837
1842
1840
1868
1838
1842
1838
1835
1889
1865
1840
1859
2417
1838
1878
1835
1837
1830
1876
1832
1878
1839
1840
1834
1835
1895
1842
1836
1837
1840
1837
1835
1836
1833
1836
1834
1866
1831
1849
1831
1841
1841
1869
1859
1903
1866
1831
1864
2520
1837
1836
1836
1867
1870
1898
1831
1915
1836
1842
1833
1914
1840
1835
2539
1843
1840
1832
1841
1841
1874
1837
1838
1831
1831
1862
1836
2893
1876
1838
1835
1839
1835
1872
1835
1837
1842
1837
1834
1854
1883
1870
1832
1882
1836
1841
1831
1871
1867
1836
1836
1886
1836
1858
1864
1873
1863
1872
1830
1836
1832
1860
1875
1838
1834
1897
1874
1838
1837
1837
1846
1845
1872
1868
2310
1872
1870
1835
1846
1831
1871
1862
1837
1840
1837
1839
1911
1868
1836
1886
1832
1836
1893
1841
1832
1868
1835
1835
1837
1866
1872
1837
1837
1872
1838
1881
1842
1838
1849
1842
1879
1895
1901
2315
1836
1858
1876
1835
1869
1837
1872
1831
1838
1868
1836
1840
1864
1899
1867
1863
1840
1839
1844
1835
1871
1839
1900
1831
1838
1867
1855
1839
1894
1841
1843
1834
1837
1893
1869
1832
1866
1876
1864
1831
1891
1836
1841
1913
1893
1878
1873
1885
1844
1840
1833
1840
1836
1865
1863
1868
1867
1873
1837
1872
1832
1842
1879
1869
1923
1831
1865
1840
1864
1835
1846
1838
1837
1900
1838
1837
1856
1839
1838
1839
1840
1890
1842
1837
1834
1835
1834
1831
2237
1837
1838
1869
1868
1898
1837
1840
1848
1860
1872
1868
1839
1839
1835
1865
1838
1838
1841
1868
1833
1860
1841
1838
1868
1836
1839
1849
1835
1838
1894
1835
1839
1837
1841
1872
1836
1839
1842
1876
1842
2485
1833
1837
1835
1831
1832
1828
1900
1837
1834
1872
2016
1918
1868
1839
1843
1840
1840
1854
1841
1842
1921
1861
1835
1831
1852
1875
1839
1838
1885
1872
1843
1863
1938
1870
1843
1899
1835
1878
1840
1835
1832
1837
1848
1830
1911
1872
1866
1836
1838
1884
1831
1872
1882
1837
1895
1858
1838
1836
1840
1875
1881
1915
1866
1867
1865
1844
1841
1897
1839
1833
1855
1873
1842
1841
1864
1831
1864
1837
1886
1836
1897
1834
1874
1881
1836
1838
1833
1832
1843
1865
1867
1835
1829
1914
1839
1859
1840
1862
1833
1839
1838
1863
1841
1864
1836
1868
1833
1840
1869
1873
1869
1928
1867
1831
1866
1833
1839
1836
1835
1839
1836
1833
1839
1872
1875
1845
1832
1898
1833
1834
1872
1836
1869
1869
1842
1840
1836
1843
1870
1869
1837
1879
1861
1841
1832
1837
1869
1865
1882
1840
1839
1837
1831
1866
1866
1836
1837
1838
1841
1837
1889
1872
1840
1839
1921
1876
1838
1838
1868
1869
1905
1839
1841
1837
1830
1837
1840
1873
2414
1843
1865
1836
1837
1880
1835
1837
1846
1898
1854
1836
1873
1839
1834
1832
1840
1862
1831
1835
1842
1840
1833
1867
1837
1843
1865
1844
1902
1871
1866
1869
1863
1846
1936
1841
1844
1872
1835
1834
1890
1866
1870
1837
1835
1840
1831
1860
1869
1868
1835
1836
1834
1888
1838
1836
1838
1875
1837
1845
1868
1871
1837
1838
1841
1838
1837
1830
1843
1841
1841
1838
1836
1849
1850
1892
1891
1879
1873
1834
2448
1873
1869
1862
1867
1838
1866
1883
1870
3373
1836
1839
1841
1838
1865
1875
1839
1829
1861
1837
1840
1833
1842
1842
1871
1836
1835
1837
1835
1836
1880
1839
1836
1855
1895
1872
1875
1888
1851
1837
1841
1845
1838
1837
1838
1859
1827
1839
1834
1862
1874
1867
1836
2023
1888
1873
1836
1865
1881
1837
1868
1836
1840
1847
1840
1836
1838
1869
1878
1837
1875
1836
1837
1832
1836
1841
1870
1839
1842
1875
1837
1871
1835
1837
1835
1845
1839
1832
1862
2000
1892
1836
1837
1834
1837
1830
1838
1875
1828
1839
1866
1866
1861
1854
1865
1839
1833
1842
1871
1872
2569
1871
1827
1865
1846
1834
1833
1838
1867
1834
1858
1892
1841
1840
1872
1887
1835
1836
1832
1835
1837
1865
1875
1865
1835
1865
1873
1834
1835
1868
1867
1830
1831
1831
1838
1841
1834
1868
1871
1868
1832
1838
1862
1876
1874
1904
1837
1834
1835
1872
1845
1832
1859
1837
1844
1838
1876
1838
1832
1835
1836
1869
1829
1839
1866
1830
1866
1866
1868
1844
1829
1829
1838
1853
2037
1838
1833
1831
1866
1833
1841
1839
1867
1840
1834
1838
1840
1896
1839
1872
1846
1872
1863
1871
1839
1864
1838
1842
1837
1843
1836
1835
1882
1850
1836
1867
1836
1840
1831
1880
1974
1893
1836
1835
1871
1834
1832
1838
1883
1840
1832
1833
1841
1841
1876
1842
1859
1841
1832
1834
1852
1860
1839
1865
1838
1835
1857
1835
1874
1842
1872
1842
1837
1889
1878
1899
1835
1834
1869
1835
1865
1836
1836
1842
1884
1839
1843
1831
1866
1842
1830
1884
1891
1905
1835
1842
1870
1869
1833
1841
1850
1837
1879
1839
1846
1835
1892
1843
1870
1834
1834
1836
1835
1837
1837
1864
1884
1842
1835
1841
1832
1952
1920
1855
1842
1842
1841
1871
1903
1958
1833
1851
1882
1877
1837
1860
1873
2075
1838
1834
1833
1833
1870
1851
1864
1841
1842
1886
1839
1848
1836
1865
1923
1832
1853
1833
1841
1873
1874
1886
1841
1835
1831
1867
1850
1837
1833
1886
1868
2259
1883
1836
1836
1868
1837
1860
2323
1844
1841
1842
1869
1865
1863
1841
1863
1868
1830
1862
1830
1841
1835
1859
1869
1871
1834
1869
1830
1831
1859
1840
1837
1841
2088
1872
1872
1835
1839
1832
1840
1873
1865
1842
1835
1839
1838
1842
1875
1869
1922
1865
1897
1837
1870
1846
1831
1877
1865
1839
1838
1867
1837
1867
1863
1838
1841
1841
1867
1831
1886
1895
1839
1837
1836
1831
1869
1869
2110
1839
1839
1838
1870
1873
1843
1881
1836
1837
1835
1836
1871
1869
1837
1871
1843
1871
1839
1831
1838
1839
1908
1833
1836
1838
1862
1842
1838
1872
1863
1840
1833
1838
1838
1836
1837
1844
1867
1841
1839
1838
1839
1834
1868
1829
2387
1841
1872
1841
1841
1843
1923
1831
1871
1883
1844
1831
1831
1831
1835
1834
1849
1901
1891
1866
1935
1872
1874
1840
1990
1838
1892
1926
1897
1839
1832
1905
1840
1830
1837
1837
1866
1838
2309
1844
1837
1835
1866
1863
1837
1843
1836
1858
1871
1873
1834
1873
1827
1871
1836
1866
1836
2485
1865
1836
1833
1841
1870
1864
1840
1834
1836
1838
1869
1842
1843
1875
1831
1839
1864
1866
1841
1839
1840
1865
1871
1868
2143
1865
1837
1868
1869
1869
1839
1840
1922
1838
1857
1842
1839
1870
1839
1836
1835
1867
1840
1838
1839
1838
1835
1837
1839
1873
1874
1873
1913
1866
2049
1866
1836
1871
1836
1841
1861
1866
1840
1835
1840
1923
1840
1841
1862
1866
1872
2856
1839
1837
1867
1834
1867
1837
1868
1841
1841
1872
1872
1940
1838
1873
1864
1834
1842
1840
1840
1839
1841
2327
2770
1871
1889
1843
1837
1835
1883
1837
1840
1873
1871
1864
1838
1837
1881
1838
1876
1881
1876
1836
1865
1914
1839
1831
1839
1837
1834
1892
1835
1871
1868
1840
1836
1873
1872
1842
1843
1861
1836
1842
1876
1839
1869
1832
1868
1936
1840
1844
1865
1836
1847
1848
1866
1872
1836
1873
1849
1839
1872
1837
1833
1839
1839
1870
1928
1836
1830
1871
1840
1840
1871
1833
1836
1862
1837
1864
1840
1836
1848
1860
1835
1837
1838
1832
1834
1838
1890
1835
1866
1841
1841
1871
1841
1874
1865
1838
1885
1832
1868
1842
1920
1837
1906
1872
1867
1873
1871
1835
1830
1888
1828
1838
1834
1836
1841
1865
1833
1836
1841
1834
1839
1863
1891
1836
1871
1877
1864
1839
1839
1870
1835
1887
1839
1890
1869
1838
1865
1837
1872
1830
1837
1863
1876
1986
1833
2341
1839
1865
1878
1871
1870
1840
1834
1832
1868
1865
1838
1842
1840
1843
1870
1867
1843
1836
1843
1841
1836
1842
1868
1906
1869
1865
1840
1841
1864
1838
1859
1837
1837
1875
1836
1832
1837
1883
1832
1866
1838
1835
1918
1842
1840
1889
1842
1868
1864
1845
1838
1884
1862
1867
1837
1837
1832
1836
1841
1841
1865
1833
1869
1838
1835
1836
1836
1836
1837
1833
1832
1874
1836
1842
1865
1834
1836
1834
1871
1868
1830
1841
1836
1834
1831
1840
1837
1874
1838
1839
1871
1916
1844
1847
1837
1839
1836
1838
1873
1842
1861
1838
1836
1837
1832
1865
1838
1831
1835
1861
1865
1879
1835
1838
1875
1836
1872
1837
1843
1835
1834
1876
1835
1836
1870
1873
1837
1838
1836
2288
1876
1866
1841
1871
1834
1866
1839
1937
1841
1868
1919
1865
1872
1873
1839
1837
1835
1834
1871
1840
1839
1840
1838
1882
1842
1840
1871
1861
1842
1877
1879
1842
1950
1839
1861
1830
1833
1841
1841
1833
1867
1839
1888
1930
1868
1841
1840
1840
1833
1838
1841
1834
1836
1845
1834
1842
1837
1840
1831
1864
1837
1838
1840
1835
1862
1835
1872
1842
1827
1870
1837
1840
1839
1840
1847
1834
1868
1864
1836
1833
1877
1842
1866
1877
1841
1859
1837
1877
1840
1836
1904
1836
1843
1835
1834
1834
1858
1840
1864
1841
1839
1837
1831
1838
1836
1832
1839
1866
1835
1899
1874
1841
1845
1867
1865
1869
1922
1925
1842
1867
1866
1840
1895
1835
1838
1840
1864
1836
1862
1837
1872
1838
1839
1837
1868
1873
1843
1831
1831
1869
1833
1841
1836
1834
1874
1839
1838
1828
1869
1839
1838
1877
1839
1836
1916
1832
1864
1839
1903
1840
1883
1835
1834
1836
1899
1837
1884
1838
1864
1868
1835
1899
1878
1828
1865
1836
1863
1842
1866
1869
2244
1843
1833
1843
1870
1831
1827
1867
1834
1889
1834
1834
1831
1837
1866
1868
1866
1853
1875
1865
1834
1838
1835
1904
1840
1839
1833
1843
1875
1873
1866
1841
1841
1837
1869
1836
1836
1863
1871
1833
1869
1834
1837
1827
1839
1862
1831
1883
1837
1832
1835
1865
2266
1838
1843
1836
1834
1867
1856
1874
1839
1900
1874
1841
1837
1837
1848
1834
1841
1837
1870
1913
1839
1866
1842
1836
1862
1839
1866
1841
1831
1830
1831
1874
1890
1835
1838
1839
1872
1834
1835
1841
1837
1838
1835
1860
1881
1842
1837
1842
1844
1886
1869
1873
1883
1866
1850
1945
1835
1840
1877
1844
1841
1836
1874
1870
1836
1896
1833
1838
1883
1842
1832
1831
1838
1837
1846
1834
1838
1835
1884
1895
1843
1839
1857
1836
1836
1840
1842
1864
1838
1840
2399
1865
1871
1835
1839
1835
1836
1866
1832
1836
2094
1839
1868
1838
1839
1870
1837
1913
1837
1838
1831
1842
1864
1841
1838
1869
1868
1836
1833
1828
1873
1839
1868
1833
1850
1836
1830
1870
1835
1843
1843
1838
1831
1838
1837
1836
1839
1833
1841
1836
1836
1836
1838
1834
1837
1872
1838
1831
1863
1882
1866
1829
1835
1890
1842
2150
1830
1858
1869
1841
1855
1836
1843
1868
1884
1843
1884
1836
1832
1872
1865
1842
1838
1841
1893
2368
1830
1880
1838
1860
1866
1903
1835
1869
1870
1881
1832
1871
1864
1870
1839
1837
1867
1835
1836
1837
1919
1840
1867
1873
1847
1834
1873
1831
1836
1833
1841
1876
1829
1832
1840
1866
1867
1832
1868
1835
1839
1910
1865
1836
1839
1883
1840
1836
1840
1867
1835
1868
1841
1841
1842
1879
1868
1837
1933
1836
1867
1840
1840
1841
1837
1880
1873
1884
1839
1841
1867
1835
1835
1892
2501
1834
1841
1867
1837
1839
1835
1839
1832
1836
1872
1836
1844
1866
1873
1841
1852
1869
1837
1876
1872
1841
1866
1859
1867
1837
1839
1868
1864
1833
1832
1838
1838
1864
1882
1833
1835
1932
1868
1847
1915
1874
1876
1905
1866
1838
1849
1847
1875
1834
1837
1839
1839
1831
1878
1834
1883
1871
1868
1874
1841
1883
1832
1872
1841
1836
1833
1835
1840
1867
1860
1884
1836
1833
1834
1866
1840
1840
1873
1840
1875
1888
1857
1902
1837
1836
1876
1844
1873
1871
1828
1842
1838
2491
1882
1915
1910
1836
1835
1870
1840
1835
1837
1873
1864
1835
1843
1834
1865
1832
1839
1834
1909
1840
1831
1871
1897
1864
1828
1838
1839
1841
1842
1832
1870
1871
1835
1889
3161
1837
1872
1834
1834
1840
1873
1870
1834
1887
1838
1846
1868
1896
1834
1868
1843
1882
1837
2648
1834
1832
1844
1869
1871
1836
1974
1859
1864
1865
1832
1830
1831
1839
1838
1868
1836
1841
1866
1840
1865
1835
1867
1866
1832
1887
1842
1850
1835
1860
1838
1834
1948
1844
1875
1873
1838
1861
1873
1867
1831
1925
1862
1846
1866
1888
1841
1834
1874
1870
1866
1874
1839
1843
1838
1838
1839
1839
1838
1836
1834
1830
1870
1874
1856
1832
1843
1838
1834
1867
1838
1852
1831
1871
1883
1841
1831
1837
1866
1877
1872
1874
1837
1867
1869
1840
1920
1884
1893
1865
1838
1859
1841
1831
1835
1864
1837
1838
1978
1834
1835
1835
1836
1861
1839
1841
1834
1870
1837
1831
1836
2913
1835
1870
1838
1841
1837
1845
1872
1834
1839
1952
1862
1836
1841
1841
1864
1841
1843
1839
1827
1845
1834
1843
1870
1882
1832
1864
1837
1863
1881
1886
1851
1879
1832
1874
1837
1842
1837
1869
1869
1840
1836
1840
1916
1889
1832
1839
1834
1891
1839
1838
1834
1887
1839
1836
1835
1834
1843
1892
1838
1840
1837
1839
1873
1838
1870
1841
1863
1831
1860
1831
1838
1873
1842
1835
1832
1884
1871
1839
1838
1864
1838
1832
1839
1893
1871
1838
1834
1839
1841
1833
1835
1835
1838
1873
1864
1866
1870
1864
1857
1862
1841
1837
1840
1871
1839
1828
1833
1865
1864
1838
1845
1867
1869
1864
1834
1832
1841
1839
1873
1866
1839
1836
1871
1833
1872
1836
1873
1837
1837
1836
1870
1841
1837
1877
1861
1838
1839
1866
1872
2445
1831
1871
1896
1835
1838
1835
1862
1858
1894
1839
1846
1831
1841
1838
1862
1886
1833
1895
1835
1836
1833
1882
1908
1931
2039
1834
1869
1866
1842
1861
1847
1841
1870
1868
1836
1868
1832
1834
1868
1860
1833
1896
1836
1879
1921
1834
1866
1868
1838
1840
1836
1839
1836
1878
1864
1884
1865
1869
1863
1829
1838
1838
1873
1864
1830
1836
1836
1840
1866
1865
1840
1868
1866
1840
1836
1853
1835
1841
1882
1921
1832
1859
1839
1831
1873
1872
1866
1877
1840
1840
1871
1841
1889
1864
1861
1841
1918
1864
1845
1837
1868
1845
1840
1837
1842
1839
1854
1839
1840
1838
1837
1877
1884
1870
2516
1835
2260
1866
1836
1841
1896
1837
1879
1842
1836
1872
1871
1840
1839
1841
1893
2250
1833
1860
2084
1892
1865
1836
1840
1861
1840
1835
1837
1836
1832
1834
1886
1856
1837
1872
1836
1838
1836
1873
2076
1870
1842
1841
1867
1840
1831
1839
1834
1865
1831
1842
1835
1838
1873
1867
1848
1866
1834
1843
1835
1842
1838
1839
1865
1869
1868
1834
1864
1935
1876
1839
1837
1873
1913
1870
1888
1889
1835
1833
1831
1840
1834
1839
1844
1874
1835
1859
1836
1827
1840
1869
1837
1831
1868
1905
1855
1861
1868
1833
1896
1834
1828
1870
1841
1897
1867
1839
1838
1844
1869
1839
1841
1896
1872
1839
1835
1855
1835
1969
1842
1839
1864
1839
1840
1867
1840
1834
1841
1862
1837
1873
1871
1874
1873
1837
1837
1874
1868
1936
1843
1836
1838
1839
1830
1867
1864
2195
1836
1926
1840
1831
1861
1912
1849
1831
1839
1836
1859
1841
1863
1869
1930
1837
1838
1867
1831
1832
1828
1838
1839
1865
1879
1841
1836
1874
1840
1870
1835
1837
1831
1830
1836
1864
3302
1838
1839
1839
1842
1862
1837
1838
1843
1837
1923
1835
1836
1901
1835
1844
1917
1837
1836
1890
1840
1835
1868
1843
1880
1834
1868
1904
1838
1827
2923
1853
1837
1842
1835
1838
1833
1838
1934
1834
1871
1882
1834
1841
1862
1839
1871
1838
1900
1893
1902
1840
1832
1915
1867
1841
1844
1842
1872
1864
1864
1866
1830
1833
1837
1865
1839
1840
1831
1840
1868
1845
1838
1840
1840
1836
1839
1829
1831
1838
1873
1835
1868
1878
1873
1832
1870
1841
1872
1827
1838
1842
1838
1871
1833
1843
1835
1836
1837
1836
1840
1836
1842
1837
1830
1839
1840
1861
1831
1836
1832
1874
1871
1840
1842
1843
1840
1831
1839
1841
1832
1866
1840
1838
1867
1883
1845
1846
1842
1838
1913
1836
1834
1839
1830
1870
1835
1841
1868
1845
1837
1873
1838
1875
1867
1890
1843
1894
1842
1919
1871
1863
1867
1858
1838
1836
1834
1833
1842
1839
1888
1871
1863
1875
1834
1839
1848
1842
1836
1834
1838
1829
1851
1841
1872
1840
1831
1837
1870
1866
1837
1939
1892
1833
1912
1836
1834
1837
1878
1899
1841
1831
1836
1865
1865
1869
1839
1842
1842
1904
1887
1847
1841
1838
1844
1841
1843
1871
1838
1834
1837
1839
1884
1867
1836
1832
1837
1831
1834
1834
1868
1837
1842
1830
1879
1836
1841
1842
1834
1873
1869
1841
1833
1836
1831
1872
1879
1835
1833
1893
1874
1845
1860
1831
1835
1870
1841
1833
1854
1839
1895
1838
1835
1835
1903
1836
1838
1838
1840
1881
1836
1827
1873
1843
1870
1833
1972
1865
1836
1845
1838
1837
2670
1871
1832
1840
1837
1831
1892
1841
3287
1870
1864
1892
1866
1839
1839
1837
1836
1848
1858
1837
1828
1891
1834
1838
1835
1832
1866
1841
1836
1862
1838
1860
1843
1866
1840
1869
1849
1841
1839
1833
1836
1849
1863
1876
1832
1837
1831
1831
1863
1842
1888
1864
1867
1856
2847
1838
1834
1836
1832
1837
1839
1866
1836
1863
1837
1863
1832
1893
1840
1864
1836
1852
1836
1863
1831
1866
1868
1856
1836
1841
1837
1871
1838
1835
1870
1839
1877
1839
1835
1867
1834
1840
1840
1833
1839
1834
1843
1840
1836
1891
1829
1869
1836
1834
1871
1915
2146
1838
1865
1860
1890
1827
1836
1876
1867
1902
1875
1857
1834
1833
1910
1860
1834
1841
1841
1839
1835
1837
1864
1867
1893
1894
1918
1867
1835
1880
1839
1867
1836
1837
1840
1875
1840
1836
1839
1913
1835
1842
1853
1834
1837
1873
1843
1841
1915
1878
1879
2000
1827
1884
1835
1835
1868
1833
1838
1868
1841
1832
1833
1838
1890
1838
1860
1843
1838
1878
1841
1854
1883
1867
1864
1880
1836
1893
1837
1860
1872
1833
1897
1868
1869
1838
1833
1865
1842
1833
1909
1836
1876
1834
1912
1836
1840
1871
1874
2205
1867
1835
1835
1932
1883
1836
1866
1836
1836
1837
1928
1837
1892
1869
1901
1864
1833
1840
1835
1835
1840
1888
1837
1869
1866
1834
1832
1831
1909
1891
1863
1833
1836
1835
1848
1829
1832
1841
1835
1829
1835
1867
1838
1831
1861
1835
1875
1832
1831
1832
1836
1841
1833
1842
1875
1834
1839
1858
1841
1836
2182
1872
1840
1868
1875
1835
1880
1835
1869
1871
1829
1865
1841
1833
1833
1868
1892
1894
1836
1834
1836
1835
1836
1839
1834
1865
1842
1869
1841
1834
1835
1870
1865
1835
1838
1873
1835
1837
1834
1839
1874
1839
1864
1837
1840
1873
1841
1838
1836
1840
1839
1837
1837
1835
1837
1869
1837
1835
1840
1834
1867
1886
1841
1878
1862
1906
1840
1838
1864
2068
1837
1841
1869
1835
1840
1854
1869
1835
1839
1887
1868
1867
1869
1837
1839
1865
1842
1838
1839
1832
1873
1880
1835
1842
1831
1837
1839
1875
1867
1839
1917
1871
1900
1837
1866
1835
1876
1835
1835
1835
1837
1874
1833
1833
1847
1835
1840
1833
1838
1864
1839
1839
1889
1840
1846
1878
1835
1835
1834
1835
1838
1921
1840
1834
1831
1838
1869
1869
1862
1867
1882
1838
1866
1872
2613
1897
1839
1837
1869
1860
1837
1833
1833
1838
1840
1890
1840
1836
1873
1860
1843
1860
1876
1877
1835
1873
1831
1836
1834
1838
1866
1862
1837
1842
1855
1836
1868
1926
1870
1836
1880
1837
1854
1841
1906
1837
1841
1840
1832
1842
1837
1834
1837
1871
1834
1864
1835
1836
1837
1839
1837
1839
1834
1869
1867
1838
1837
1832
1867
1844
1870
1835
1888
2033
1866
1840
1862
1838
1873
1873
1871
1839
1827
1917
1850
1849
1835
1836
1841
1871
1845
1835
1832
1837
1839
1834
1869
1870
1877
1840
1879
1832
1842
1839
1841
1834
1883
1840
1879
1841
1834
1837
1862
1840
1838
1834
1839
1836
1832
1832
1866
1871
1844
1835
1837
1860
1839
1839
1835
1835
1835
1835
1844
1872
1836
1887
1865
1874
1842
1869
1830
1835
1909
1878
1876
1873
1931
1840
1833
1839
1838
1877
1836
1871
1827
1858
1837
1864
1873
1865
1836
1840
1868
1829
1837
1837
1841
1864
1873
1833
1847
1863
1868
1860
1835
1865
1847
1871
1831
1879
1833
1834
1836
1864
1839
1830
1861
1938
1836
1839
1837
1866
1885
1871
1874
1838
1838
1840
1876
1841
1836
1873
1835
1862
1874
1842
2383
1865
1831
1843
1837
1832
1843
1837
1870
1867
1886
1837
1837
1839
1873
1837
1876
1836
1879
1829
1865
1841
1838
1837
1837
1863
1833
1865
1840
1846
1836
1836
1841
1837
1842
1876
1866
1863
1868
1868
1842
2020
1842
1829
1886
1836
1869
1836
1874
1831
1834
1835
1835
1857
1837
1872
1850
1839
1839
1835
1869
1834
1836
1837
1869
1873
1831
1831
1862
1832
1892
1845
1942
1896
1866
1869
1839
1838
1869
1837
1839
1866
1863
1836
1840
1836
1874
1842
1838
1839
1899
1838
1867
1868
1837
1834
1834
1866
1841
1888
1872
1885
1829
1839
1921
1838
1844
1840
1842
1841
1844
1841
1838
1869
1838
1842
1869
1837
1868
1863
1866
1878
1832
1840
1911
1868
1870
1865
1840
1839
1883
1853
1835
1839
1881
1975
1845
1841
1869
1837
1837
1857
1840
1870
1836
1838
1873
1868
1833
1880
1835
1865
1863
1868
1874
1872
1840
1839
1859
1882
1896
1868
1835
1869
1836
1840
1840
1870
1841
1838
1835
1838
1833
1868
1841
1877
1839
1834
1840
1868
1869
1863
1835
1891
1882
1927
1839
1870
1869
1837
1865
1893
1834
1832
1840
1872
1840
1838
1837
1868
1835
1832
1841
1840
1876
1838
1839
1869
1872
1929
1836
1838
1831
1838
1839
1839
1850
1832
1840
1873
1869
1839
1840
1842
1838
1936
1844
1834
1875
1833
1838
1842
1842
1836
1870
1839
1832
1840
1918
1871
1864
1833
1835
1836
1837
1838
1835
1871
1873
1842
1836
1836
1835
1835
1830
1833
1863
1832
1835
1911
1841
1837
1838
1842
1842
1835
1834
1832
1833
1840
1840
1832
1870
1833
1867
1837
1844
1844
1840
1828
1834
1879
1839
1838
1838
1833
1843
1838
1888
1834
1837
1835
1836
1839
1840
1843
1873
1874
1872
1837
1838
1838
1880
1905
1836
1837
1868
1845
1849
1837
1834
1840
1834
1871
1889
1926
1844
1837
1844
1890
1839
1863
1861
1868
1868
1831
1837
1836
1872
1839
1871
1872
1871
1870
1833
1833
1833
1838
1842
1871
1841
1835
1881
1883
1842
1835
1867
1838
1836
1844
1837
1834
1838
1831
1879
1838
1832
1838
1872
1867
1834
1867
1916
1836
1831
1841
1849
1834
1870
1839
1953
1916
1830
1872
1842
1833
1836
1835
1877
1875
1838
1831
1833
1856
1835
1875
1869
1891
1870
1875
1845
1838
1842
1842
1863
1903
1836
1834
1832
1838
1839
1840
1835
1835
1836
1840
1869
1841
1831
1838
1840
1836
1832
2680
1904
1834
1866
1890
1864
2518
1888
1868
1883
1869
1922
1844
1871
1864
1923
1837
1838
1875
1841
1846
1838
1837
1876
1837
1866
1844
1828
1838
1867
1841
1836
1868
1839
1839
1871
1837
1829
1834
1840
1840
1835
1840
1840
1833
1890
1841
1841
1839
1862
1867
1834
1837
1840
1858
1835
1845
1868
1866
1873
1868
1837
1869
1833
1841
1842
1834
1869
1883
1856
1836
1866
1853
1870
2692
1836
1835
1872
1832
1835
1836
1870
1835
1863
1867
1841
1883
1864
1838
1836
2475
1836
1837
1890
1832
1836
2186
1832
1842
1838
1874
1871
1844
1836
1892
1834
1880
1828
1834
1869
1862
1905
1842
1838
1868
1845
1843
1872
1840
1869
1835
1843
1838
1859
1863
1840
1901
1841
1846
1839
1844
1837
1859
1838
1849
1833
1874
1835
1836
1834
1866
1842
1868
1859
1840
1890
1867
1832
1897
1832
1870
2064
1835
1840
1841
1952
1861
1911
1837
1839
1936
1837
1867
1834
1874
1833
1834
1859
1836
1841
1838
1842
1835
1872
1841
1838
1834
1834
1834
1861
1836
1901
1841
1872
1869
1841
1872
1832
1841
1832
1865
1870
1873
1871
1835
1836
1868
1833
1895
1830
1851
1863
1916
1867
1855
1880
1840
1879
1835
1834
1831
1866
1838
1908
1833
1882
1837
1832
1831
1836
1837
1838
1876
1839
1835
1833
1869
1835
1869
1872
1837
1842
1844
1833
1869
1837
1837
1833
1866
1841
1838
1835
1838
1835
1842
1838
1832
1868
1871
1838
1836
1836
2204
1837
1836
1839
1838
1832
1838
1835
1838
1888
1838
1841
1937
1872
1839
1873
1870
1888
1873
1868
1842
1922
1836
1860
1842
1864
1837
1869
1868
1835
1838
1871
1840
1860
1846
1841
1845
1838
1871
2463
1868
1845
1838
1847
1839
1843
1834
1835
2013
1856
1886
1833
1868
1837
1870
1840
1869
1839
1885
1841
1841
1837
1833
1836
1831
1939
1839
1835
1874
1837
1843
1868
1836
1835
1866
1836
1843
1839
1842
1839
1874
1839
1864
1836
1872
1878
1837
1841
1837
1842
1842
1840
1837
1839
1837
1837
1836
1862
1870
1860
1865
1836
1831
1861
1871
1840
1868
1837
1834
1840
1841
1866
1905
1837
1843
1839
1838
1840
1843
1833
1871
1843
1871
1841
1894
1933
1828
1870
1830
1844
1870
2196
1841
1889
1867
1831
1833
1839
1839
1872
1840
1863
1868
1833
1865
1835
1867
1831
1832
1847
1887
1864
1864
1866
1873
1864
1830
1881
1870
1874
1870
1842
1832
1835
1865
1836
1842
1841
1844
1842
1836
1831
1917
1888
1866
1890
1834
1857
1874
1841
1836
1886
1838
1896
1904
1837
1871
1834
1896
1835
1863
1844
1894
1830
1833
1851
1841
1833
2687
1843
1838
1830
1831
1834
1830
1838
1835
1885
1838
1844
1834
1872
1872
1873
1833
1862
1838
1894
1836
1838
1837
1865
1856
1839
1835
1865
1862
1839
1830
1835
1837
1834
1869
1868
1838
1835
1873
1838
1839
1838
1841
1872
1841
1833
1839
1838
1837
1831
1839
1829
1880
1841
1840
1835
1834
1870
1832
1873
1842
1841
1868
1838
1849
1864
1832
1860
1838
1832
1879
1838
1841
1836
1835
1865
1836
1924
1839
1941
1837
1867
1837
1847
1827
1834
1876
1838
1840
1872
1871
1836
1854
1880
1840
1842
1838
1877
1838
1913
1840
1833
1875
1840
1873
1835
1866
1834
1836
1836
1839
1838
1838
1877
1837
1869
1837
1868
1874
1844
1866
1861
1841
1885
1837
1916
1839
1865
1870
1871
1875
1870
1836
1878
1896
1840
1906
1905
1868
1828
1933
1840
1859
1837
1870
2076
1837
1872
1866
1835
1834
1838
1846
1835
1876
1834
1874
1840
1891
1834
1835
1839
1841
1832
1871
1840
1843
1839
1862
1869
1865
1910
1833
1863
1862
1836
1860
1838
1841
1877
1842
1837
1835
1833
1841
1867
1841
1833
1832
1881
1869
1867
1839
1838
1839
1836
1884
1833
1840
1837
1877
1835
1842
1869
1873
1833
1833
1872
1842
1873
1831
2852
1837
1838
1838
1866
1840
1836
1841
2175
1839
1835
1887
1914
1841
1835
1873
1902
1883
1838
1865
1863
1838
1838
1832
1838
1837
1838
1841
1836
1865
1876
1836
1860
1863
1837
1866
2251
1919
1872
1914
1892
1834
1841
1839
1840
1836
1844
1862
1888
1854
1836
1874
5064
1865
1869
1837
1867
1870
1865
1859
1830
1837
1874
2103
1869
1835
1839
1832
1846
1878
1834
1840
1922
1838
1866
1837
1832
1878
1866
1839
1853
2016
1888
1838
1904
1893
1834
1877
1837
1867
1837
1876
1866
1835
1866
1840
1854
1836
1853
1837
1840
1838
1839
2442
1871
1873
1837
1868
1884
1868
1881
1837
1874
2593
1865
1831
1869
1918
2132
1836
1841
2069
1838
1838
1839
1837
1880
1835
1829
1841
1836
1870
1836
1916
1836
1833
1840
1846
1869
1834
1868
1833
1893
1841
1866
1835
1835
1831
1860
1869
1838
1860
1859
1848
1869
1835
1836
1842
1833
1890
1840
1837
1852
1870
1836
1839
1839
1837
1881
1857
1842
1835
1911
1831
1838
1870
1839
1839
1863
1839
1861
1839
1831
1900
1872
1838
1843
1870
1838
1841
1864
1840
1871
1834
1937
1835
1830
1882
1841
1837
1831
1839
1835
1840
1895
1873
1841
1837
1856
1832
1913
1869
1868
1868
1834
1879
1918
1870
1867
1837
1866
1840
1840
1874
1842
1839
1832
1906
1864
1855
1838
1834
1841
1863
1873
1838
1839
1837
1836
1835
1838
1864
1874
1836
1837
1841
1837
1869
1860
1838
1863
1896
1833
1866
1831
1837
1870
1896
1833
1871
1870
1837
1857
1905
1872
1870
1870
1835
1836
1841
1844
1841
1837
2490
1916
1865
1843
1871
1839
1841
1889
1839
1863
1912
1865
1873
1859
1864
1831
1843
1841
1838
1865
1838
1844
1873
1833
1869
1837
1901
1871
1839
1838
1895
1843
1866
1883
1841
1870
1870
1865
1893
1836
1840
1835
1834
1870
1838
1853
1945
1833
1873
1866
1878
1887
1839
1872
1832
1841
1839
1836
1844
1884
1837
1868
1862
1839
1840
1837
1832
1835
1836
1830
1846
1871
1837
1840
1870
1837
1835
1838
1872
1841
1837
1834
1870
1836
1882
1868
1878
1911
1868
1832
2166
1865
1828
1864
1834
1833
1835
1863
1872
1870
1835
1833
1857
1837
1840
1841
1837
1843
1838
1875
1863
1840
1839
1835
1834
1868
1866
1827
1837
1836
1869
1839
1866
1882
1869
1872
1834
1883
1836
1841
1871
1836
1838
1871
1874
1869
1842
1870
1863
1834
1840
1839
1831
1865
1872
1838
1834
1868
1866
1879
1836
1860
1868
1871
1864
1835
1870
1834
1835
1836
1838
1865
1837
1829
1838
1835
1853
1866
1832
2220
1832
1836
1869
1836
1838
1831
1904
1836
1841
1890
1837
1846
1893
1866
1931
1836
1833
1838
1887
1831
1844
1835
1842
1922
1832
1835
1877
1841
1835
2884
1872
1868
1946
1836
1870
1831
1838
1841
1843
1836
1835
1847
1842
1842
1836
1839
1839
1866
1837
1864
1831
1840
1840
1866
1838
1874
1879
1835
1872
1835
1844
1837
1832
1838
1838
1831
1839
1839
1839
1836
1846
1842
1834
1872
1838
1841
1839
1837
1837
1838
1881
1846
1840
1835
1857
1828
1848
1866
1826
1929
1836
1835
1870
1840
1896
1857
1835
1835
1835
1874
1870
1839
1841
1840
1833
1837
1904
1858
1872
1868
1834
1888
1842
1869
1902
1835
1909
1840
1837
1920
1834
1834
1841
1836
1841
1904
1840
1867
1835
1892
1906
1865
1870
1840
1895
1839
1835
1832
1836
1869
1836
1864
1840
1842
1867
1866
1866
1838
1875
1840
1869
1841
1872
1843
1957
1838
1842
1927
1840
1835
1880
2404
2039
1835
1833
1832
1839
1930
1840
1833
1862
1882
1837
1838
1843
1867
1842
1839
1921
1904
1838
1872
1827
1840
1865
2526
1836
1877
1832
1840
1864
1829
1859
1832
1865
1874
1885
1835
1885
1839
1865
1835
1844
1888
1828
1839
1835
1868
1866
1890
1837
1839
1838
1834
1840
1835
1869
1839
1887
1870
1868
1838
1870
1903
1869
1867
1867
1831
1839
1835
1892
1868
1869
1837
1876
1835
1873
1856
1835
1873
1830
1838
1835
1842
1872
1834
1837
1863
1860
1844
1831
1840
1872
1864
1870
1840
1842
1836
1836
1873
1837
1834
1840
1840
1866
1867
1868
1835
1838
1838
1841
1875
1840
1855
1875
1840
1838
1840
1858
1888
1836
1837
1833
1832
1840
1831
1889
1852
1841
2086
1877
1861
1836
1891
1840
1872
1869
1842
1857
1840
1832
1838
1865
1841
1864
1839
1835
1836
1838
1869
1917
1866
1840
1864
1881
1838
1837
1848
1835
1837
1840
1836
1863
1835
1948
1873
1865
1842
1897
1838
2496
1876
2231
1878
1900
1834
1847
1835
1835
1834
1878
1868
1862
1868
4017
1866
1873
1837
1836
1878
1869
1840
1865
1837
1835
1831
1834
1842
1863
1868
1828
1828
1840
1930
1881
1836
1846
1833
1840
1847
1875
1838
1839
1835
1883
1873
1840
1831
1870
1869
1834
1870
1836
1847
1832
1863
1853
1837
1833
1842
1928
1861
1835
1838
1867
1870
1869
1871
1837
1828
1838
1867
1831
1831
1834
1835
1837
1832
1840
1834
1864
1838
2443
1866
1843
1869
1873
1833
1840
1837
1862
1836
1842
1838
1870
1840
1840
1868
1868
1833
1841
1841
1836
1833
1910
1870
1885
1841
1841
1843
1838
1840
1836
1841
1835
1836
1837
1837
1872
1878
1863
1864
1836
1868
1865
1836
1842
1832
1837
1877
1884
1865
1859
1864
1934
1867
1835
1872
1865
1874
1835
1868
1845
1837
1834
1836
1834
1840
1839
1872
1837
1867
1851
1868
1837
1837
1837
1870
1835
1834
1841
1863
1834
1888
1838
1834
1837
1863
1833
1864
1870
1837
1832
1838
1840
1839
1873
1843
1850
1840
1869
1867
1868
1862
1830
1864
1866
1833
1842
1837
1893
1878
1839
1840
1833
1839
1836
1833
1870
1833
1866
1842
1879
1836
1879
1865
1882
1869
1872
1883
1839
1840
1840
1843
1835
1837
1837
1887
1873
1865
1844
1838
1870
1835
1838
1879
1830
2189
1829
1881
1874
1874
1860
1835
1841
1838
1942
1867
1838
1873
1916
1838
1872
1834
1837
1841
1840
1862
1830
1842
1831
1837
1839
1872
1882
1840
1837
1842
1834
1864
1851
1930
1845
1866
1838
1866
1833
1838
2322
1865
1835
1868
1842
1840
1871
1837
1865
1835
1842
1837
1867
1872
1876
1868
1868
1846
1866
1835
1834
1876
1835
1868
1836
1866
1841
1831
1833
1833
1838
1870
2204
1840
1872
1873
1863
1842
1914
1872
1840
1833
1845
1838
1841
1837
1835
1872
1845
1838
1840
1840
1839
1839
1830
1837
1864
1837
1865
1865
1871
1840
1886
1856
1840
1839
1872
1892
1840
1836
1837
1842
1841
1872
1836
1838
1864
1862
1836
1838
1837
1841
1863
1836
1837
1839
1832
1840
1863
3209
1827
1834
1835
1872
1878
1835
1835
1834
1955
1831
2530
1876
2316
1840
1870
1868
1836
1834
2023
1837
1834
1836
1835
1830
1853
1865
1864
1839
1833
1838
2132
1865
1831
1870
1839
1856
1864
1888
1862
1836
1835
1837
1840
1881
1873
1842
1836
1902
1840
1834
1832
1885
1839
1868
1840
1830
1829
1870
1870
2123
1835
1879
1841
1872
1836
1873
1832
1876
1845
1925
1835
1841
1862
1854
1827
1862
1868
1835
1841
1834
1868
1839
1837
1837
1866
1862
1836
1838
1866
1891
1873
1831
1840
1920
1837
1836
1864
1838
1835
1832
1841
1841
1847
1841
1869
1834
1836
1837
1880
1832
1833
1837
1840
1834
1832
1866
1867
1865
1860
1835
1836
1839
1836
1834
1830
1845
1840
1868
1833
1883
1835
1842
1831
1863
1832
1838
1871
1901
1829
1873
1838
1871
1837
1835
1870
1869
1836
1872
1838
1837
1836
1840
1837
1833
1831
1869
1878
1864
1841
1871
1889
1871
1836
1832
1838
1835
1890
1892
1827
1834
1836
1860
1836
1907
1867
1840
1867
1865
1863
1839
1868
1839
1864
1842
1866
1839
1838
1835
1839
1837
1842
1833
1841
1836
1867
1866
1839
1831
1893
1840
1834
1870
1896
1838
1874
1872
1855
1865
1842
1840
1840
1839
1835
1876
1840
1834
1921
1878
1839
1838
1907
1870
1832
1856
1837
1869
1868
1852
1872
1897
1853
1838
1845
1840
1834
1832
1868
1922
1835
1836
1832
1840
1837
1894
1843
1865
1862
1840
1832
1866
1834
1845
1830
1840
1839
1876
1843
1837
1837
1841
1868
1838
1863
1837
1838
1863
1839
1840
1831
1828
1839
1839
1868
1833
1869
1839
1865
1866
1835
1893
1872
1871
1841
1840
1840
1841
1866
1841
1834
1832
1838
1840
1839
1837
1836
1840
1828
1864
1839
1872
1838
1870
1899
1869
1837
1866
1839
1837
1835
1840
1871
1890
1837
1869
1836
1832
1868
1844
2195
1829
1865
1838
1870
1838
1841
1887
1930
1837
1837
1878
1894
1841
1839
1836
1842
1869
1871
1848
1827
1837
1840
1840
1868
1839
1838
1839
1834
1839
1873
1838
1834
1872
1838
1837
1830
1855
1840
1835
1840
1889
1870
1831
1869
1836
1874
1886
1844
1838
1924
1869
1836
1835
1835
1840
1838
1832
1865
1863
1841
1839
1839
1880
1852
1842
1842
1870
1852
1867
1864
1844
1870
1832
1840
1836
1842
1836
1836
1839
1839
1840
1835
1836
1835
1841
1833
1861
1871
1855
1844
1862
1837
1833
1881
1837
1842
1839
1863
1841
1869
1834
1829
1866
1835
1833
1838
1842
1834
1833
1836
1841
1838
1849
1832
1838
1870
1835
1866
1835
1866
1869
1867
1832
1842
1871
1833
1871
1869
1840
1845
1841
1841
1835
1837
1838
1869
1831
1839
1874
1934
1842
1838
1835
1831
1841
1834
1838
1841
1833
1840
1861
1840
1867
1843
1871
1833
1841
1837
1871
1843
1888
1835
1862
1840
1880
1876
1837
1832
1844
1874
1836
1870
1840
1833
1839
1837
1834
1841
1842
1833
1839
1836
1837
1905
1857
1838
1837
1865
1868
1845
1834
1873
1870
1876
1834
1870
1858
1863
1876
1864
1828
1844
1838
1836
1836
1837
1837
1876
1835
1838
1835
1874
1837
1866
1896
1838
1979
1840
1878
1863
1867
1866
1877
1875
1828
1851
1832
1846
1841
1832
1830
1861
2993
1842
1839
1872
1843
1845
1840
1839
1863
1829
1836
1862
1831
1904
1842
1836
1896
1851
1837
1837
1839
1883
2695
1842
1867
1833
1833
1878
1833
1837
1835
1883
1836
1831
1840
1866
1840
1841
1862
1834
1868
1873
1858
1835
1841
1839
1882
1838
1835
1839
1886
1914
1833
1833
1876
1871
1865
1865
1872
1870
1868
1836
1839
1828
1878
1870
1874
1909
1849
1875
1869
1878
1918
1833
1894
1835
1839
1833
1838
1841
1865
1885
1836
1837
1893
1831
1874
1859
1834
1835
1866
1866
1842
1837
1840
1839
1900
1835
1864
1838
1878
1828
1868
1834
1838
1833
1887
1831
1854
1837
1842
1897
1871
1871
2223
1885
1837
1842
1943
1869
1840
1869
1917
1861
1878
1841
1836
1930
1849
1838
1838
1842
1840
1832
1887
1873
1827
1835
1835
1839
1878
1874
1840
1835
1835
1836
1859
1834
1839
1842
1841
1871
1837
1877
1863
1896
1889
1835
1845
1838
1839
1866
1836
1851
1915
1887
1871
1831
1860
1838
2076
1834
1834
1834
1837
1870
1830
1838
1891
1856
1836
1834
1829
1837
1862
1834
1832
1841
1847
1844
1835
1830
1832
1837
1894
1832
1834
1867
1830
1840
1839
1879
1851
1839
1862
1834
1872
1831
1838
1835
1838
1871
1854
1873
1869
1834
1894
1834
1833
1882
1861
1867
1902
1833
1836
1865
1837
1833
1867
1831
1830
1872
1869
1841
1874
1842
1870
1838
1835
1891
1851
1907
1830
1838
2302
1841
1877
1838
1832
1837
1836
1834
1840
1835
2640
1838
1836
1857
1842
1842
1835
1848
1838
1866
1851
1869
1828
1856
1872
1834
1863
1834
1891
1857
1830
1862
1868
1835
1844
1830
1862
1846
1885
1924
1896
1839
1876
1865
1838
1833
1872
1837
1926
1830
1843
1870
1863
1869
1836
1834
1859
1834
1861
1867
1838
1837
1836
1879
1844
1860
1863
1836
1837
1833
1836
1870
1835
1837
1894
1834
1834
1911
1838
1833
1877
1876
1839
1828
1867
1841
1846
1835
1836
1847
1868
1861
1841
1841
1839
1866
1841
1845
1835
1833
1880
1834
1830
1835
1835
1837
1836
1858
1836
2651
2522
1835
1841
1870
1841
1927
1876
1839
1864
1839
1835
1833
1840
1857
1854
2501
1926
1861
1864
1838
1874
1838
1834
1827
1843
1865
1871
1873
1866
1838
1845
1884
1917
1834
1871
1876
1837
1835
1872
1889
1830
1868
1835
1835
1874
1836
1837
1874
1863
1841
1827
1866
1831
1830
1844
1868
1862
1869
1917
1836
1862
1865
1839
1868
1833
1869
1836
1870
1838
1834
1880
1893
1841
1840
1836
1838
1841
1832
1837
1832
1844
1871
1870
1840
1834
1871
1861
1832
1887
1882
1841
1834
1837
1869
1836
1867
1882
1835
1871
1927
1842
1840
1842
1836
1841
1835
1838
1837
1843
1837
1910
1864
1869
1836
1885
1838
1863
1845
1833
1839
1866
1844
1837
1863
1883
1831
1845
1839
1832
1842
1842
1869
1837
1836
1912
1864
1872
1849
1839
1837
1841
1834
1842
1842
1846
1846
1836
1919
1835
1902
1938
1844
1898
1836
1839
1833
1835
1832
1864
1831
1837
1842
1840
1837
1839
1852
1867
1836
1835
1834
1934
1876
1865
1830
1835
1861
1834
1871
1860
1836
1862
1835
2463
1867
1888
2242
1835
1837
1879
1841
1835
1870
1838
1842
1843
1885
1837
1870
1871
1912
1894
1894
1830
1870
1835
1870
1830
3410
1906
1878
1833
1840
1833
1865
1840
1869
1869
1873
1878
1840
1876
1865
1837
1828
1836
1839
1841
1907
1841
1837
1866
1835
1838
1866
1870
1841
1872
1893
2186
1842
1869
1838
1842
1839
1858
1864
1843
1838
1831
1834
1833
1838
1841
1834
1837
2024
1838
1835
1870
1831
1830
1835
1840
1838
1872
1836
1840
1842
1839
1838
1840
1894
1834
1838
1865
1831
1831
1842
1881
1840
1828
1869
1855
1838
1837
1861
1839
1871
1872
1838
1841
1838
1863
1876
1836
1838
1840
1838
1834
1840
1838
1839
1842
1858
1847
1839
1836
1838
1868
1854
1867
1837
1912
1839
1838
1869
1833
1860
1834
1837
1875
1835
1863
1832
1894
1835
1861
1895
1884
1834
1835
1844
1838
1835
1867
1835
1863
1837
1873
1865
1835
1877
1869
1839
1862
1865
1839
1842
1835
1844
1841
1836
1836
1875
1831
1854
1832
1838
1869
1858
2116
1889
1835
1831
1853
1830
1877
1835
1858
1846
1835
1868
1836
1832
1836
1839
1836
1835
1883
1841
1869
1896
1871
1876
1836
1839
1835
1836
1872
1837
1866
1896
1871
1836
1839
1837
1839
1833
1841
1866
1837
1836
1837
1838
1861
1910
1831
1882
1890
1880
1832
1940
1838
1832
1880
1837
1836
1841
1838
1836
1836
1863
1837
1836
1840
1840
1871
1839
1840
1835
1839
1891
2869
1878
1876
1830
1867
1865
1837
1837
1866
1841
1833
1836
1866
2040
1869
1867
1871
1837
1872
1835
1858
1830
1836
1838
1836
1831
1837
1834
1836
1862
1833
1832
1839
1834
1835
1834
1837
1841
1875
1833
1834
1837
1869
1875
1840
1864
1854
1865
1873
1832
1867
1864
1873
1867
1843
1875
1834
1867
1835
1839
1842
1831
1863
1878
1838
1832
1862
1862
1929
1861
1838
1865
1834
1842
1835
1840
1914
1840
1835
1899
1878
1867
2014
1921
1836
1837
1842
1848
1847
1913
1838
1926
1831
2032
1864
1890
1835
1841
1838
1871
1841
1838
1838
1867
1842
1831
1843
1889
1840
1842
1915
1835
1836
1834
1838
1842
1874
1862
1844
1892
1844
1885
1882
1871
1839
1832
1835
1836
1871
1841
1843
1831
1871
1830
1861
1843
1832
1831
1872
1869
1873
1860
1841
1838
2088
2567
1891
1866
1838
1869
1836
1833
1839
1844
1831
1841
1871
1873
1862
1835
1832
1870
1838
1831
1836
1839
1847
1840
1837
1841
1881
1874
1840
1837
1838
1850
1844
1837
1869
1840
1839
1835
1838
1835
1890
1841
1837
1865
1837
1835
1834
1831
1865
1832
1871
1844
1868
1864
1840
1838
1840
1840
1846
1836
1836
1873
1878
1873
1883
1844
1949
1841
1838
1872
1842
1911
1836
1834
1864
1831
1876
1831
1842
1837
1832
1870
1834
1864
1836
1831
1865
1833
1864
1866
1866
1866
1874
1868
1837
1872
1873
1837
1836
1837
2349
1837
1837
1834
1833
1862
1861
1875
1865
1837
1886
1890
1838
1841
1869
1865
1882
1863
1887
1837
1839
1830
1874
1874
1867
1843
1886
1869
1832
1838
1838
1865
1835
1837
1838
1870
1848
1857
1908
1847
1839
1833
1838
1889
2217
2514
1839
1834
1837
1836
1831
1866
1829
1838
1891
1839
1865
1871
1835
1841
1831
1869
1840
1844
1834
1832
1870
1911
1874
1833
1858
1840
1854
1835
1841
1918
1865
1839
1847
1840
1835
1839
1836
1840
1842
1839
1873
1864
1864
1837
1874
1869
1855
2524
1840
1866
1834
1865
1837
1832
1836
1835
1859
1836
1842
1835
1838
1837
1831
1834
1870
1837
1840
1879
1869
1868
1839
1841
1870
1834
1874
1832
1867
1840
1889
1837
1857
1836
1840
1864
1870
1838
1843
1862
1860
1837
1840
1832
1877
1838
1844
1837
1836
1851
1867
1842
1882
1840
1829
1833
1847
1881
1837
1832
1839
1865
1878
1858
1837
1831
1871
1862
1897
1889
1866
1869
1869
1835
1837
1862
1875
1873
1838
1836
1839
1873
1838
1925
2577
1838
1836
1836
1873
1837
1839
1840
1883
1837
1862
1842
1921
2048
1844
1834
1835
1891
1888
1841
1838
1852
1839
1841
1830
1867
1839
1863
1872
1834
1867
1833
1857
1834
1837
1836
1869
1834
1834
1875
1840
1879
1833
1866
1839
1863
1872
1834
1837
1870
1844
1838
1836
1857
1831
1862
1835
2525
1920
1834
1855
1836
1842
1877
1844
1870
1839
1890
1827
1835
1839
1840
1868
1829
1841
1834
1839
1879
1837
1838
1827
1882
1868
1839
1835
1840
1835
1874
1840
1837
1834
1838
1832
1837
1838
1829
1868
1852
1839
2637
1838
1834
1832
1878
1837
1854
1837
1865
1837
1838
1838
1866
1890
1903
1842
1911
1833
1870
1840
1839
1837
1868
1866
1833
1866
1866
1869
1836
1881
1878
1836
1837
1855
1835
1873
1870
1865
1838
1842
1837
1833
1835
1838
1869
1840
1830
1837
1843
1838
1841
1839
1838
1844
1841
1842
1836
1837
1887
1868
1891
1840
1872
1836
1838
1840
1836
1839
1873
1836
1834
1891
1864
1832
1877
1865
1876
1837
1836
1834
1918
1841
1838
1837
1840
1870
1866
1866
1833
1830
2808
1835
2601
1865
1882
1861
1869
1838
1875
1887
1842
1842
1831
1831
1866
1893
1846
1881
1860
1900
1838
1863
1913
1877
1864
1870
1890
1860
1868
1847
2258
1865
1837
1842
1871
1868
1839
1868
1838
1832
1836
1838
1840
1831
1837
1841
1835
1860
1841
1863
1842
1835
1838
1866
1870
1869
1833
1876
1829
1875
1844
1898
1867
1866
1926
1843
1838
1874
1842
1829
1832
1832
1872
1838
1834
1841
1867
1846
1834
1841
1836
1839
1827
1882
1872
1876
1870
1868
1832
1835
1863
1839
1872
1862
1837
2008
1834
1830
1869
1835
1873
1868
1840
1839
1842
1838
1908
1877
1849
1836
1837
1882
1874
1838
1837
1865
1838
1886
1837
1873
1839
1836
1838
1856
1838
1837
1835
1830
1869
1840
1872
1834
1873
1841
1833
1868
1871
1868
1876
1893
1837
1839
1842
1835
1835
1837
1877
1839
1866
1834
1840
1842
1871
1844
1833
1845
1840
1894
1861
1859
1892
1833
1839
1868
1830
1867
1837
1870
1870
1835
1836
1832
1840
1859
1873
1867
1838
1868
1863
1876
1839
1898
1841
1834
1865
1865
1859
1838
1873
1829
1837
1841
1839
1837
1869
1839
1871
1837
1842
1836
1868
1929
1835
1872
1839
1843
1841
1862
1842
1872
1834
1835
1840
1868
1838
1865
1860
1834
1837
1868
1839
1837
1833
1842
1837
1833
1870
1841
1895
1868
1868
1870
1831
1875
1869
1868
1838
1879
1832
1837
1836
1836
1841
1887
2295
1841
1833
1865
1881
1837
2217
1879
1836
1875
1838
1831
1865
1863
1837
1856
1838
1868
1839
1837
1868
1843
1888
1836
1836
1837
1832
1870
1840
1837
1842
1841
1842
1842
1836
1918
1851
1834
1858
1871
1872
1834
1867
1866
1841
1840
1878
1870
1886
1832
1835
1835
1910
1842
1887
1861
1856
1834
1834
1837
1873
1861
1873
1876
1843
1872
1839
1867
1830
1842
1828
1840
1864
1837
1871
1891
1833
1849
1872
1831
1837
1862
1910
1862
1834
1861
1835
1833
1836
1842
1869
1887
1874
1837
1835
1834
1884
1841
1911
1831
1840
1869
1839
1835
1882
1834
1871
1874
1837
1879
1868
1882
1840
1934
1831
1830
1894
1838
1840
1868
1831
1860
1901
1980
1839
1868
1870
1888
1849
1836
1845
1840
1836
1881
1861
1865
1832
1866
1891
1868
1874
1837
1857
1836
1868
1877
1832
1834
1836
1839
1886
1843
1862
1837
1827
1870
1836
1877
1860
1872
1838
1829
1837
2027
1875
1862
1842
1841
1836
1887
1870
1928
1839
1861
1842
1885
1834
1837
1848
1828
1858
1892
1834
1835
1834
1835
1875
1867
1869
1838
1861
1837
1840
1844
1866
1833
1838
1896
1862
1845
1836
1864
1840
1833
1874
1837
1842
1841
1838
1839
1843
1841
1831
1885
1872
1838
1856
1836
1835
1839
1836
1831
1873
1843
1868
1837
1837
1842
1831
1831
1865
1834
1861
1832
1835
1832
1857
1831
1837
1867
1873
1839
1852
1833
1906
1836
1836
1835
2086
1893
1862
1879
1834
1838
1866
1865
1839
1838
1865
1838
1862
1841
1919
1852
1839
1840
1841
1927
1868
1837
1926
1832
1835
1833
1871
1866
1837
1878
1839
1842
1837
1836
1846
1878
1837
1870
1834
1873
1872
1839
1834
1870
1868
1830
1841
1863
1863
1874
1840
1882
1838
1840
1831
1840
2239
1835
1892
1843
1899
1831
1834
1841
1830
1842
1874
1834
1894
2596
1837
1871
1863
1865
1844
1834
1840
1840
1861
1837
1898
1832
1911
1835
1835
1835
1844
1892
1911
1834
1837
1836
1863
1873
1841
1835
1838
1870
1834
1832
1870
1862
1859
1834
1834
1830
1832
1871
1834
1835
1836
1835
1871
1884
1840
1843
1837
1836
1839
1841
1837
1876
1839
1867
1841
1832
1873
1832
1861
1839
1912
1831
1859
1838
1843
1836
1901
1843
1838
1836
1838
1869
1855
1842
1873
1836
1866
1910
1839
1839
1930
1839
1827
1858
1840
1888
1883
1871
1833
1872
1841
1885
1867
1842
1871
1870
1871
1834
1832
1869
1865
1834
1835
1844
1835
1833
1840
1866
1869
1871
1838
1883
1891
1866
1831
1869
1836
1858
1895
1838
1842
1838
1873
1889
1836
1870
1834
1863
1838
1866
1892
1838
1870
1878
1838
1856
1841
1871
1863
1832
1871
1842
1834
1871
1836
1838
1874
1841
1842
1840
1840
1867
1840
1835
1834
1831
1838
1842
1843
1868
1866
1868
1878
1834
1838
1909
1842
1869
1831
1840
1903
1836
1886
1871
1864
1868
1840
1862
1868
1859
1839
1836
1831
1826
1840
1835
1848
1863
1833
1840
1872
2368
1866
1836
1875
1919
1842
1841
1832
1840
1836
1841
1838
1847
1841
1838
1871
1872
2088
1856
1839
1957
1837
1838
1865
1940
1836
1885
1842
1833
1838
1880
1841
1919
1838
1840
1841
1840
1844
1837
1837
1882
1902
1837
1831
1837
1853
1859
1838
1839
1852
1832
1835
1838
1841
1836
1842
1879
1832
1835
1899
1839
1839
1840
1843
1878
1838
1904
1840
1839
1853
1867
1837
1840
1828
1868
1870
1839
1834
1841
1863
1872
1828
1835
1837
1837
1897
1831
1835
2042
1835
1838
1850
1883
1868
1841
1839
1835
1892
1836
1833
1865
1832
1834
1858
1831
1836
1832
1872
1871
1839
1866
1836
1837
1832
1836
1842
1889
1836
1843
1832
1839
1838
1838
1841
1838
1912
1832
1850
1839
1832
1835
1838
1872
1834
1843
1841
1926
1915
1835
1840
1841
1869
1831
1838
1839
1833
1830
1871
1872
1838
1838
1869
1834
1834
1848
1881
1866
1877
2246
1837
1862
1868
1839
1833
1834
1869
1887
1839
1844
1868
1839
1892
1830
1864
1838
1877
1831
2183
1865
1869
1875
1836
1836
1842
1839
1864
1870
1827
1885
1839
1873
1840
1834
1839
1838
1877
1871
1889
1885
1840
1836
1828
1838
1843
1833
1843
1837
1839
1842
1835
1842
1830
1870
1841
1835
1866
1836
1835
1866
1830
1838
1892
1842
1877
1840
1838
1834
1873
1864
1835
1869
1842
1834
1920
1874
1838
1850
1836
1831
1909
1831
1836
1868
1875
1835
1833
1917
1865
1860
1838
1859
1837
1842
1897
1871
1841
1838
1849
1839
1839
2044
1839
1838
1834
1854
1837
1836
1840
1839
1838
1828
1842
1836
1837
1915
1841
1833
1837
2223
1835
1868
1836
1829
1871
1835
1864
1838
1834
1827
1831
1831
1836
1863
1870
1836
1873
1837
1871
1826
1835
1869
1837
1871
1841
1838
1839
1835
1837
1838
1838
1871
1842
1834
1866
1836
2153
1872
1858
1837
1877
1872
1832
1870
1837
1838
1871
1868
1836
1869
1864
1834
1835
1835
1837
1833
1876
1841
1844
1889
1840
1833
1870
1842
1840
1859
1830
1837
1839
1835
1839
1876
1875
1835
1832
1877
1836
1842
1837
1872
1872
1861
1835
1897
1891
1841
1836
1843
1881
1840
1851
1837
1840
1841
1837
1847
1832
1875
1831
1837
1870
1875
1831
1928
1843
1839
1837
1835
1837
1867
1840
1871
1870
2257
1839
1837
1841
1838
1831
1835
1891
1876
1890
2165
1832
1841
1837
1837
1838
1837
1841
1869
1841
1842
1869
1842
1840
1838
1840
1869
1841
1831
1842
1839
1875
1862
1835
1854
1833
1835
1875
1832
1869
1834
1836
1837
1836
1843
1863
1831
1844
1835
1843
1843
1875
1839
1838
1866
1840
1832
1865
1839
1831
1873
1844
1837
1832
1838
1856
1836
1841
1836
1834
1837
1834
1907
1831
1835
1835
1878
1838
1916
1854
1864
1836
1833
1828
1833
1869
1833
1840
1871
1875
1837
1870
1874
1880
1834
1909
1837
1843
1867
1869
1992
1846
1835
1867
1835
1840
1868
1831
1880
1864
1833
1833
1869
1833
1838
1834
1838
1833
1841
1838
1835
1857
1836
1836
1842
1891
1874
1837
1839
1873
1837
1836
1842
1868
1869
1838
1869
1887
1838
1868
1862
1839
1869
1869
1872
1872
1831
1866
2071
1838
1841
1836
1862
1836
1867
1871
1836
1837
1868
1877
1841
1832
1890
1909
1871
1871
1926
1846
1855
1831
1835
1838
1832
1837
1835
1842
1884
1832
1840
1835
1838
1847
1843
1838
1835
1844
1834
1880
1837
1840
1831
1864
1842
1832
1884
1842
1842
1874
1844
1872
1837
2020
1830
1841
1838
1835
1868
1833
1875
1875
1837
1832
1920
1842
1880
1869
1883
1890
1842
1846
1841
1837
1838
1906
1838
1867
1831
1838
1840
1853
1871
1837
1831
1830
1831
1838
1837
1892
1839
1840
1872
1834
1926
1868
1868
1837
1894
1842
1870
1831
1832
1829
1839
1836
1871
1837
1862
1870
1864
1841
2556
1833
2788
1865
1875
1859
1831
1872
1838
1895
1837
1834
1841
1837
1850
1831
1839
1848
1835
1833
1836
1830
1837
1895
2124
1834
1869
1871
1841
1834
1848
1909
1886
1834
1845
1836
1866
1830
1830
1835
1872
1988
1840
1875
1842
1870
1838
1835
1872
1834
1840
2426
1873
1871
1842
1837
1837
1873
1831
1870
1829
1838
1833
1837
1851
1836
1833
1838
2139
1876
1870
1874
1840
1844
1843
1842
1869
1831
1870
1871
1842
1861
1869
1884
1832
1910
1834
1837
1876
1838
1885
1864
1838
1867
1838
1832
1870
1841
1836
1870
1870
1830
1833
1864
1843
1868
1836
1834
1834
1882
1837
1833
1837
1834
1834
1847
1890
1831
1868
1874
1836
1836
1831
1869
1863
1862
1836
1839
1853
1866
1863
1841
1863
1841
1835
1841
1836
1895
1869
1873
1835
1886
1836
1835
1838
1858
1833
1866
1871
1838
1872
1870
1834
1836
1831
1862
1834
1835
1837
1837
1836
1883
1836
1876
1867
1838
1867
1877
1838
1835
1871
1873
1836
1838
1842
1839
1836
1832
1838
1836
1843
1902
1832
1864
1854
1872
1872
1863
1837
1845
1833
1867
1854
1840
1835
1834
1861
1864
1837
1841
1866
1842
1851
1867
1866
1841
1835
1876
1843
1900
1878
1867
1875
1876
1864
1831
1833
1835
1872
1835
1863
1872
1840
1889
1836
1889
1841
1838
1872
1895
1840
1844
1834
1835
1838
1846
1841
1867
1839
1884
1840
1845
1836
1897
1866
1865
1835
1887
1856
1866
1860
1842
1837
1837
1906
1838
1883
1839
1841
1869
1835
1864
1834
1838
1836
1872
1836
1839
1841
1839
1933
1894
1856
1869
1829
1868
1884
1887
1848
1842
1867
1838
1861
1839
1842
1832
1837
1868
1858
1869
1890
1835
1838
1836
1839
1842
1874
1862
1840
1842
1901
1836
1927
1833
1840
1873
1840
1894
1835
1837
1836
1834
1831
1840
1833
1837
1838
1923
1880
1843
1839
1836
1828
1841
1842
1872
1831
1870
1834
1865
1847
1838
1835
1830
1837
1839
1836
1839
1832
1835
1893
1846
1833
1833
1838
1906
1855
1866
1887
1842
1866
1837
1869
1835
1923
1866
1826
1872
1866
1835
1841
1841
1859
1868
1859
1837
1834
1839
1868
1875
1837
1868
1857
1871
1876
1841
1835
1836
1837
1832
1866
1837
1845
1831
1875
1844
2710
1861
1835
1838
1867
1834
1865
1860
1838
1835
1837
1865
1835
1831
1841
1881
1841
1837
1837
1867
1841
1840
1857
1839
1924
1837
1866
1843
1837
1832
1836
1833
1835
1865
1840
1839
1879
1841
1838
1833
1860
1835
1832
1880
1838
1836
1832
1881
1834
1838
2524
1866
1839
1871
1837
1832
1863
1872
1836
1845
1837
1839
1869
1838
1867
1840
1836
1832
1913
1842
1839
1831
1836
1882
1838
1869
1840
1840
2308
1874
1836
1869
1868
1868
2424
1841
1879
1834
1917
1865
1876
1870
1838
1865
1838
1830
1872
1837
1839
1867
1871
2647
1869
1866
1837
1869
1839
1880
1837
1839
1834
1836
1865
1833
1868
1868
1832
1870
1873
1840
1844
1835
1842
2235
1840
1833
1840
1838
1840
1837
1841
1842
1853
1869
1864
1923
1834
1865
1865
1843
1872
1840
1832
1840
1842
1869
1872
1871
1834
1864
1868
1867
1874
1864
1863
1864
1832
1840
1882
1865
1840
1838
1834
1867
1862
1855
1832
1833
1870
1864
1839
1870
1832
1842
1860
1830
1873
1953
1832
1902
1842
1863
1875
1841
1879
1868
1853
1839
1834
1828
1838
1866
1870
1841
1836
1838
1833
1839
1836
1845
1869
1836
1836
1842
1840
1869
1842
1898
1877
1834
1847
1838
1838
1840
1863
1870
1872
1839
1835
1842
1842
1839
1873
1937
1862
1869
1859
2006
1838
1827
1831
1917
1840
1839
1837
1835
1842
1874
1837
1834
1842
1877
1855
1838
1836
1867
1836
1841
1880
1837
1841
1840
1842
1893
2382
1874
1873
1846
1869
1869
1865
1870
1836
1840
1836
1841
1833
1873
1889
1869
1832
1835
1834
1853
1869
1838
1889
1875
1841
1868
1831
1873
1835
1843
1834
1840
1869
1837
1838
1832
1872
1833
1831
1849
1834
1908
1865
1838
1832
2109
1835
1840
1834
1834
1834
1837
2259
1868
1830
1851
1883
1871
1839
1841
1887
1943
1914
1837
1834
1840
1840
1877
1865
1867
1833
1896
1871
1846
1869
1835
1862
1888
1925
1859
1832
1864
1835
1835
1839
1875
1862
1877
1831
1839
1837
2123
1846
1868
1865
1833
1868
1842
1868
1837
1912
1865
1831
1838
1831
1837
1837
1839
1841
1839
1864
1831
1837
1864
1911
1858
1875
1834
1840
1843
1841
1891
1862
1832
1872
1840
1886
1840
1868
1862
1841
1871
1832
1864
1867
1839
1840
1840
1831
1863
1871
1840
1874
2166
1840
1866
1870
1843
1840
1833
1867
1833
1900
1833
1835
1837
1867
1838
1832
1835
1838
1837
1871
1838
1842
1840
1926
1842
1869
1839
1836
1840
1832
1836
1836
1837
1843
1837
1868
1869
2174
1836
1860
1863
1841
1842
1834
1837
2210
1836
1871
1836
1842
1842
1840
1836
1827
1867
1834
1866
1833
1913
1880
1885
1834
1840
1837
1839
1839
1838
1870
1896
1868
1834
1839
1871
1835
1894
1838
1832
1835
1873
1841
1831
1873
1871
2155
1892
1839
1842
1873
1885
1867
1842
1827
1842
1842
1843
1833
1870
1826
1856
1832
1841
1876
1838
1869
1839
1866
1870
1871
1840
1875
1833
1870
1830
1897
1838
1833
1842
1835
1836
1840
1840
1840
1868
1864
1838
1840
1831
1863
1842
1872
1838
1886
1837
1836
1858
1831
1878
1891
1866
1876
1874
1834
1871
1866
1887
1836
1835
1867
1837
1835
1872
1867
1844
1835
1870
1865
1860
1846
1838
1849
1871
1871
1831
1837
1849
1870
1840
1840
1871
1865
1836
1911
1839
1868
1835
1838
1868
1838
1872
1840
1852
1838
1833
1873
1873
1834
1834
1870
1878
1835
1834
1842
1865
1842
1870
1836
1839
1836
1839
1838
1871
1840
1837
1834
1898
1882
1837
1841
1841
1838
1888
1862
1841
1835
1839
1833
1836
1867
1831
1837
1830
1869
1840
1871
1841
1840
1841
1869
1863
2295
1839
1845
1906
1867
1839
1841
1840
1873
1841
1879
1838
1875
1834
1862
1837
1841
1841
1865
1837
1838
1842
1836
1837
1867
1832
1840
1873
1836
1840
1836
1866
1867
1830
1897
1838
1851
1867
1835
1863
1866
1865
1851
1871
1840
1892
1839
1838
1834
1921
1835
1876
1831
1889
1837
1839
1870
1838
1839
1876
1873
1872
1833
1866
1863
1876
1865
1836
1869
1884
1872
1841
1841
1842
1836
1869
1833
1864
1863
1879
1885
1836
1838
1932
1835
1866
1860
1836
1839
1864
1876
1875
1838
1872
1873
1836
1867
2158
1837
1868
1839
1836
1837
1831
1836
1841
1871
1837
1831
1871
1841
1863
1871
1867
1840
1838
1871
1833
1873
1839
1842
1843
1853
1836
1842
1843
1840
1826
1872
1832
1838
1861
1848
1866
1899
1836
1871
1894
1831
1867
1840
1835
1833
1841
1866
1839
1835
1836
1833
1839
1870
1837
1839
1868
1832
1872
1889
1830
1831
1839
1873
1836
1837
1834
1834
1834
1869
1888
1915
1880
1836
1845
1838
1842
1837
1836
1890
1854
1838
1869
1863
1846
1867
1870
1868
1870
1838
1868
1874
1869
1834
1860
1832
1867
1837
1835
1834
1835
1830
1863
1829
1831
1841
1835
1837
1836
1833
1871
1835
1865
1840
1869
1841
1839
1878
1840
1840
1865
1899
1835
1836
1840
1869
1873
1868
1840
1900
1868
1869
1835
1835
1867
1833
1864
1866
1836
1835
1842
1866
1836
1837
1837
1837
1865
1840
1830
1868
1896
1839
1868
1874
1841
1845
1872
1868
1868
1835
1833
1920
1839
1855
1827
1841
1873
1871
1836
1856
1837
1836
1839
1842
1863
1828
1862
1840
1831
1835
1834
1895
1834
1894
1861
1835
1836
1868
1893
1834
1865
1839
1842
1839
1870
1879
1837
1894
1870
1835
1834
1836
1833
1837
1837
1838
1835
1829
1835
1875
1863
1840
1836
1835
1850
1848
1838
1877
1934
1859
1860
1877
1840
1836
1845
1830
1839
1870
1841
1833
1835
1875
1839
1877
1833
1842
1867
1868
1834
1834
1838
1873
1870
1841
1864
1848
1840
1837
1837
1840
1834
1838
1836
1837
1836
1868
1866
1873
1837
1833
1840
1869
1839
1837
1869
1839
1877
2216
1834
1837
2028
1837
1867
1840
1870
1890
1870
1839
1834
1836
1907
1865
1832
1837
1872
1873
1836
1835
1839
1872
1837
1865
1835
1882
1834
1839
1840
1834
1841
1924
1870
1870
1874
1843
1886
1862
1841
1839
1835
1836
1869
1865
1885
1924
1884
1870
1835
1834
1837
1841
1840
1867
1836
1838
1852
1865
1832
1838
1838
1866
1839
1841
1828
1841
1836
1857
1844
1835
1909
1931
1874
1841
1879
1845
1838
1892
1841
1837
1840
1868
1839
1840
1838
1841
1860
1863
1873
2373
1833
1862
1834
1873
1848
1872
1838
1841
1831
2837
1866
1840
1838
1839
1839
1839
1876
1842
1869
1837
1842
1868
1860
1838
1870
1840
1869
1842
1836
1864
1865
1833
1833
1832
1870
1839
1901
1834
1876
1860
1834
1912
1869
1865
1865
1843
1866
1836
1835
1831
1842
1870
1839
1838
1833
1837
1870
1839
1831
1854
1841
1837
1872
1844
2017
1836
1838
1870
1863
1836
1837
1865
1842
1840
1856
1833
1829
1839
1838
1835
1869
1839
1840
1838
1842
1838
1840
1846
1836
1840
1840
1871
1833
1880
1836
1835
1917
1911
1879
1837
1836
1878
1836
1874
2071
1840
1840
1841
1887
1867
1836
2442
1837
1833
1832
1838
1832
1840
1876
1866
1872
1869
1836
1847
1871
1866
1835
1833
1866
1898
1882
1869
1834
1837
1835
1870
1832
1836
1872
1836
1874
1838
1840
1834
1830
1839
1831
1840
1920
1874
1845
1839
1876
1838
1835
1871
1839
1901
1837
1837
1871
1832
1878
1840
1842
1845
1854
1834
1833
1842
1843
1839
1836
1836
1874
1835
1831
1912
1864
1833
1842
1870
1871
1834
1833
1863
1866
1860
1882
1835
1889
1840
1836
1903
1840
1869
1875
1841
1834
1835
1833
1868
1867
1871
1839
1829
1835
1837
1893
1875
1839
1866
1841
1838
1836
1838
1835
1837
2676
1839
1840
1839
1875
1834
1987
1840
1839
1832
1831
1833
1870
1841
1833
1870
1842
1869
1841
1872
1867
1831
1836
1830
1834
1839
1841
1863
1921
1868
1838
1871
1831
1835
1841
1835
1837
1833
1836
1841
1834
1837
1833
1835
1906
1834
1837
1864
1837
1870
1834
1837
1868
1845
1867
1830
1844
1875
2711
1834
2316
1907
1842
1872
1835
1866
1831
1833
1865
1844
1837
1839
1872
1842
1889
1876
1871
1837
1838
1900
1855
1882
1863
1839
1843
1868
1840
1844
1868
1840
1858
1840
1839
1834
2865
1840
1903
1876
1874
2234
1839
1914
1841
1832
1873
1836
1862
1840
1873
1844
1890
1832
1866
1839
1899
1831
1839
1865
1843
1832
1862
1866
1874
1866
1835
1835
1867
1836
1835
1833
1867
1838
1834
1837
1873
1879
1868
1835
1837
1871
1870
1925
1834
1886
1895
1887
1835
1841
1880
1833
1838
1840
1834
1840
1831
1893
1866
1870
1877
1836
1839
1868
1866
1831
1839
1834
1837
2009
1841
1841
1834
1835
1834
1866
1866
1840
1837
1840
1837
1838
1846
1893
1848
1868
1867
1835
1840
1838
1834
1836
1841
1842
1834
1880
1861
1870
1837
1884
1835
1872
1835
1867
1834
1835
1860
1843
1841
1865
1870
1863
1849
1841
1842
1834
1838
1840
1877
1840
1841
1838
1833
1871
1838
1868
1834
1837
1835
1842
1868
1836
1884
1864
1834
1829
1892
1841
1875
1837
1842
1868
1835
1868
2349
1835
1867
1869
1865
1869
1841
1841
1874
1876
1872
1839
1873
1837
1868
1839
1836
1842
1871
1835
1893
1838
1835
1898
1835
1871
1835
1838
1839
1872
1835
1841
1851
1831
1856
1873
1837
1867
1852
1905
1871
1837
1851
1834
1839
1835
1838
1842
1838
1840
1836
1838
1839
1840
1842
1841
1828
1837
1834
1873
1831
1839
1854
1836
1835
1851
1849
1895
1831
2260
1874
1866
1833
1871
1843
1865
1867
1835
1840
1847
1865
1874
1831
1839
1834
1870
1838
1834
1835
1842
1841
1833
1837
1832
1827
1839
1858
1827
1842
1839
1862
1838
1837
1835
1836
1866
1834
1838
1846
1840
1832
1839
1880
1874
1838
1837
1833
1871
1838
1908
1835
1835
1837
2074
1836
1839
1838
1833
1868
1839
1834
1833
1866
1867
1865
1838
1834
1833
1832
1832
1834
1845
1837
1832
1836
1840
1837
1867
1870
1871
1835
1870
1876
1833
1839
1872
1856
1831
1839
1878
1876
1983
1833
1873
1882
2420
1838
1830
1837
1836
1865
1843
1831
1832
1833
1872
1837
1872
1840
1872
1833
1837
1876
1835
1875
1836
1910
1842
1840
1842
1877
1870
1837
1898
1838
1886
1833
1912
1833
1838
1889
1862
1838
1887
1835
1834
1867
1836
1935
1875
1829
2911
1840
1864
1889
1880
1892
1838
1865
1841
1837
1867
1832
1832
1841
1836
1839
1869
1840
1832
1883
1840
1840
1840
1835
1834
1862
1871
1836
1839
1835
1846
1836
1838
1860
1841
1870
1899
1844
1882
1876
1877
1838
1880
1867
1840
1858
1829
1872
1838
1873
1893
1840
1867
1872
1841
1866
1872
1875
1837
1910
1835
1837
1829
1832
1836
1836
1832
1865
1879
1832
1832
1869
1843
1835
1833
1843
1842
1889
1834
1870
1839
1831
1868
1839
1835
1844
1839
1838
1839
1885
1931
2214
1842
1842
1914
1836
2563
1876
1855
1873
1835
1902
1840
1838
1924
1831
1842
1840
1871
1895
1837
1834
1833
1841
1894
1868
1838
1882
1833
1838
1863
2834
1842
1872
1897
1845
1879
1868
1874
1834
1835
1838
1846
1873
1890
1835
1867
1843
1860
1841
1831
1833
1869
1870
1834
1839
1837
1865
1830
1878
1865
1859
1836
1842
1841
1839
1890
1831
1840
1833
1832
1867
1837
1837
1830
1840
1831
1868
1841
1873
1837
1836
1841
1827
1927
1835
1893
1880
1836
1830
1837
1833
1877
1841
1837
1834
1845
1832
1876
1866
1838
1889
1835
1872
1913
1867
1830
1831
1836
1867
1868
1835
1872
1864
1841
1870
1843
1843
1832
1837
1840
1865
1832
2582
1836
1836
1862
1869
1837
1838
1885
1892
1831
1887
1840
1834
1838
1844
1839
1867
1832
1837
1842
1848
1839
1835
1839
1865
1840
1835
1869
1840
1862
1834
1836
1860
1865
1872
1838
2296
1863
1838
1839
1837
1840
1867
1873
1868
1837
1833
1865
1836
1858
1838
1837
1867
1840
1859
1851
1834
1869
1834
1868
1841
1868
1836
1872
1828
1838
1834
1841
1835
1839
1837
1833
1922
1892
1834
1839
1844
1842
1872
1867
1834
1871
1838
1903
1923
1832
1837
1838
1834
1874
1861
1915
1867
1840
1886
1832
1836
1836
1836
1851
1870
1869
1840
1829
1888
1835
1855
1840
1868
1871
1839
1837
1831
1870
1836
1854
1870
1865
1839
1873
1835
1834
1865
1909
1839
1866
1845
1841
1840
1870
1865
1835
1842
1837
1844
1836
1867
1835
1841
1830
1838
1831
1873
1900
1840
1842
1864
1913
1890
1839
1834
1866
1838
1886
1839
2813
1835
1838
1870
1831
1836
1976
1836
1838
1909
1834
1827
1841
1838
1840
1943
1836
1827
1839
1840
1842
1865
1922
1834
1835
1835
1871
1867
1842
1904
1870
1837
1863
1920
1841
1878
1830
1864
1833
1838
1872
1830
1862
1836
2176
1842
1836
1842
1868
1878
1843
1839
1873
1836
1835
1838
1840
1830
1868
1929
1840
1867
1859
1837
1864
1909
1828
1836
1918
1835
1915
1870
1835
1837
1838
1869
1875
1839
1871
1836
1866
1834
1831
1912
1852
1833
1840
1842
1834
1859
1845
1831
1840
1834
1837
1841
1867
1838
1837
2573
1868
1868
1837
1847
1892
1838
1833
1887
1837
1870
1836
1910
1831
1834
1872
1907
1841
1884
1909
1834
1835
2122
1841
1836
1834
1835
1873
1843
2339
1873
1841
1840
1836
1834
1838
1838
1836
1839
1838
1869
1833
1873
1915
1835
1840
1898
1836
1832
1877
1874
1837
1832
1830
1838
1877
1871
1872
1837
1884
1839
1841
1849
1833
1865
1836
1832
1839
1873
1834
1880
2750
1861
1842
1874
1861
1839
1910
1911
1840
1835
1868
1835
1867
1887
1873
1860
1838
1905
1870
1886
1838
1863
1840
1833
1833
1834
1835
1838
1839
1834
1842
1836
1866
1918
1840
1833
1831
1834
1869
1837
1830
1844
1837
1878
1838
1838
1864
1834
1842
1859
1874
1831
1831
1832
1840
1839
1842
1842
1838
1833
1861
1874
1881
1904
1836
1871
1862
1840
1841
1843
1831
1846
1842
1857
1835
1862
1876
1873
1841
1838
1834
1836
1835
1837
1837
1886
1838
1867
1870
1873
1834
1873
1841
1836
1839
1840
1841
1860
1841
1834
1830
1835
1834
1835
1832
1837
1833
1842
1846
1871
1838
1868
1835
1874
1879
1877
1837
1834
1870
1868
1834
1834
1852
1838
1834
1868
1837
1838
1838
1839
1887
1837
1836
1858
1835
1837
1827
1836
1872
1872
1834
1841
1839
1890
1840
1835
1836
1841
1865
1835
1836
1892
1835
1835
1865
1831
1839
1864
1865
1835
1838
1838
1862
1840
1840
1838
1832
1873
2228
1836
1865
1854
1840
1838
1842
2020
1838
1841
2647
1902
1889
1837
1864
1889
1831
1843
1871
1836
1837
1840
1836
1827
1835
1836
1866
2290
1874
1869
1839
1844
1839
1836
1865
1877
1886
1832
1837
1842
1864
1869
1829
1834
1885
1831
1866
1872
1835
1842
1870
1838
1838
1831
1861
1830
1830
2278
1863
1836
4046
1873
1872
1835
1868
1841
1834
1832
1836
1832
1837
1834
1839
1839
1869
1869
1868
1838
1837
1858
1842
1841
1835
1838
1874
1840
1911
1834
1833
1836
1865
1839
1863
1837
1890
1835
1869
1882
1832
1836
1838
1868
1833
1840
1832
1868
1875
2654
1872
1874
1842
1837
1835
1835
1869
1840
1868
1871
1834
1839
1840
1868
1867
1868
2474
1831
1863
1833
1844
1862
2265
1867
1871
1830
1836
1834
1834
1841
1920
1832
1904
1839
1832
1833
1838
1868
1919
1837
1872
1839
1833
1839
1835
1833
1835
1898
1835
1869
1882
1863
1832
1836
1868
1840
1834
1839
1832
1991
1836
1854
1835
1835
1839
1832
1872
1835
2007
1891
1852
1866
1833
1875
1834
1842
1890
1830
1838
1871
1841
1833
1837
1836
1862
1870
1840
1871
1840
1840
1840
1873
1851
1875
2584
1868
1836
1843
1843
1838
1834
1841
1838
1873
1868
1869
1833
1842
1833
1870
1873
1836
1843
1837
1842
1838
1903
1870
1835
1841
1830
1840
1868
1837
1831
1843
1868
1841
1842
1835
1842
1839
1867
1888
1830
1873
1863
1838
1866
1866
1909
1834
1872
1838
1832
2218
1840
1839
1842
1842
1837
1840
1871
1865
1863
1836
1837
1875
1881
1844
1866
1830
1835
1831
1840
1831
1830
1874
1838
1841
1861
1839
1831
1838
1826
1860
1866
1839
1836
1832
1840
1864
1873
1839
1835
1842
1839
1836
1862
1863
1909
1867
1836
1841
1840
1879
1839
1836
1832
1867
1838
1837
1834
1871
1836
1863
1831
1838
1845
1833
1835
1838
1891
1869
1840
1837
1836
1841
1831
1868
1857
1842
1837
1879
1831
1866
1882
2011
1869
1842
1878
1831
1839
1836
1839
1838
1870
1860
1830
1835
1870
1845
1839
1837
1839
1839
1844
1871
1868
1844
1838
1888
1933
1833
1832
1835
1861
1835
1839
1831
1832
1876
1835
1848
1865
1868
1837
1830
1835
1869
1859
1856
1834
1866
1854
1837
3021
1833
1842
1837
1852
1834
1837
1832
1833
1838
1834
1841
1869
1838
1838
1869
1888
1901
1839
1866
1836
1875
1892
1838
1868
3124
1838
1830
1865
1846
1839
1831
1841
1977
1836
1834
1880
1832
1836
1888
1828
1839
1838
1879
1837
1839
1870
1830
1837
1834
1890
1843
1929
1861
1832
1880
1837
1907
1840
1840
1867
1864
1842
1862
1837
1835
1878
1831
1838
1838
1884
1833
1837
1837
1865
1837
1839
1834
1833
1886
1837
1834
1831
1837
1864
1840
1866
1834
1865
1845
1834
2345
1867
1835
1911
1835
1837
1832
1905
1867
1882
1836
1872
1882
1869
1833
1837
1839
1835
1909
1865
1868
1833
1840
1838
1835
1843
1837
1842
1885
1837
1828
1839
1860
1837
1831
1844
1935
1837
1862
1876
1874
1837
1832
1833
1873
1885
1835
1857
1830
1866
1841
1835
1868
1834
1837
1873
1837
1832
1859
1869
1874
1869
1871
1836
2806
1835
1867
1836
1830
1835
1832
1835
1844
1892
1869
1841
1837
1839
1837
1830
1925
1834
1837
1888
1840
1838
1884
1835
1838
1841
1838
1839
1840
1868
1839
1839
1867
1868
1896
1834
1833
1830
1869
1827
1891
1884
1832
1833
1837
1872
1864
1870
1836
1872
1839
1834
1838
1844
1832
1840
1830
2074
1838
1874
1841
1838
1838
1840
1875
1833
1835
1886
1843
1851
1882
1928
1937
1884
1830
1876
1834
1836
1839
1838
1880
1864
1870
1841
1840
1833
1835
1842
1838
1864
1838
1864
1831
1840
1841
1871
1837
1837
1836
1839
1832
1837
1837
1872
1832
1831
2257
1867
1897
1837
1867
1838
1839
1832
1836
1930
1841
1841
1865
1835
1831
1841
1858
1835
1895
1837
1835
1839
1882
1837
2147
1865
2556
1836
1832
1870
1835
1835
1835
1866
1841
1884
1881
1871
1839
1839
1833
1837
1870
2879
1872
1866
1864
1838
1831
1840
1848
1829
1840
1875
1840
1839
1869
1838
1871
1835
1902
1870
1841
1869
1846
1830
1872
1843
1867
1831
1836
1869
1828
1840
1874
1868
1838
1838
1834
1836
1835
1867
1880
1836
1869
1870
1834
1834
1862
1873
1829
1894
1840
1842
1874
1840
1896
1831
1840
1860
1902
1836
1837
1839
1838
1914
1842
1845
1871
1867
1838
1841
1866
1834
1834
1871
1837
1872
1834
1839
1840
1861
1833
1838
1833
1848
1836
1839
1870
1873
1838
1844
1835
1838
1838
1845
1837
1841
1831
1900
1835
1836
2321
1835
1834
1853
1841
1833
1873
1837
1864
1838
2324
1841
1831
1837
1890
1840
2872
1836
1834
1838
1867
1837
1869
1838
1879
1832
1890
1888
1827
1842
1841
1837
1834
1864
1859
1839
1920
1871
1830
1840
1871
1836
1852
1839
1884
1838
1839
1840
1833
1836
1841
1875
1846
1836
1869
1839
1858
1834
1833
1877
1837
1844
1832
1901
1870
1844
1855
1836
1837
1841
1870
1870
1842
1888
1842
