1079
1078
1072
1076
1085
1079
1077
1085
1080
1976
1079
1286
1077
1076
1082
1080
1074
1082
1098
1085
1554
1080
1082
1081
1151
1128
1159
1083
1081
1079
1146
1080
1082
1140
1161
1076
1084
1152
1084
1087
1635
1081
1070
1077
1086
1082
1074
1082
1165
1076
1077
1076
1072
1080
1100
1078
1081
1156
1081
1079
1083
1107
1130
1080
1080
1082
1166
1147
1076
1080
1080
1122
1075
1154
1459
1084
1081
1091
1079
1082
1079
1078
1080
1083
1124
1078
1120
1125
1131
1079
1077
1077
1773
1077
1086
1087
1080
1141
1097
1139
1077
1081
1086
1081
1080
1113
1078
1136
1085
1077
1078
1081
1078
1078
1083
1081
1138
1148
1081
1075
1081
1142
1124
1119
1162
1079
1083
1082
1080
1073
1125
1081
1078
1073
1081
1085
1078
1088
1078
1078
1079
1080
1082
1121
1084
1081
1083
1080
1085
1079
1140
1084
1076
1082
1073
1083
1077
1081
1078
1070
1080
1076
1126
1083
1078
1120
1136
1121
1080
1078
1083
1079
1085
1096
1087
1114
1078
1078
1078
1081
1083
1131
1080
1088
1078
1073
1084
1079
1080
1081
1082
1078
1078
1079
1081
1397
1079
1167
1081
1088
1101
1075
1085
1083
1085
1079
1077
1078
1078
1173
1079
1084
1083
1081
1082
1158
1131
1080
1148
1083
1083
1135
1082
1123
1081
1086
1156
1077
1070
1079
1180
1089
1092
1080
1080
1086
1085
1167
1128
1954
1152
1086
1078
1141
1077
1135
1123
1159
1077
1079
1082
1132
1106
1077
1081
1122
1143
1077
1079
1152
1079
1147
1114
1085
1081
1079
1081
1077
1131
1103
1121
1119
1077
1087
1074
1132
1083
1081
1159
1086
1084
1084
1136
1079
1078
1080
1167
1081
1080
1078
1079
1081
1150
1079
1082
1084
1078
1084
1081
1073
1127
1146
1083
1077
1153
1082
1077
1079
1100
1076
1076
1078
1115
1723
1083
1078
1076
1081
2225
1076
1085
1080
1074
1130
1076
1084
1083
1083
1077
1079
1084
1078
1089
1081
1084
1081
1081
1078
1154
1076
1119
1079
1082
1144
1080
1078
1082
1081
1078
1074
1354
1084
1077
1079
1073
1079
1080
1082
1146
1124
1078
1079
1082
1080
1082
1078
1138
1088
1075
1078
1089
1084
1080
1142
1113
1080
1130
1080
1085
1088
1072
1081
1081
1126
1084
1170
1083
1137
1075
1085
1079
1083
1080
1082
1076
1081
1084
1081
1079
1081
1082
1074
1080
1084
1077
1082
1078
1080
1128
1097
1084
1121
1081
1118
1083
1084
1082
1108
1080
1077
1081
1078
1081
1080
1084
1076
1145
1078
1081
1084
1079
1151
1115
1075
1128
1084
1078
1081
1081
1076
1122
1119
1077
1131
1073
1079
1080
1085
1077
1127
1144
1083
1100
1128
1075
1079
1083
1080
1080
1079
1080
1078
1080
1083
1081
1086
1076
1078
1079
1127
1082
1082
1076
1083
1081
1167
1169
1081
1144
1082
1111
1113
1122
1120
1081
1079
1081
1133
1081
1080
1084
1123
1119
1078
1084
1083
1081
1077
1079
1085
1078
1122
1132
1119
1081
1080
1077
1139
1120
1073
1076
1098
1079
1083
1123
1078
1079
1082
1080
1077
1077
1083
1083
1081
1077
1151
1088
1379
1079
1083
1078
1082
1080
1081
1081
1084
1128
1081
1082
1082
1167
1456
1080
1081
1079
1145
1080
1078
1082
1119
1080
1083
1077
1079
1080
1083
1080
1174
1102
1075
1080
1077
1079
1080
1080
1081
1082
1073
1132
1097
1080
1077
1081
1085
1078
1080
1089
1080
1078
1078
1085
1126
1129
1083
1079
1084
1082
1097
1077
1083
1118
1129
1136
1083
1081
1083
1085
1084
1084
1086
1076
1081
1078
1078
1085
1080
1080
1081
1082
1150
1131
1081
1081
1076
1084
1083
1075
1170
1078
1080
1561
1088
1104
1082
1079
1087
1086
1085
1154
1082
1083
1081
1082
1083
1089
1402
1078
1122
1083
1084
1085
1132
1080
1071
1088
1080
1080
1085
1074
1147
1079
1077
1082
1093
1081
1080
1083
1084
1072
2218
1082
1084
1080
1080
1119
1077
1081
1080
1153
1076
1077
1117
1126
1125
1080
1089
1085
1087
1131
1092
1080
1090
1080
1078
1078
1080
1083
1167
1082
1134
1083
1079
1072
1086
1142
1083
1078
1079
1079
1141
1079
1079
1132
1079
1086
1083
1082
1125
1101
1078
1081
1085
1110
1124
1123
1078
1075
1078
1114
1079
1083
1080
1082
1078
1077
1079
1076
1134
1083
1081
1081
1082
1079
1075
1080
1129
1094
1079
1081
1082
1078
1082
1099
1081
1133
1082
1757
1080
1083
1125
1077
1080
1076
1079
1081
1083
1081
1084
1080
1164
1085
1143
1081
1082
1084
1077
1122
1079
1082
1090
1078
1128
1078
1085
1077
1076
1077
1076
1082
1081
1081
1081
1076
1079
1085
1072
1077
1080
1101
1141
1125
1082
1082
1085
1088
1082
1077
1081
1078
1076
1139
1419
1086
1087
1082
1076
1118
1135
1073
1091
1082
1083
1076
1136
1080
1117
1088
1173
1080
1083
1079
1091
1079
1136
1077
1080
1316
1079
1078
1081
1082
1130
1087
1142
1083
1087
1079
1131
1073
1079
1151
1129
1078
1609
1168
1140
1073
1135
1129
1139
1079
1082
1082
1102
1129
1135
1084
1080
1081
1077
1082
1073
1080
1126
1141
1080
1084
1078
1080
1080
1076
1077
1084
1075
1077
1077
1120
1085
1122
1133
1076
1084
1083
1081
1128
1119
1095
1077
1083
1128
1080
1142
1124
1082
1076
1077
1130
1087
1090
1079
1083
1104
1081
1078
1081
1076
1076
1083
1073
1082
1087
1085
1132
1072
1125
1085
1137
1074
1080
1122
1153
1081
1156
1075
1103
1081
1080
1080
1083
1075
1083
1082
1084
1081
1076
1080
1083
1073
1113
1082
1077
1080
1084
1082
1076
1116
1076
1081
1259
1077
1079
1080
1076
1080
1078
1080
1080
1080
1077
1087
1077
1080
1078
1136
1134
1078
1089
1079
1081
1079
1130
1076
1081
1077
1074
1077
1081
1081
1081
1125
1078
1151
1082
1081
1076
1078
1178
1082
1113
1131
1082
1073
1082
1079
1159
1146
1081
1076
1106
1077
1080
1076
1077
1084
1080
1083
1083
1077
1083
1165
1083
1078
1077
1085
1146
1108
1076
1128
1076
1154
1080
1130
1073
1086
1125
1118
1078
1077
1122
1076
1128
1081
1082
1087
1082
1084
1076
1078
1079
1080
1081
1091
1078
1088
1145
1083
1079
1077
1127
1078
1083
1077
1084
1073
1079
1082
1083
1106
1078
1078
1082
1081
1082
1076
1080
1081
1086
1502
1077
1080
1073
1082
1080
1081
1083
1102
1118
1082
1080
1081
1092
1097
1078
1138
1071
1079
1079
1080
1075
1081
1081
1076
1156
1078
1076
1077
1080
1081
1077
1081
1113
1074
1078
1080
1159
1146
1110
1122
1100
1080
1077
1083
1086
1453
1078
1070
1078
1799
1082
1080
1120
1079
1097
1162
1118
1079
1078
1071
1130
1121
1082
1072
1076
1080
1084
1075
1078
1076
1081
1078
1134
1083
1080
1078
1078
1082
1081
1086
1096
1077
1083
1119
1104
1961
1073
1141
1115
1079
1143
1147
1084
1123
1084
1076
1078
1129
1076
1079
1151
1081
1081
1139
1082
1078
1076
1082
1080
1077
1076
1076
1077
1082
1082
1073
1084
1078
1079
1121
1083
1083
1079
1080
1079
1080
1079
1081
1075
1076
1078
1133
1081
1079
1081
1119
1125
1082
1075
1088
1081
1083
1112
1081
1084
1081
1137
1078
1085
1076
1082
1080
1083
1077
1121
1077
1081
1081
1082
1129
1082
1080
1079
1137
1117
1084
1081
1086
1080
1079
1076
1081
1070
1076
1078
1133
1078
1078
1080
1080
1082
1144
1079
1078
1082
1084
1078
1085
1134
1079
1092
1140
1081
1135
1138
1123
1078
1081
1112
1084
1084
1078
1081
1152
1081
1121
1303
1084
1078
1080
1079
1076
1573
1072
1077
1180
1080
1078
1076
1115
1081
1082
1079
1080
1076
1081
1079
1079
1082
3113
1080
1073
1084
1080
1082
1076
1085
1083
1111
1084
1077
1080
1081
1081
1081
1079
1084
1082
1078
1078
1077
1078
1080
1088
1081
1083
1112
1144
1082
1079
1134
1320
1125
1077
1087
1083
1081
1076
1117
1075
1078
1101
1082
1097
1081
1173
1082
1069
1076
1079
1097
1078
1090
1097
1164
1082
1080
1081
1082
1090
1077
1083
1081
1079
1115
1122
1117
1082
1122
1078
1087
1084
1079
1080
1079
1083
1079
1078
1125
1077
1083
1076
1079
1096
1084
1081
1146
1080
1083
1077
1078
1123
1080
1076
1072
1076
1077
1121
1077
1078
1081
1142
1123
1079
1088
1081
1118
1122
1080
1125
1083
1130
1080
1079
1082
1081
1140
1078
1083
1079
1139
1849
1076
1120
1123
1080
1129
1080
1080
1128
1081
1124
1121
1083
1080
1083
1137
1079
1128
1079
1127
1077
1102
1083
1134
1083
1164
1084
1086
1088
1076
1136
1078
1154
1142
1079
1079
1128
1082
1080
1082
1074
1078
1165
1084
1085
1376
1078
1081
1077
1079
1132
1085
1080
1077
1097
1077
1082
1080
1083
1080
1082
1077
1078
1081
1118
1130
1075
1083
1080
1089
1082
1080
1073
1078
1083
1143
1082
1078
1083
1081
1080
1082
1087
1146
1081
1083
1077
1133
1078
1148
1082
1111
1151
1080
1077
1083
1077
1081
1083
1077
1076
1136
1078
1121
1079
1079
1152
1119
1083
1081
1092
1074
1073
1080
1081
1079
1129
1083
1142
1085
1355
1080
1131
1077
1122
1077
1082
1123
1071
1078
1078
1079
1081
1081
1080
1120
1081
1080
1079
1084
1076
1077
1077
1078
1076
1093
1072
1080
1077
1080
1093
1096
1083
1077
1080
1138
1126
1084
1083
1082
1079
1078
1078
1120
1125
1157
1081
1081
1081
1081
1072
1082
1073
1083
1121
1078
1076
1085
1083
1083
1084
1078
1078
1078
1082
1073
1078
1079
1086
1124
1082
1085
1081
1081
1102
1119
1116
1076
1120
1115
1556
1083
1081
1079
1098
1080
1086
1122
1077
1076
1080
1114
1083
1087
1118
1089
1078
1126
1126
1085
1082
1082
1138
1077
1081
1087
1076
1082
1131
1083
1084
1077
1082
1083
1083
1078
1080
1089
1082
1133
1119
1081
1143
1079
1081
1083
1077
1083
1122
1086
1071
1081
1128
1138
1078
1164
1081
1129
1138
1082
1071
1083
3123
1079
1081
1077
1082
1079
1119
1084
1132
1078
1079
1150
1082
1083
1083
1077
1081
1080
1080
1149
1078
1077
1078
1081
1169
1091
1079
1081
1075
1080
1129
1078
1078
1079
1079
1082
1077
1124
1129
1084
1082
1140
1077
1076
1083
1080
1080
1078
1085
1122
1119
1074
1123
1080
1077
1082
1078
1099
1561
1122
1082
1130
1217
1083
1129
1078
1082
1157
1096
1127
1081
1078
1083
1077
1072
1082
1083
1074
1077
1085
1139
1129
1075
1079
1077
1151
1079
1078
1080
1071
1082
1084
1082
1105
1087
1081
1082
1120
1074
1080
1084
1112
1077
1339
1073
1081
1082
1086
1084
1077
1096
1080
1158
1128
1077
1073
1075
1079
1085
1081
1193
1080
1146
1083
1076
1078
1127
1076
1122
1145
1076
1084
1082
1075
1085
1080
1076
1158
1075
1079
1117
1086
1079
1102
1078
1077
1079
1078
1077
1082
1120
1080
1081
1082
1080
1483
1129
1127
1072
1084
1078
1119
1078
1112
1081
1081
1134
1081
1081
1165
1077
1121
1079
1079
1084
1103
1129
1080
1119
1084
1078
1129
1077
1083
1136
1098
1080
1081
1085
1080
1073
1084
1083
1078
1138
1097
1075
1083
1078
1089
1083
1083
1123
1079
1121
1098
1092
1087
1080
1078
1082
1076
1083
1084
1082
1087
1081
1076
1080
1088
1750
1123
1126
1079
1133
1087
1081
1081
1118
1084
1076
1084
1076
1073
1085
1127
1078
1078
1136
1127
1102
1087
1072
1084
1122
1124
1117
1078
1124
1075
1077
1081
1078
1078
1083
1092
1082
1078
1080
1077
1078
1130
1079
1082
1075
1083
1083
1084
1081
1165
1166
1077
1079
1121
1079
1086
1129
1081
1120
1079
1097
1098
1162
1082
1083
1077
1108
1080
1080
1077
1082
1083
1095
1112
1123
1083
1085
1078
1077
1086
1152
1167
1128
1082
1119
1158
1166
1082
1071
1081
1078
1085
1072
1086
1088
1077
1079
1082
1136
1085
1078
1089
1087
1079
1080
1081
1098
1080
1127
1130
1081
1085
1084
1072
1143
1138
1129
1079
1072
1073
1077
1078
1082
1079
1120
1083
1083
1085
1082
1078
1082
1081
1080
1120
1080
1112
1079
1129
1074
1080
1079
1077
1083
1131
1126
1121
1084
1083
1081
1076
1080
1094
1087
1079
1076
1079
1082
1082
1103
1093
1085
1083
1078
1124
1080
1076
1159
1120
1099
1100
1079
1078
1116
1076
1077
1081
1077
1122
1079
1078
1080
1084
1077
1079
1083
1081
1080
1079
1083
1077
1083
1126
1082
1122
1079
1074
1086
1083
1077
1120
1077
1086
1123
1117
1079
1080
1080
1080
1133
1077
1149
1082
1429
1079
1116
1119
1081
1078
1080
1079
1083
1078
1098
1149
1129
1082
1075
1359
1087
1127
1082
1431
1082
1119
1075
1079
1085
1078
1078
1087
1080
1072
1079
1086
1080
1080
1079
1164
1081
1083
1078
1080
1081
1080
1136
1080
1076
1170
1136
1076
1139
1077
1084
1079
1118
1119
1080
1083
1076
1082
1860
1089
1143
1088
1102
1076
1086
1125
1080
1086
1082
1165
1641
1079
1079
1079
1080
1081
1078
1127
1080
1083
1077
1079
1091
1082
1079
1081
1082
1083
1864
1086
1129
1075
1079
1145
1092
1080
1084
1078
1126
1163
1082
1075
1173
1128
1082
1073
1703
1084
1085
1118
1088
1086
1082
1155
1122
1081
1130
1080
1078
1081
1080
1080
1082
1079
1104
1079
1083
1071
1084
1072
1126
1085
1120
1082
1092
1079
1117
1080
1083
1077
1127
1121
1080
1083
1086
1082
1079
1382
1077
1080
1077
1078
1078
1082
1083
1071
1091
1085
1082
1089
1122
1092
1128
1121
1119
1080
1088
1130
1080
1127
1077
1081
1136
1079
1093
1081
1129
1076
1083
1093
1086
1138
1082
1079
1085
1077
1238
1082
1082
1114
1085
1077
1080
1124
1080
1077
1081
1073
1079
1079
1081
1077
1083
1072
1129
1081
1082
1132
1075
1121
1083
1081
1081
1079
1078
1080
1084
1082
1078
1138
1081
1084
1077
1078
1083
1100
1083
1073
1075
1145
1084
1077
1079
1081
1077
1123
1083
1079
1077
1079
1082
1079
1103
1110
1098
1081
1075
1086
1078
1080
1081
1142
1080
1089
1093
1084
1078
1571
1138
1080
1125
1079
1566
1080
1125
1080
1125
1366
1127
1083
1076
1088
1079
1089
1084
1072
1079
1128
1079
1081
1076
1083
1083
1118
1077
1079
1078
1139
1119
1129
1073
1104
1079
1079
1122
1077
1080
1119
1138
1085
1121
1121
1079
1082
1160
1068
1097
1153
1080
1082
1109
1106
1078
1084
1141
1087
1086
1081
1127
1082
1081
1083
1136
1080
1075
1084
1075
1087
1082
1078
1080
1081
1077
1084
1082
1080
1085
1080
1077
1082
1083
1117
1128
1075
1081
1086
1083
1082
1077
1081
1076
1082
1167
1153
1133
1079
1082
1081
1076
1081
1097
1083
1081
1084
1136
1082
1143
1082
1076
1083
1080
1081
1129
2388
1344
1076
1078
1122
1079
1491
1122
1080
1078
1083
1108
1084
1084
1083
2438
1078
1078
1077
1079
1080
1084
1073
1077
1083
1071
1081
1085
1080
1080
1132
1081
1081
1079
1080
1081
1084
1108
1532
1084
1101
1076
1078
1084
1080
1077
1090
1081
1148
1085
1082
1692
1082
1118
1126
1127
1081
1072
1077
1078
1071
1086
1083
1082
1114
1079
1079
1080
1791
1078
1136
1080
1080
1081
1079
1116
1082
1083
1082
1079
1129
1132
1085
1158
1086
1118
1083
1138
1082
1089
1082
1083
1083
1077
1083
1081
1076
1079
1114
1081
1081
1077
1081
1075
1079
1083
1078
1072
1079
1151
1081
1109
1078
1137
1079
1081
1074
1079
1121
1081
1083
1159
1129
1074
1079
1082
1122
1073
1183
2016
1078
1084
1125
1084
1115
1102
1076
1081
1082
1081
1155
1082
1132
1083
1077
1079
1134
1076
1077
1077
1083
1081
1084
1085
1083
1532
1088
1082
1117
1078
1074
1119
1082
1084
1079
1118
1081
1163
1082
1086
1122
1082
1347
1083
1098
1121
1078
1119
1414
1134
1075
1127
1082
1108
1121
1080
1122
1083
1085
1076
1079
1085
1080
1078
1173
1113
1080
1094
1084
1085
1073
1082
1166
1086
1158
1079
1150
1086
1083
1078
1084
1122
1133
2387
1080
1083
1078
2154
1082
1132
1082
1076
1078
1078
1078
1091
1082
1079
1075
1076
1120
1153
1076
1168
1084
1081
1078
1113
1080
1084
1084
1113
1084
1076
1122
1131
1072
1082
1116
1132
1083
1077
1075
1101
1082
1088
1078
1079
1081
1153
1088
1084
1076
1078
1076
1080
1087
1129
1081
1081
1115
1075
1076
1081
1082
1077
1125
1081
1079
1079
1076
1081
1079
1081
1077
1082
1078
1082
1081
1074
1077
1083
1137
1080
1078
1083
1082
1083
1082
1078
1076
1082
1125
1083
1098
1117
1080
1083
1100
1081
1095
1115
1139
1082
1072
1079
1121
1080
1130
1122
1120
1083
1087
1081
1081
1128
1081
1082
1083
1152
1088
1147
1083
1079
1083
1079
1081
1136
1082
1112
1084
1090
1079
1147
1082
1078
1091
1081
1076
1079
1079
1088
1083
1085
1127
1149
1084
1121
1083
1077
1081
1079
1083
1084
1077
1074
1095
1078
1082
1076
1083
1079
1079
1080
1085
1078
1083
1730
1085
1126
1079
1118
1081
1084
1118
1084
1081
1122
1082
1076
1083
1085
1126
1082
2046
1130
1079
1472
1101
1078
1077
1080
1080
1078
1076
1117
1077
1080
1081
1074
1082
1084
1087
1117
1080
1079
1129
1118
1078
1156
1081
1133
1083
1079
1076
1080
1092
1076
1123
1073
1122
1075
1082
1078
1073
1080
1080
1078
1102
1116
1080
1078
1124
1115
1081
1078
1081
1146
1130
1082
1082
1084
1155
1160
1081
1141
1079
1121
1130
1079
1120
1079
1117
1084
1094
1124
1082
1080
1082
1080
1080
1127
1156
1076
1075
1082
1078
1076
1086
1156
1077
1076
1081
1070
1083
1138
1078
1134
1080
1077
1080
1078
1122
1125
1081
1124
1085
1080
1083
1084
1082
1127
1083
1081
1082
1133
1079
1140
1080
1083
1085
1086
1083
1086
1082
1078
1082
1072
1079
1080
1080
1078
1086
1080
1072
1079
1078
1114
1083
1082
1124
1137
1081
1130
1084
1122
1081
1082
1073
1080
1082
1117
1079
1083
1078
1078
1088
1077
1078
1078
1073
1124
1124
1084
1081
1078
1077
1082
1084
1076
1077
1111
1096
1119
1087
1122
1081
1080
1146
1164
1079
1082
1118
1078
1081
1081
1081
1159
1120
1087
1102
1078
1120
1082
1125
1083
1080
1077
1082
1077
1099
1081
1078
1110
1170
1082
1080
1086
1082
1076
1082
1132
1146
1146
1080
1169
1083
1162
1083
1081
1078
1380
1080
1081
1081
1081
1126
1078
1083
1082
1084
1078
1077
1082
1083
1071
1082
1088
1125
1119
1087
2290
1078
1102
1122
1076
1084
1078
1118
1074
1134
1082
1081
1083
1078
1080
1080
1078
1081
1127
1082
1129
1080
1134
1078
1113
1118
1078
1081
1105
1081
1078
1156
1537
1080
1083
1082
1080
1101
1094
1087
1119
1122
1079
1078
1157
1127
1076
1077
1078
1103
1078
1070
1077
1082
1082
1079
1079
1079
1668
1127
1082
1082
1082
1116
1121
1078
1081
1080
1136
1082
1085
1073
1080
1077
1079
1081
1083
1082
1079
1108
1083
1131
1072
1079
1161
1138
1083
1142
1079
1079
1078
1074
1078
1102
1081
1078
1079
1109
1088
1099
1081
1079
1117
1081
1077
1079
1079
1080
1072
1083
1073
1125
1124
1079
1082
1078
1077
1116
1155
1075
1079
1133
1163
1078
1082
1121
1084
1124
1157
1079
1111
1079
1080
1082
1083
1080
1085
1076
1077
1120
1278
1486
1087
1082
2325
1164
1122
1168
1107
1081
1081
1079
1077
1080
1086
1084
1127
1082
1076
1080
1078
1126
1082
1087
1081
1079
1081
1082
1079
1080
1081
1076
1164
1076
1071
1120
1079
1080
1080
1117
1140
1076
1079
1077
1079
1084
1087
1088
1082
1085
1083
1099
1076
1135
1081
1078
1082
1110
1079
1081
1089
1074
1078
1105
1078
1082
1081
1079
1082
1077
1081
1077
1081
1078
1689
1082
1084
1082
1082
1083
1128
1079
1122
1083
1079
1074
1080
1082
1083
1076
1079
1080
1145
1078
1079
1077
1078
1082
1080
1080
1086
1083
1078
1081
1083
1146
1077
1082
1123
1159
1122
1082
1149
1127
1079
1081
1087
1086
1079
1083
1072
1081
1082
1083
1082
1083
1082
1081
1079
1117
1084
1077
1078
1096
1074
1119
1079
1125
1079
1173
1077
1130
1077
1084
1080
1083
1177
1096
1078
1080
1079
1080
1143
1081
1082
1077
1131
1075
1081
1080
1135
1079
1137
1078
1253
1131
1087
1133
1077
1120
1139
1130
1077
1078
1079
1082
1079
1133
1158
1079
1114
1114
1081
1078
1086
1071
1074
1079
1079
1135
1078
1081
1109
1075
1081
1080
1123
1086
1080
1086
1084
1151
1083
1121
1080
1081
1124
1077
1078
1081
1080
1081
1080
1126
1078
1082
1120
1083
1086
1079
1085
1083
1079
1092
1367
1080
1073
1082
1074
1113
1087
1153
1082
1085
1082
1119
1078
1081
1079
1088
1083
1111
1078
1097
1115
1083
1118
1082
1118
1115
1077
1087
1081
1079
1079
1079
1078
1083
1090
1079
1091
1079
1081
1084
1078
1106
1845
1136
1130
1080
1082
1114
1080
1080
1084
1381
1081
1078
1080
1081
1072
1086
1132
1080
1081
1081
1073
1082
1077
1079
1081
1081
1082
1083
1081
1105
1124
1127
1121
1082
1081
1077
1271
1084
1079
1079
1079
1081
1081
1084
1080
1080
1082
1098
1077
1082
1773
1087
1081
1080
1077
1081
1078
1082
1082
1155
1087
1080
1084
1149
1078
1078
1079
1915
1074
1085
1081
1071
1079
1080
1076
1084
1082
1082
1079
1159
1079
1076
1156
1117
1074
1079
1080
1139
1077
1252
1079
1083
1080
1078
1086
1133
1098
1081
1083
1082
1082
1085
1080
1112
1080
1083
1081
1080
1078
1081
1081
1128
1123
1078
1080
1089
1083
1079
1081
1081
1083
1080
1078
1152
1122
1081
1081
1083
1080
1079
1117
1079
1078
1081
1123
1078
1079
1078
1074
1078
1077
1132
1078
1129
1787
1081
1080
1082
1088
1084
1105
1104
1080
1173
1086
1081
1082
1082
1087
1085
1083
1080
1125
1080
1116
1080
1080
1077
1137
1082
1084
1110
1083
1080
1079
1115
1081
1079
1079
1083
1072
1084
1079
1132
1078
1121
1125
1079
1075
1131
1080
1085
1107
1125
1082
1078
1078
1079
1083
1112
1080
1116
1077
1081
1079
1117
1084
1082
1076
1083
1141
1080
1078
1087
1082
1143
1083
1079
1084
1082
1082
1081
1079
1078
1081
1079
1119
1087
1139
1125
1075
1084
1079
1118
1076
1136
1126
1077
1168
1080
1143
1142
1078
1084
1081
1142
1078
1123
1078
1079
1082
1081
1085
1078
1128
1081
1083
1083
1120
1090
1123
1122
1083
1148
1116
1124
1139
1130
1080
1084
1082
1084
1073
1098
1078
1078
1085
1071
1078
1087
1077
1114
1077
1080
1089
1131
1080
1080
1078
1080
1083
1083
1075
1075
1082
1122
1097
1079
1076
1125
1080
1080
1079
1079
1082
1113
1124
1077
1104
1082
1103
1173
1131
1154
1079
1123
1081
1081
1125
1077
1129
1084
1117
1083
1072
1583
1081
1079
1078
1079
1084
1116
1070
1080
1076
1078
1086
1077
1078
1082
1081
1079
1084
1083
1081
1125
1116
1080
1081
1082
1082
1134
1088
1118
1080
1080
1079
1118
1079
1082
1076
1072
1086
1086
1083
1080
1113
1078
1141
1119
1078
1081
1082
1081
1077
1073
1079
1083
1078
1082
1078
1584
1143
1081
1083
1077
1121
1115
1092
1076
1080
1075
1082
1080
1163
1080
1119
1073
1164
1078
1145
1077
1136
1084
1081
1082
1077
1077
1074
1083
1120
1082
1150
1082
1130
1082
1119
1082
1077
1102
1075
1078
1080
1083
1080
1080
1084
1095
1078
1080
1082
1077
1080
1079
1083
1533
1314
1082
1152
1082
1077
1077
1071
1123
1079
1081
1081
1082
1079
1078
1075
1072
1075
1111
1087
1082
1083
1132
1082
1080
1082
1084
1129
1082
1082
1082
1078
1080
1080
1083
1079
1083
1081
1082
1083
1084
1077
1078
1076
1098
1084
1077
1081
1081
1126
1085
1080
1083
1082
1084
1076
1081
1080
1082
1079
1077
1079
1122
1084
1078
1079
1084
1127
1128
1081
1098
1079
1084
1081
1079
1208
1084
1072
1078
1129
1120
1117
1084
1111
1082
1083
1079
1080
1082
1083
1083
1130
1147
1081
1083
1145
1080
1078
1077
1114
1139
1078
1451
1084
1081
1128
1087
1119
1076
1471
1155
1120
1079
1082
1084
1077
1078
