559
657
569
556
557
560
571
558
1391
1056
568
555
556
557
561
557
555
608
563
562
561
556
556
563
656
564
621
565
560
610
564
569
556
561
562
560
563
561
610
566
561
566
607
561
563
562
571
561
558
559
560
555
556
556
610
556
560
568
557
555
567
556
561
561
565
566
560
563
562
569
562
611
562
564
560
556
572
1212
560
562
556
562
562
572
566
566
555
556
557
614
555
562
561
560
555
556
559
556
1416
577
610
556
566
613
557
556
568
605
557
568
722
559
556
563
627
560
556
559
574
604
563
560
622
562
566
561
563
563
562
573
561
558
562
563
1621
555
561
1244
564
561
563
560
560
565
556
610
1410
561
560
562
571
552
622
556
556
606
617
556
581
560
560
556
567
560
575
556
555
569
560
556
560
560
557
560
560
556
559
556
581
1442
557
562
556
556
624
556
565
557
560
560
561
564
555
556
564
562
560
557
607
561
562
556
563
559
601
557
556
560
561
556
556
562
564
556
566
560
557
562
556
560
555
556
561
561
556
574
563
560
583
560
603
555
561
612
556
581
561
562
556
563
616
555
566
559
563
569
566
573
560
619
566
557
559
565
557
567
563
566
990
559
562
565
580
561
560
566
561
581
556
1695
608
560
562
556
561
556
572
1349
559
562
555
559
566
559
556
564
559
560
560
751
564
565
563
562
609
714
561
559
563
563
561
561
566
609
573
560
578
562
557
579
596
625
560
571
560
559
562
556
557
562
560
565
562
612
558
557
560
560
565
560
558
556
1262
561
562
556
556
583
564
556
573
568
561
610
560
563
563
556
556
561
559
560
561
556
560
562
557
556
561
563
560
568
556
567
565
562
559
562
577
614
612
560
565
555
556
564
564
562
556
555
559
560
559
566
555
556
560
557
562
560
558
556
613
562
556
560
560
606
566
555
566
560
560
572
560
555
606
560
566
555
567
565
560
560
559
561
566
556
563
561
570
556
562
556
567
557
560
563
567
565
582
599
560
556
564
561
561
568
593
565
565
621
556
561
560
564
563
641
559
556
622
565
562
563
556
556
563
566
562
562
559
562
561
564
556
564
560
555
557
560
559
563
559
1456
567
578
560
559
557
556
563
565
557
557
679
559
556
559
560
561
556
563
560
569
556
560
571
556
562
556
559
576
560
568
560
557
562
560
556
570
559
558
568
564
566
559
562
563
564
556
560
562
566
556
563
560
564
560
559
566
560
562
556
556
565
636
578
559
617
566
565
555
557
556
557
561
563
557
566
556
561
566
562
563
562
558
561
562
565
563
565
557
565
562
557
558
566
555
559
555
562
559
563
616
565
569
566
1052
563
566
567
556
567
564
565
565
562
556
562
562
562
555
555
561
573
566
562
557
557
562
559
614
556
574
557
559
564
562
560
560
559
572
572
556
567
557
567
563
605
583
570
556
560
559
562
556
556
612
576
559
610
606
561
556
561
563
555
652
559
562
579
562
562
560
559
560
560
558
561
571
562
1420
556
561
559
556
555
559
624
558
556
559
556
565
560
560
560
556
559
565
556
561
567
560
564
557
609
778
559
555
560
563
562
560
564
641
556
563
556
561
562
566
559
560
566
565
561
562
556
556
561
561
563
556
562
559
563
556
556
561
565
563
562
559
568
568
566
563
618
559
631
568
556
556
562
559
564
1073
557
562
557
564
562
562
560
564
563
560
556
563
557
562
573
570
591
563
556
639
559
565
555
622
612
565
556
603
555
566
561
563
556
565
628
560
566
565
609
1250
563
562
561
573
572
559
555
556
561
563
556
556
556
555
562
563
562
556
633
559
556
563
556
560
556
563
555
563
556
559
562
556
560
565
553
563
562
565
559
563
655
562
559
562
561
562
599
560
566
556
615
566
618
560
569
562
557
567
564
572
562
614
558
565
560
561
555
659
559
605
573
563
610
572
562
562
562
555
567
564
561
565
560
561
563
1151
614
576
559
567
587
562
567
575
560
560
561
560
557
562
561
562
559
556
561
561
555
557
562
561
565
555
620
565
556
560
559
566
560
572
589
555
556
564
564
570
555
613
563
559
573
563
575
565
564
556
564
556
562
560
557
557
614
556
563
560
565
1141
560
563
555
561
556
556
556
560
559
556
559
559
560
558
566
568
556
557
556
565
559
559
559
607
561
566
562
570
560
564
555
556
556
563
559
562
556
564
614
564
560
562
557
558
564
573
560
556
560
641
565
602
562
564
562
555
607
565
629
556
558
555
560
557
562
563
556
566
557
561
568
556
559
559
634
557
569
556
555
611
557
561
555
560
564
836
566
562
559
566
555
560
565
556
574
562
561
569
556
561
559
563
563
558
615
556
628
559
567
556
557
562
555
556
559
561
555
555
614
557
562
604
562
634
618
566
561
560
560
561
556
558
609
565
566
556
563
556
556
556
561
618
555
556
564
575
568
560
560
563
563
557
564
556
560
625
555
556
616
560
566
565
564
652
619
562
560
561
555
559
556
566
556
566
562
567
565
562
565
557
560
565
693
615
580
560
561
556
557
559
561
562
607
556
555
563
559
556
562
561
557
561
616
561
561
560
566
555
556
556
557
563
559
561
566
605
556
562
566
561
569
565
555
575
563
565
560
602
563
556
566
555
562
557
561
560
559
561
556
562
565
562
556
556
563
611
555
572
556
556
560
557
567
556
562
583
651
1615
565
557
566
632
556
566
623
568
565
1287
563
560
556
560
560
556
557
651
1469
569
561
617
556
567
567
631
585
557
557
562
568
563
556
772
576
615
559
561
560
557
566
556
566
555
565
556
584
564
563
565
566
674
561
561
562
563
613
560
564
560
566
556
618
563
567
555
563
575
564
563
556
562
562
563
557
557
556
563
559
559
559
559
562
571
615
560
565
774
561
875
557
560
565
555
560
560
566
556
556
573
559
562
560
562
565
556
568
556
566
560
559
560
555
561
555
564
559
559
567
567
559
556
563
555
561
614
616
564
562
565
585
561
565
556
560
560
562
559
559
560
556
561
562
1047
570
560
566
566
611
562
561
562
556
556
574
557
644
563
566
641
565
560
566
559
791
566
556
564
563
563
555
561
573
555
562
612
563
566
563
556
581
575
611
565
556
568
563
562
566
595
556
556
565
569
567
608
557
565
556
560
556
613
556
559
567
562
555
561
568
559
684
562
566
563
564
556
557
560
633
562
562
561
564
565
562
562
561
556
563
555
555
691
560
556
562
1002
563
556
565
557
564
561
558
562
565
557
562
570
565
555
613
556
557
556
560
562
556
562
556
557
555
562
560
577
556
563
562
566
562
559
566
576
559
560
555
565
565
560
564
556
565
562
624
1625
611
562
565
559
606
615
563
564
609
560
563
557
565
561
565
561
556
565
563
565
559
563
563
555
560
556
559
555
615
619
629
566
557
611
561
562
555
560
566
556
555
560
565
564
561
561
556
563
564
615
576
559
615
565
564
613
559
556
560
566
556
560
556
565
562
556
565
559
561
1260
556
560
611
556
555
561
556
557
560
563
556
561
560
562
567
559
558
569
560
556
555
618
555
557
1181
556
564
658
562
555
563
614
566
560
560
575
566
671
562
556
562
562
557
556
566
563
564
557
565
560
559
566
560
560
555
555
565
562
614
571
566
556
560
563
557
560
561
571
608
565
573
560
563
563
568
562
610
564
561
610
556
563
560
567
560
555
571
563
560
562
559
556
555
561
562
604
555
556
560
566
556
559
560
572
560
560
563
565
566
611
575
560
612
559
565
562
560
556
556
556
556
563
562
563
562
563
566
557
562
562
556
838
559
581
560
559
556
557
575
572
560
557
563
563
566
560
562
1617
557
563
557
562
559
555
608
559
561
566
556
608
559
564
560
565
563
565
561
563
563
606
565
556
561
561
565
556
771
556
555
562
564
609
610
561
596
555
561
562
565
563
562
560
565
556
615
612
555
566
560
562
557
562
562
562
556
564
561
556
559
560
576
566
562
557
566
617
586
563
564
558
560
557
556
556
562
635
567
556
560
565
557
610
624
563
556
571
562
563
609
560
563
565
573
563
559
555
557
561
556
558
565
561
559
563
561
561
556
560
562
562
569
562
560
557
555
555
610
555
556
558
561
566
555
559
555
557
556
567
628
555
561
566
561
569
556
560
562
559
560
566
556
616
557
556
566
560
555
556
561
561
565
556
556
562
555
556
605
602
560
560
601
561
564
566
560
563
557
557
569
559
607
555
567
561
567
1233
556
556
604
559
559
561
556
559
559
599
556
559
560
555
566
560
558
556
556
561
561
566
552
563
555
557
560
559
556
565
571
563
566
566
562
562
557
562
560
566
555
561
560
561
556
556
561
558
556
569
615
565
556
612
561
564
559
560
568
556
567
561
565
556
560
561
570
563
602
560
559
561
555
578
556
559
613
560
555
622
560
576
564
562
559
556
561
567
557
557
568
555
579
557
557
555
605
559
564
560
556
561
563
556
561
556
637
566
560
555
556
563
560
559
564
567
560
559
556
562
559
557
556
563
600
566
561
556
563
565
560
561
556
565
563
560
560
556
627
569
556
562
645
559
556
562
560
561
560
560
574
611
559
605
566
564
621
562
559
561
560
561
565
557
567
563
573
564
616
556
560
561
562
555
571
609
604
560
555
625
561
556
562
611
564
556
562
563
565
555
556
556
568
562
561
561
560
556
556
559
556
564
563
557
560
567
589
563
568
812
556
617
565
566
564
567
559
562
563
575
564
556
560
565
562
556
558
562
570
560
571
566
565
576
557
560
557
556
561
556
575
571
618
629
557
563
567
560
567
558
566
555
560
563
560
568
556
596
608
563
556
560
556
569
556
613
607
557
557
563
556
556
560
564
611
561
555
556
564
556
555
562
556
563
571
558
561
564
556
560
564
556
556
556
561
562
616
561
560
563
556
566
606
556
562
632
555
566
619
563
562
559
561
560
559
563
606
566
556
560
562
564
559
556
555
609
557
604
758
562
561
649
559
558
565
560
560
1503
555
562
561
565
618
563
555
563
558
561
561
563
2220
557
556
557
561
562
556
611
609
565
559
560
560
565
556
566
556
556
559
568
578
563
559
563
565
556
616
556
556
560
560
559
1252
564
556
1436
562
572
597
1268
567
560
559
572
562
602
604
561
555
571
557
1361
562
555
557
556
567
563
622
559
560
560
563
564
561
617
563
560
555
561
566
561
569
563
557
626
639
563
556
605
557
567
608
565
615
615
556
557
562
563
567
563
561
560
556
564
562
560
557
561
566
565
607
561
563
566
563
556
563
562
561
567
556
559
564
565
626
565
570
565
564
563
571
577
612
564
616
562
571
560
575
601
560
638
556
569
611
575
556
570
564
562
563
561
562
556
555
629
563
564
1373
1629
567
558
556
565
556
565
556
565
569
567
641
608
565
556
566
563
560
557
617
556
615
633
567
565
575
577
644
556
556
560
563
555
566
555
560
564
563
562
556
556
556
565
597
555
570
567
557
556
561
560
556
564
563
612
556
561
562
559
561
567
562
563
559
568
560
556
566
568
555
559
568
567
627
555
565
556
557
566
556
563
569
559
615
565
565
559
559
562
570
569
618
563
557
556
559
559
556
630
571
559
563
561
564
560
616
557
564
569
591
565
578
568
563
560
566
556
564
557
570
613
563
561
562
573
565
556
570
560
559
563
557
559
650
602
566
555
557
557
561
556
561
612
557
562
557
562
561
555
556
565
556
556
561
556
556
560
564
556
556
569
556
566
615
561
572
556
561
555
566
556
563
563
556
556
559
565
570
711
569
559
1620
606
562
560
556
560
566
612
572
555
556
556
792
559
555
566
563
566
633
561
560
556
564
557
557
557
565
633
566
566
565
565
561
561
557
560
557
559
556
564
561
562
560
555
563
555
567
1243
560
582
608
557
556
556
562
559
556
626
561
561
567
560
556
565
556
559
561
556
565
559
557
566
561
657
556
557
556
557
560
562
563
559
556
575
557
562
562
556
562
568
571
557
556
566
627
562
574
576
612
556
569
567
613
560
562
555
556
560
562
567
559
567
566
556
564
556
556
567
624
566
559
567
559
566
556
561
605
561
613
561
560
583
556
560
631
576
575
579
560
556
565
562
566
560
566
560
560
557
555
563
555
560
560
559
563
555
563
556
618
564
555
602
563
602
566
622
560
561
555
567
561
605
572
560
559
555
567
562
564
566
559
559
556
556
613
612
561
575
557
557
559
564
812
573
561
555
609
613
560
559
574
562
611
607
556
559
563
559
594
555
559
593
556
623
565
555
612
560
556
556
562
564
609
556
560
573
1364
558
568
561
561
611
565
558
652
559
561
565
562
556
563
556
568
572
556
557
557
568
633
556
564
561
641
562
557
556
561
562
562
574
568
564
566
558
561
562
572
563
561
563
561
559
556
564
556
565
559
556
562
562
562
557
556
562
564
555
629
562
567
561
576
562
561
566
634
561
571
562
555
562
555
568
560
557
562
566
556
557
562
627
570
609
561
562
566
560
555
566
560
565
556
556
556
561
564
555
560
566
556
608
556
561
566
555
559
556
556
563
564
561
555
557
569
562
555
565
557
574
683
564
559
612
565
556
565
579
560
561
562
560
556
557
637
561
563
556
566
556
562
565
560
563
556
566
559
562
566
556
564
564
556
559
563
614
556
564
600
561
566
622
557
560
558
561
562
557
561
562
562
560
555
555
564
561
564
561
561
556
560
591
565
563
574
559
1299
556
563
560
560
560
566
561
556
560
566
567
563
562
557
559
564
607
562
560
559
562
556
556
578
559
563
560
556
557
560
567
561
624
562
556
631
556
562
555
559
562
555
573
567
616
853
557
566
563
563
566
562
556
617
559
565
556
614
566
561
556
558
555
556
556
624
556
556
556
559
556
555
568
559
555
556
556
612
558
557
568
565
566
558
556
557
566
557
559
566
560
556
561
559
560
563
567
556
561
567
616
566
562
559
556
577
563
565
576
560
570
575
567
620
564
560
565
562
557
556
571
559
560
559
619
563
564
650
562
561
560
570
562
562
567
570
560
563
562
557
555
576
567
574
556
556
563
561
562
562
556
1264
575
576
560
573
1118
567
560
555
567
559
567
562
565
567
565
566
559
610
556
557
567
557
559
561
560
564
555
566
565
566
559
556
560
564
562
567
557
556
604
561
559
556
557
563
577
555
556
556
560
555
562
561
561
556
556
567
562
555
561
562
559
563
557
562
559
561
556
560
560
565
557
556
560
560
563
609
560
565
563
560
566
564
608
557
565
561
557
556
556
560
566
559
556
566
565
654
565
563
561
566
557
611
562
671
559
603
562
558
556
557
557
555
559
556
556
563
607
564
560
556
564
563
579
560
565
562
607
570
617
565
557
567
556
560
566
563
566
556
562
563
556
609
564
561
1227
564
562
556
606
557
557
613
563
560
555
605
560
555
614
561
561
562
563
562
568
627
557
605
555
565
562
563
556
566
573
562
556
563
657
555
568
564
556
565
556
562
556
570
555
560
566
563
556
562
556
559
556
557
557
556
556
617
560
555
613
556
563
561
612
559
588
897
560
567
560
566
566
561
564
566
559
565
557
557
563
557
562
562
559
566
555
561
563
556
556
553
568
556
555
561
557
566
556
1479
857
565
562
555
556
612
738
657
609
721
562
556
556
556
607
564
562
560
578
571
560
557
561
623
555
556
556
559
561
1238
562
555
556
562
563
560
563
560
560
555
606
611
560
560
562
556
1228
557
597
571
557
562
564
563
567
562
556
581
627
556
564
561
555
559
555
556
562
565
560
571
561
613
565
565
561
560
556
557
561
564
562
631
565
567
556
568
562
555
564
564
570
561
559
556
565
556
562
556
557
567
556
556
556
562
562
557
559
560
560
556
568
557
557
563
567
560
1331
563
580
562
561
576
556
576
619
561
561
567
643
639
564
566
557
559
562
566
566
555
563
562
556
559
556
562
560
564
571
565
556
568
611
562
556
562
556
564
555
564
556
562
556
562
571
560
567
555
559
603
556
573
565
556
565
560
556
573
555
562
556
567
585
623
565
566
570
556
573
568
570
573
556
559
561
563
561
556
566
612
561
559
560
560
561
556
563
556
565
561
557
565
556
566
559
627
562
636
564
562
573
567
556
556
564
575
563
559
614
556
555
560
565
560
561
562
557
559
561
566
560
565
608
606
555
562
598
555
555
561
556
562
569
568
564
564
598
556
556
555
556
562
555
563
561
571
556
566
559
557
566
561
1029
1637
562
561
565
562
562
1666
612
555
560
563
556
556
559
559
556
561
565
557
560
556
608
556
614
555
556
565
559
612
556
569
560
1265
561
559
570
565
560
557
567
556
609
563
556
566
585
600
557
557
563
616
555
576
556
571
614
573
562
556
559
610
570
555
556
562
1380
640
556
569
560
555
557
562
556
560
566
556
556
552
561
567
556
562
557
559
573
581
559
562
556
565
560
569
633
561
564
562
559
563
556
555
556
556
566
603
567
613
555
562
559
565
571
561
560
556
563
560
556
555
562
559
560
555
576
1204
558
565
611
580
567
556
560
610
556
575
563
563
562
556
560
603
561
557
587
556
565
559
561
623
557
622
560
559
555
556
567
556
564
555
560
585
565
556
616
562
560
560
566
559
606
584
555
556
600
560
620
555
563
562
566
561
559
567
556
617
562
556
561
562
563
556
631
570
556
562
607
555
559
562
563
565
560
559
562
566
576
556
564
556
560
618
556
571
560
563
568
563
555
560
576
615
579
559
569
563
643
614
609
564
566
559
562
618
556
563
557
561
555
559
564
557
568
557
571
568
556
568
556
556
572
566
562
556
559
563
560
556
565
556
556
562
561
556
561
566
641
560
604
562
556
559
591
625
565
608
562
619
587
560
559
563
557
557
556
561
555
559
555
559
556
565
562
762
562
610
555
612
562
570
566
559
563
612
562
557
561
562
565
607
557
560
556
573
559
562
564
557
556
560
560
562
556
566
562
556
574
561
565
566
567
566
555
557
559
560
559
567
572
557
556
562
559
569
562
556
587
566
555
560
559
562
561
557
556
563
561
562
569
573
559
556
564
561
561
556
561
556
556
561
560
574
562
557
575
562
567
557
556
642
1409
566
603
565
564
559
613
609
558
559
568
566
555
561
560
594
555
559
556
567
557
565
566
559
561
556
559
562
566
617
557
656
562
556
562
560
556
556
556
563
556
559
571
563
570
563
562
555
555
693
556
557
561
608
569
562
564
556
561
562
556
556
831
556
565
555
566
637
555
556
608
674
556
561
555
560
562
555
566
950
606
555
572
562
563
555
559
560
566
566
571
565
569
556
566
562
556
556
560
676
2363
624
557
562
561
563
563
556
567
559
556
562
562
618
617
613
559
563
561
1243
556
555
562
559
612
556
562
560
556
591
561
562
556
556
559
561
557
559
790
563
567
566
561
599
566
563
563
568
615
556
565
555
559
567
556
599
565
560
559
643
558
567
563
568
560
560
1123
555
560
563
566
557
556
562
574
565
610
560
564
788
557
561
560
562
560
563
560
562
574
561
559
574
563
568
560
565
556
563
555
609
562
557
1504
556
560
570
569
563
560
604
561
562
562
570
557
560
561
563
571
572
556
557
560
561
562
567
561
621
561
555
558
562
568
565
559
562
559
565
559
556
615
556
560
563
567
561
562
617
562
559
565
555
563
609
564
566
559
556
566
560
625
560
557
565
562
563
556
556
563
566
562
559
558
556
562
560
562
566
561
563
561
567
559
563
556
559
560
567
567
628
563
556
571
587
563
557
557
559
556
634
559
556
565
563
564
566
556
566
555
659
561
555
566
568
645
562
564
557
570
564
557
563
560
565
562
556
562
556
562
567
562
562
556
620
558
565
557
556
555
571
556
565
559
563
560
561
604
565
562
557
562
559
563
569
559
559
561
615
565
564
561
555
563
559
556
564
561
572
556
566
560
560
555
559
556
611
556
565
563
567
559
561
634
614
578
563
556
566
555
557
566
556
560
556
563
568
560
632
564
562
559
562
555
556
555
562
561
566
592
561
972
562
562
565
557
562
556
567
563
562
619
559
566
556
559
571
567
559
560
561
556
559
563
560
556
560
557
565
563
569
576
556
563
560
564
556
556
556
567
652
560
565
560
562
556
562
568
556
560
557
556
556
572
629
559
563
566
562
563
564
561
567
557
556
562
556
630
566
561
563
565
557
561
566
563
555
555
556
615
556
560
556
650
560
610
556
1207
559
557
556
560
560
556
566
567
563
560
556
555
565
556
566
563
580
589
563
569
560
1268
555
563
557
566
560
611
562
560
566
557
618
557
568
600
555
557
575
606
556
563
564
563
564
1271
564
557
562
559
561
577
564
556
559
560
563
566
564
561
567
565
561
619
557
556
611
558
556
1038
575
563
557
615
560
607
560
571
570
564
560
555
562
564
565
557
557
562
560
562
562
566
561
559
578
563
561
574
628
559
562
561
621
561
560
556
568
559
561
567
555
564
556
556
562
700
557
560
570
583
555
561
560
596
564
560
555
562
556
556
557
566
558
560
607
566
562
609
558
561
565
615
556
1616
555
556
557
559
573
557
557
563
557
595
567
557
556
564
559
556
557
556
812
565
566
556
562
644
608
557
560
565
555
557
562
560
561
560
590
562
573
561
565
569
560
552
573
560
562
563
635
562
559
556
569
561
556
555
557
562
562
555
555
561
556
563
560
563
556
556
565
561
560
562
560
561
568
559
561
564
562
561
566
556
561
556
560
566
635
563
566
561
610
569
555
559
560
557
563
626
556
570
610
561
606
619
608
564
566
552
556
564
555
560
566
555
567
1443
611
564
562
561
556
562
557
561
560
566
559
555
562
555
556
570
565
560
562
609
563
562
557
604
643
560
562
556
556
595
567
558
554
561
556
567
562
559
567
563
569
555
566
556
559
555
566
564
556
563
556
563
560
562
605
560
555
556
562
559
565
625
566
562
563
560
1507
1607
556
567
559
563
566
559
562
565
566
560
562
564
563
561
565
556
555
570
560
562
559
559
560
559
560
565
566
557
601
562
1317
561
598
556
566
561
602
618
561
560
556
562
561
556
555
563
563
556
571
566
560
556
563
562
556
607
556
562
557
557
561
555
597
557
556
559
560
708
564
563
555
562
563
561
564
559
556
564
556
560
557
556
562
564
559
620
561
569
556
566
561
555
561
564
555
561
564
905
605
565
567
560
562
565
555
564
1215
561
630
556
565
569
558
561
569
571
560
556
571
578
564
560
558
662
562
572
557
848
559
568
567
612
557
560
561
556
557
559
558
557
618
562
555
561
572
560
563
563
555
562
565
562
566
557
563
569
556
563
562
561
577
603
559
566
556
656
560
578
560
557
655
565
556
563
555
565
563
561
563
556
560
561
556
556
555
614
556
556
561
601
562
562
560
556
562
564
570
564
561
616
563
587
555
555
565
556
557
567
562
556
560
556
557
564
556
557
560
560
565
562
566
561
562
562
862
560
557
566
560
560
555
565
1299
563
557
556
555
556
566
560
558
565
564
556
561
560
1353
562
561
564
561
610
563
556
559
564
574
564
561
561
556
563
556
562
557
559
565
565
567
628
564
571
560
565
560
578
562
556
556
564
615
563
562
556
559
563
628
556
568
556
563
557
1745
559
568
562
559
560
560
562
557
559
561
558
565
556
570
564
555
557
614
562
565
570
561
569
562
559
556
555
563
563
561
566
566
564
561
638
557
562
555
557
570
557
556
561
560
564
612
563
566
563
560
557
562
556
562
561
556
559
559
556
592
570
559
556
555
556
610
564
609
562
562
561
562
562
556
566
556
563
555
556
562
561
559
556
556
565
555
561
560
560
556
560
556
565
562
556
557
577
620
556
572
558
557
556
560
643
560
562
562
559
612
563
555
560
562
556
557
559
559
565
564
559
557
561
564
559
557
570
561
562
566
555
561
556
868
556
566
559
565
608
566
651
561
616
617
563
559
560
566
565
564
564
556
556
562
566
557
566
562
556
563
565
566
556
559
556
556
563
562
564
555
560
559
562
558
575
561
563
556
562
555
563
556
1716
564
563
568
563
560
556
562
602
559
562
565
563
560
562
559
566
556
566
560
556
556
556
567
556
644
553
556
565
556
570
563
617
653
559
563
608
564
564
564
559
557
556
566
560
556
558
557
561
561
571
610
561
563
568
556
559
573
560
563
565
630
616
556
560
963
564
562
560
572
567
556
564
559
559
562
598
1121
561
557
566
556
807
560
566
559
619
574
555
563
574
557
613
569
562
565
560
573
565
556
567
564
560
563
560
567
563
567
561
573
559
562
991
567
560
562
565
561
555
1259
559
563
574
566
562
1004
565
627
607
607
557
560
609
566
561
563
559
564
563
556
556
565
560
571
560
559
565
555
742
561
561
556
566
555
556
610
557
562
603
556
566
562
629
556
565
557
560
561
562
609
557
556
561
561
559
557
562
556
595
562
556
557
559
560
556
561
564
560
562
561
561
558
557
636
565
555
570
560
566
556
559
565
556
560
560
560
561
801
561
565
561
555
556
560
556
560
560
561
563
566
565
560
556
556
555
579
563
555
610
556
559
559
562
565
561
556
560
567
563
555
564
562
556
555
560
573
567
561
560
1631
566
557
563
565
562
564
566
556
561
555
572
556
562
556
568
562
560
556
557
577
556
565
556
561
560
565
606
563
556
557
557
557
1287
556
556
556
555
629
621
557
556
562
554
561
563
562
564
559
569
560
565
557
565
559
573
556
562
566
556
555
565
560
556
569
556
627
562
565
564
565
569
573
562
562
613
596
574
559
563
556
557
556
566
1142
562
563
562
617
559
566
561
560
647
556
564
562
562
567
566
569
557
614
560
561
557
572
619
556
556
574
556
563
567
556
564
564
562
562
563
565
562
560
594
613
562
559
563
557
562
555
555
557
640
594
605
1438
560
560
612
566
561
560
563
560
559
610
556
561
556
555
562
559
562
561
1268
565
1030
556
560
563
565
561
561
580
560
563
561
564
635
568
561
556
560
563
567
580
560
564
556
562
559
556
569
559
560
579
565
1519
560
560
556
564
564
556
560
556
559
556
567
561
558
557
557
562
564
559
565
621
562
562
560
565
556
566
562
560
556
564
606
611
570
564
564
565
572
557
563
572
612
577
936
562
559
559
566
565
560
564
1019
1164
609
567
557
555
557
560
561
646
561
563
555
556
562
557
566
574
571
578
556
561
564
563
563
562
555
564
555
566
556
564
562
617
563
562
559
562
556
573
567
563
563
565
612
555
566
578
564
556
562
557
630
560
608
1437
555
555
596
563
564
609
559
562
555
561
614
564
556
1295
609
560
556
561
562
566
568
556
562
556
568
556
555
558
561
559
566
560
560
556
573
561
556
565
561
562
562
561
561
563
557
563
561
565
562
616
561
562
567
557
562
556
556
561
563
557
563
555
606
567
557
555
555
561
562
556
556
557
559
556
559
565
563
623
555
561
556
561
562
561
1608
561
560
564
556
565
818
555
556
559
561
635
564
637
557
556
629
557
1173
606
557
564
556
563
603
561
561
560
559
572
557
556
556
560
562
556
563
612
561
561
561
556
563
567
576
564
562
555
562
611
559
557
563
647
556
555
615
562
563
557
577
557
562
562
561
556
617
556
562
560
564
559
574
560
559
573
561
561
562
568
571
557
571
560
560
557
564
565
584
561
565
556
556
556
907
556
556
564
566
576
555
568
566
558
556
555
560
556
566
563
556
562
563
556
560
562
567
567
597
557
558
566
562
560
560
556
564
559
572
564
610
560
561
556
563
629
572
560
556
557
566
564
567
556
611
559
556
557
556
555
556
566
556
565
565
563
561
608
560
560
559
561
574
556
581
555
561
568
564
565
562
571
566
557
563
1289
556
559
562
572
558
575
607
556
561
561
605
560
561
561
557
556
562
564
562
555
563
559
572
557
560
565
557
571
564
555
560
558
561
566
559
560
563
560
560
565
557
561
623
564
1038
557
571
556
565
557
569
575
562
575
556
567
570
557
555
607
561
556
559
608
557
560
613
557
566
562
563
567
608
560
562
555
560
569
556
556
556
562
555
556
601
561
566
564
562
564
612
611
555
568
1621
608
564
557
555
561
557
559
562
562
557
559
570
560
562
561
556
560
612
569
562
561
555
563
567
563
1287
560
556
555
561
620
605
566
560
562
618
555
556
559
556
556
561
556
560
563
563
557
555
561
560
555
559
555
556
558
562
556
565
555
559
563
556
1423
566
556
556
555
562
562
557
562
563
556
556
563
564
563
556
805
560
617
560
564
561
560
559
559
556
568
562
557
565
560
556
565
561
556
563
603
566
571
565
620
556
560
556
557
562
560
564
563
556
560
562
557
556
613
559
567
687
564
565
565
555
568
560
614
566
576
555
557
565
561
560
562
566
555
556
559
556
616
560
564
566
556
563
560
561
561
1537
556
559
557
563
562
560
560
553
566
556
556
566
560
708
563
566
631
559
560
557
566
1381
562
564
561
564
564
557
555
559
559
556
562
556
567
556
562
574
560
624
556
563
566
563
559
566
563
560
1074
555
559
557
556
557
559
559
585
564
565
556
564
569
587
560
566
560
568
565
563
555
556
571
562
571
564
563
609
1272
556
794
611
563
556
806
556
556
562
557
565
562
560
619
560
556
560
564
561
605
563
566
561
564
556
564
563
563
556
561
556
570
672
560
556
555
555
570
564
570
561
566
557
564
562
556
632
569
567
555
567
557
561
557
615
560
560
608
555
562
565
626
578
556
556
563
557
556
564
556
562
563
573
559
614
565
561
556
575
560
560
566
563
563
559
555
555
555
965
557
564
563
617
562
557
555
555
560
559
559
571
560
1613
561
556
616
581
555
561
557
565
564
567
583
613
567
561
556
556
871
571
559
556
560
557
560
572
559
565
566
560
557
555
631
563
1031
560
836
555
555
614
617
565
562
557
560
555
557
560
556
561
567
575
560
607
559
561
562
559
563
556
556
560
565
565
1265
561
556
562
562
561
562
555
566
556
616
556
562
561
567
566
610
564
562
633
927
563
560
561
562
563
556
572
564
556
562
562
556
555
559
564
560
687
857
561
566
559
567
566
569
567
560
557
563
559
606
567
561
565
559
561
561
562
635
561
559
556
560
556
561
555
568
563
560
556
614
563
565
567
608
568
555
604
601
563
556
560
555
583
561
626
561
556
560
572
561
562
562
556
561
556
563
591
555
562
560
563
562
557
564
556
570
560
562
881
556
564
604
563
557
559
566
555
562
562
556
562
606
562
559
563
1271
562
559
566
557
607
575
610
556
559
556
556
565
565
555
556
556
562
565
615
560
560
560
562
555
564
557
567
553
564
851
561
606
556
566
567
620
576
560
568
624
563
556
567
565
564
556
666
562
563
558
564
748
564
561
563
556
555
563
566
560
556
561
557
556
561
560
560
556
560
566
556
564
557
847
560
555
563
562
575
557
563
563
574
567
560
565
562
555
559
563
561
566
563
612
561
556
610
569
556
564
564
559
565
610
593
564
556
563
562
563
567
563
560
563
557
559
572
561
564
559
562
567
556
560
609
615
559
557
565
564
559
572
568
608
561
556
561
566
559
557
560
556
560
564
566
556
559
582
556
564
566
607
566
563
555
556
556
557
569
564
561
560
562
632
556
563
560
614
561
560
664
560
556
556
561
565
565
561
560
594
555
565
572
556
606
562
560
556
556
555
556
556
555
618
557
556
560
556
566
1132
563
562
633
559
562
655
556
563
563
559
557
624
1086
729
566
579
559
618
562
606
563
566
562
556
560
560
560
561
562
562
562
557
564
564
561
560
570
574
561
566
555
692
555
557
565
555
560
557
566
567
607
561
563
556
559
561
555
564
560
560
556
556
560
567
555
556
556
856
561
556
556
556
568
559
564
566
562
563
556
565
561
560
556
557
560
555
556
555
622
565
555
556
567
568
568
571
563
565
560
557
556
566
561
557
560
557
559
563
561
563
608
579
560
556
556
556
562
555
556
576
567
555
556
557
565
563
624
561
556
562
560
561
555
564
561
561
562
620
556
560
559
562
561
581
559
561
560
556
565
563
562
556
567
562
556
556
576
556
555
560
559
560
572
561
629
560
612
560
563
555
566
564
556
566
561
564
563
557
559
556
556
555
555
573
583
560
612
615
559
562
568
559
561
564
562
557
618
566
573
573
564
562
581
556
612
556
555
562
559
559
558
561
566
565
556
562
563
557
556
563
561
555
569
564
560
556
570
556
556
557
562
565
557
557
564
595
555
613
555
565
561
1267
556
624
567
562
556
556
562
576
556
565
559
555
555
685
563
632
624
573
569
566
557
560
557
563
563
564
563
566
564
562
557
592
562
558
562
559
556
556
561
877
557
566
567
556
556
561
563
557
556
560
559
602
602
562
563
556
556
559
555
556
565
562
565
561
560
556
557
555
565
560
566
560
559
559
563
565
560
562
595
566
556
561
566
562
1026
555
565
572
556
560
565
556
562
564
563
563
555
556
562
556
559
556
556
566
556
556
560
562
575
555
612
562
557
564
567
559
556
567
611
601
557
560
557
562
555
560
577
559
560
612
563
598
568
570
617
556
556
555
556
559
561
560
574
568
563
565
639
560
563
556
560
570
555
559
1323
575
576
566
563
566
566
565
637
573
566
555
656
563
565
557
556
557
556
555
556
557
565
556
556
561
562
559
563
567
556
555
569
563
558
562
555
560
567
557
563
560
617
556
562
611
563
610
560
556
556
560
561
565
560
564
559
564
561
556
557
556
561
573
555
562
559
557
557
557
556
563
555
560
556
568
560
565
1610
556
563
564
559
556
557
559
560
561
612
565
557
560
559
599
556
563
574
566
556
556
564
556
562
561
564
557
561
556
573
559
557
557
556
557
569
560
575
561
561
565
561
556
572
561
566
562
560
556
560
578
556
562
564
561
585
566
560
815
560
562
560
562
555
563
563
560
562
563
556
556
557
557
1017
555
560
556
556
561
556
605
555
556
560
555
555
562
562
557
556
556
565
598
560
620
567
555
560
558
567
560
566
565
562
559
557
555
565
560
557
565
558
567
566
1105
560
556
569
556
560
562
555
560
564
556
555
555
555
559
560
557
559
559
565
560
566
557
608
606
566
633
560
565
564
612
609
574
571
557
843
1273
560
560
556
563
598
556
560
555
561
555
556
563
619
559
555
557
562
566
561
560
560
560
562
560
570
556
563
559
557
562
559
582
566
563
557
562
569
566
556
556
561
566
564
606
559
557
556
557
560
555
565
558
560
572
565
562
561
562
561
556
560
555
555
681
567
566
557
559
556
630
571
555
557
560
560
584
565
557
555
565
557
684
562
561
555
566
556
566
556
561
560
555
609
559
556
576
556
556
573
556
562
611
574
561
566
561
556
561
606
612
565
556
562
568
556
570
564
556
563
619
556
557
562
561
608
555
1541
564
570
562
563
556
562
568
553
567
560
614
564
555
556
614
565
606
556
563
563
564
566
562
568
572
560
568
567
579
555
563
559
556
656
569
571
562
561
566
555
553
561
569
562
559
563
557
565
563
565
561
567
560
567
559
561
560
556
606
556
556
626
556
562
557
607
559
609
556
556
562
566
567
556
563
567
556
555
613
560
566
563
561
563
564
612
561
556
562
562
570
556
560
561
560
560
561
560
562
564
555
562
560
556
559
562
555
567
582
557
556
561
561
563
556
563
1226
569
612
558
560
557
564
563
557
560
562
559
567
556
559
562
567
560
560
556
561
561
557
565
560
560
563
556
558
639
561
556
562
560
613
565
563
559
566
556
567
560
563
564
562
562
556
560
560
562
566
555
559
556
556
561
563
567
559
576
555
562
560
563
566
560
565
559
1121
567
559
565
561
561
570
566
555
559
561
615
562
581
564
556
630
556
559
581
561
577
566
563
561
566
555
564
556
563
556
566
568
569
555
562
562
568
561
560
555
567
570
583
562
563
556
567
557
556
655
563
557
559
562
555
561
560
568
620
562
559
560
556
556
562
555
561
556
561
566
561
561
565
566
565
555
560
556
557
562
567
562
615
563
598
568
562
563
565
561
556
564
614
576
562
567
560
621
566
561
556
556
562
556
561
613
556
555
617
556
662
555
578
561
618
557
563
562
566
564
557
597
568
556
556
561
562
556
557
556
562
616
563
561
556
563
562
572
557
611
616
560
566
561
560
632
566
560
560
560
556
556
566
556
564
635
556
562
562
563
556
556
561
559
562
612
559
613
566
557
564
557
556
611
561
566
561
560
557
555
556
565
1256
618
561
622
570
563
560
556
565
560
559
638
568
561
562
556
555
560
556
556
778
558
557
561
600
566
560
563
565
557
561
556
555
562
569
560
554
560
624
567
556
618
576
562
555
567
565
620
557
563
560
555
560
608
555
559
564
556
556
559
562
570
561
558
556
557
565
559
560
563
555
570
559
557
568
557
556
615
560
562
567
556
619
560
559
572
556
564
609
555
565
571
565
555
559
571
610
567
560
561
562
556
620
559
560
557
561
559
581
560
563
560
565
566
560
567
560
608
563
559
565
559
555
557
563
566
561
559
563
556
629
561
566
560
556
635
562
639
579
556
556
557
561
560
562
560
564
565
567
627
564
560
557
562
557
560
563
556
559
567
556
562
563
565
562
615
557
562
561
560
557
559
816
565
555
556
557
569
603
557
568
565
561
558
565
566
606
672
565
562
563
556
561
556
559
565
561
569
559
555
560
566
562
604
562
562
555
560
562
556
554
556
556
556
557
571
610
555
561
560
558
556
560
615
574
581
556
565
567
556
597
992
557
563
563
1320
616
635
557
556
562
557
557
569
570
560
565
657
563
1442
567
561
577
567
557
555
556
561
562
562
555
562
616
561
609
559
557
556
565
556
559
561
559
556
563
559
556
559
555
575
556
560
557
557
556
556
556
571
556
798
563
573
566
555
560
567
560
559
560
556
570
556
565
556
563
563
566
566
610
562
556
572
559
565
556
762
572
573
560
555
564
563
561
608
558
562
562
556
556
568
559
565
561
615
644
567
560
556
563
611
615
559
561
557
556
555
563
562
617
757
563
562
559
565
565
563
563
562
556
562
561
561
562
560
564
556
567
563
561
604
555
560
562
556
562
563
557
555
559
560
556
556
563
556
556
620
560
559
563
561
556
586
555
593
613
561
705
610
562
567
614
865
556
602
560
564
560
604
565
560
562
557
560
604
565
555
564
565
557
562
556
560
566
561
565
556
607
560
592
560
829
606
936
557
561
559
559
564
555
568
573
560
559
566
562
605
555
556
560
566
1618
563
556
562
565
566
564
562
564
559
560
557
571
561
586
637
615
563
556
560
562
560
559
556
560
559
1246
706
557
567
561
556
557
566
559
630
566
565
607
556
610
562
563
558
560
560
621
556
565
559
556
610
560
609
562
566
559
559
577
563
560
556
560
562
562
556
562
557
561
566
567
560
566
562
562
602
557
559
561
562
566
561
556
561
609
566
604
582
572
579
555
611
556
614
556
553
565
562
643
556
556
571
563
720
562
556
556
563
562
556
561
559
560
556
585
556
556
556
565
563
557
556
569
575
558
559
563
555
561
560
561
557
1243
562
555
560
556
559
556
559
561
561
556
555
572
563
572
568
567
556
556
559
560
610
572
567
607
557
565
561
563
560
562
606
564
556
611
565
562
562
556
557
556
562
556
562
560
602
567
556
562
556
611
565
569
560
567
567
563
556
566
569
555
565
559
562
567
567
560
560
556
585
562
561
562
566
563
560
556
559
565
556
556
576
556
613
565
557
556
559
565
563
564
561
561
564
616
561
628
556
556
559
560
565
560
559
561
563
560
563
585
556
614
560
556
564
560
561
555
556
560
563
557
572
561
562
616
557
556
562
559
629
563
561
615
561
557
608
561
617
573
562
564
563
608
562
572
556
563
563
563
617
563
608
560
620
556
562
555
556
609
569
567
559
561
556
564
555
559
556
560
559
556
612
561
561
556
561
605
556
556
556
560
556
1224
565
759
567
556
562
556
556
559
562
556
570
611
559
610
562
575
561
557
562
574
561
559
563
562
555
566
560
565
564
556
565
557
561
560
562
562
561
560
560
569
560
561
565
586
562
559
555
606
605
567
567
559
560
616
556
562
560
555
556
557
561
572
565
563
556
560
560
560
556
557
614
568
563
565
563
560
573
610
561
568
556
569
561
556
565
573
560
556
562
600
629
564
580
565
561
609
557
562
555
561
565
564
563
559
564
567
560
563
563
560
620
562
557
556
561
556
565
556
600
566
558
560
557
612
565
567
568
609
556
560
563
564
568
560
567
560
616
556
557
559
561
555
557
555
560
555
562
561
556
566
557
556
557
556
560
564
566
556
561
565
564
560
570
556
560
556
570
556
556
559
634
567
571
559
557
608
562
556
567
556
561
562
565
636
563
619
566
564
599
566
556
567
556
560
570
563
555
556
562
560
558
563
556
556
566
567
561
565
562
598
561
555
556
560
565
566
556
559
557
562
643
563
564
616
560
556
555
565
566
556
565
561
555
563
560
557
568
563
569
557
556
562
565
562
556
574
563
620
557
556
563
563
591
557
556
567
562
566
610
562
562
557
560
567
563
562
555
556
563
566
563
572
606
560
565
555
557
560
556
565
572
561
556
561
562
564
555
571
570
563
1151
560
555
556
561
563
579
555
556
609
555
557
560
556
556
615
611
563
562
561
556
563
561
562
558
559
562
556
562
563
714
557
568
562
563
552
552
562
560
555
562
561
607
1540
559
563
565
562
560
555
555
564
555
608
559
562
558
563
608
568
636
563
556
560
563
564
561
565
559
556
572
570
567
556
556
562
570
561
563
555
561
561
560
563
571
557
566
561
610
556
556
560
556
555
568
614
556
567
557
567
562
555
610
562
567
606
562
556
557
556
557
560
573
660
610
562
614
565
644
566
559
613
560
563
556
559
555
563
563
555
556
557
560
556
565
562
564
560
1176
558
560
556
556
556
555
570
559
556
562
565
559
556
560
560
556
556
559
556
566
605
563
556
565
559
603
560
556
560
560
559
578
571
613
563
566
593
556
568
608
565
562
555
568
561
617
579
563
557
560
562
569
561
561
556
557
565
562
555
616
561
556
567
560
564
562
560
610
567
558
556
565
564
566
560
557
555
557
559
565
566
561
566
566
556
555
555
562
555
562
556
564
567
566
570
614
563
562
571
556
556
556
560
564
563
567
556
563
562
556
561
570
560
570
571
565
566
560
556
561
559
562
561
582
570
592
556
567
563
563
556
555
560
556
560
556
556
563
607
562
570
559
556
556
562
556
558
555
612
557
560
940
556
556
556
566
560
557
560
563
559
613
560
586
556
573
561
557
556
561
560
555
555
609
608
559
560
560
561
614
557
555
562
557
566
562
557
557
556
557
1276
566
556
556
562
602
560
557
565
556
580
555
562
560
555
563
1353
563
555
556
558
561
621
559
613
574
562
555
561
556
569
563
564
562
560
564
576
556
561
557
563
555
571
560
556
562
556
609
561
1239
564
602
566
566
556
563
621
562
557
556
560
562
560
1124
560
561
566
561
564
561
563
568
555
565
609
612
567
640
717
564
563
563
563
561
567
556
637
556
561
560
559
562
561
559
792
602
601
560
555
561
617
561
565
561
563
607
556
561
557
556
560
559
555
557
557
562
559
564
555
562
633
566
564
631
556
558
560
556
556
556
563
649
557
560
562
555
933
561
565
556
557
560
555
599
556
556
555
562
562
560
556
563
556
567
555
567
561
564
556
556
567
558
566
606
562
564
552
557
562
563
561
656
617
565
557
557
562
560
556
560
556
556
561
569
556
560
565
555
562
560
560
618
556
561
562
617
555
563
557
564
562
557
556
605
567
564
569
561
559
555
564
613
682
620
562
561
555
559
656
564
556
555
609
556
564
560
572
561
556
616
563
571
559
567
616
556
725
567
557
564
561
560
564
562
616
563
560
557
562
563
557
563
605
556
559
611
563
564
562
564
558
556
556
563
566
565
635
561
556
556
562
565
566
556
566
555
556
556
557
564
561
561
564
557
640
630
555
557
559
565
556
559
555
556
555
603
566
565
564
561
556
556
563
571
555
567
562
615
563
574
572
570
557
556
560
564
563
563
563
567
566
578
579
562
572
1324
576
566
557
561
561
563
556
557
568
557
561
563
565
564
562
556
556
559
560
560
629
584
562
612
563
563
565
561
567
563
565
561
560
555
564
555
560
556
556
555
571
610
562
560
574
567
560
560
570
560
560
559
576
561
557
562
562
560
559
580
557
559
557
563
563
556
557
556
640
563
557
1034
560
555
566
560
610
562
565
568
563
555
561
560
563
567
560
557
560
556
566
608
555
556
565
572
559
564
562
563
557
556
605
556
556
565
563
561
564
563
565
561
556
566
556
555
557
563
561
562
561
568
556
562
562
563
556
557
563
559
555
561
563
613
567
563
617
562
572
560
563
556
564
556
616
555
560
565
564
556
563
555
556
566
562
578
585
567
565
562
556
562
561
557
556
567
563
562
561
560
556
556
562
563
555
560
626
565
561
560
555
557
559
562
562
556
561
559
557
559
556
606
565
560
555
555
556
555
559
565
564
560
561
556
556
560
559
556
556
563
561
562
556
557
565
561
556
559
556
556
570
556
556
561
560
604
562
571
574
555
556
562
555
562
560
624
564
555
562
566
564
559
560
556
556
567
556
558
556
562
562
565
562
562
557
632
562
555
556
568
568
1505
561
560
560
561
562
639
556
565
561
555
555
564
562
563
561
564
559
556
555
556
560
556
560
557
560
651
566
566
563
556
561
559
615
614
559
556
617
556
557
569
557
562
560
560
559
566
561
560
566
565
565
559
1150
566
556
555
562
560
559
556
1095
563
556
613
556
559
555
563
566
559
562
559
560
562
555
556
556
563
794
568
564
556
572
615
560
556
556
560
571
560
566
562
573
575
560
561
556
613
565
562
556
564
556
565
555
565
562
559
561
562
557
566
562
556
563
563
562
564
609
562
572
557
566
555
561
561
561
609
605
556
565
556
561
1334
567
556
562
566
618
560
565
564
560
560
556
557
559
557
556
564
570
553
566
562
556
562
560
566
639
556
560
566
565
566
557
557
558
561
563
562
561
556
615
575
612
562
563
1102
562
566
555
563
556
577
567
568
556
557
558
560
559
566
556
561
566
559
566
610
575
560
562
562
575
563
564
555
556
566
614
556
564
569
616
560
572
559
556
621
556
567
566
564
562
612
556
557
560
556
556
615
559
562
556
560
566
556
560
559
555
599
562
564
557
557
562
560
557
555
563
563
561
566
556
556
570
560
560
560
563
562
555
565
571
561
556
559
560
565
555
641
564
561
565
566
559
557
568
559
558
562
559
571
555
562
564
566
561
555
560
566
1626
563
561
567
557
555
562
556
557
559
560
565
564
556
619
563
565
563
564
557
555
560
569
567
560
560
566
613
555
873
562
564
556
563
556
560
559
556
556
567
613
559
555
555
570
565
557
562
559
561
557
562
560
559
560
560
556
613
567
563
556
556
562
568
568
562
568
555
566
563
647
566
562
562
557
561
561
560
557
557
564
562
565
621
560
559
561
561
565
557
558
562
607
562
559
560
560
556
561
555
621
573
556
566
562
557
565
561
556
560
559
555
561
560
556
556
563
563
563
610
562
609
599
566
557
579
557
556
561
562
563
565
559
556
556
561
611
562
566
556
557
559
566
569
560
556
562
565
556
572
563
560
556
555
1379
562
557
560
567
560
623
557
560
566
562
556
557
567
577
562
608
559
557
646
560
558
565
608
606
569
743
641
557
571
570
560
564
571
560
559
557
556
556
560
572
559
559
555
556
566
559
565
562
559
615
565
568
560
855
555
635
556
558
610
559
563
566
560
556
560
555
569
559
555
561
559
554
556
568
611
605
559
563
564
555
555
555
557
602
559
559
561
562
559
556
562
567
562
616
619
560
557
565
561
610
555
560
575
560
559
782
559
556
560
556
560
563
571
560
559
560
556
723
562
568
565
559
564
557
556
558
565
556
563
560
654
562
1490
559
567
557
560
559
563
1099
556
557
562
556
561
556
561
561
557
557
561
559
560
555
563
555
561
560
567
562
555
556
556
571
566
556
556
611
563
560
556
636
557
563
562
567
562
556
562
561
560
562
565
557
563
562
556
566
565
571
556
563
564
559
559
557
560
563
604
561
559
565
630
564
565
556
637
557
555
558
560
558
582
563
563
555
556
561
556
563
557
565
561
564
570
565
574
555
735
569
563
556
560
559
661
556
601
562
559
556
559
556
567
565
1168
565
565
560
568
556
574
556
560
565
555
565
568
609
570
622
560
569
562
563
562
555
560
624
556
556
566
560
556
566
559
565
566
562
565
1625
565
556
601
605
564
562
557
561
560
557
556
557
559
562
556
560
563
555
560
557
561
568
566
563
573
582
556
563
562
648
556
565
556
556
563
555
556
559
566
609
569
562
637
560
563
562
560
563
567
568
572
568
576
580
617
572
555
579
559
557
556
580
566
562
556
561
560
565
563
559
569
568
561
560
557
556
580
557
579
560
565
566
555
559
565
557
565
564
565
1186
626
562
562
621
564
556
556
754
556
559
645
556
567
555
562
561
556
556
568
555
556
567
555
562
560
565
557
556
564
560
567
580
565
614
570
561
567
562
556
566
616
559
559
555
559
564
557
610
619
560
556
559
561
573
562
559
556
558
555
562
555
562
565
560
570
566
555
570
555
557
556
787
559
556
563
567
557
556
563
565
1080
557
560
616
558
559
556
1408
556
567
562
566
558
565
562
556
561
556
567
560
563
565
556
562
556
560
559
563
555
562
555
557
563
556
557
563
565
565
561
559
564
563
564
560
568
561
560
556
563
561
556
565
572
556
562
556
562
556
568
557
563
566
565
562
566
561
557
563
563
556
562
570
565
567
561
562
564
557
560
563
559
556
561
606
559
620
556
565
570
562
564
563
565
563
555
560
613
560
567
571
563
556
559
563
561
561
555
556
560
589
557
556
579
618
570
556
564
562
604
566
1056
617
569
564
562
563
568
557
563
552
565
556
560
557
566
557
563
564
562
616
555
557
556
559
654
563
598
557
556
556
563
606
566
564
560
597
557
610
555
555
580
556
555
561
567
562
559
556
563
565
563
684
561
557
559
641
576
556
556
560
565
555
559
559
563
560
559
562
560
559
670
556
562
559
557
584
555
560
559
613
564
557
556
566
564
650
565
604
555
561
569
556
562
566
556
571
575
579
573
560
556
561
594
560
562
571
556
556
563
557
560
573
557
560
560
556
563
568
562
561
555
560
563
562
562
556
557
561
563
556
560
561
556
556
562
564
567
614
560
560
556
556
559
557
556
563
556
556
556
609
566
556
559
560
565
561
561
564
560
555
556
560
594
557
596
565
555
564
560
556
556
563
562
566
563
557
564
561
557
561
565
561
563
557
563
608
606
555
566
564
556
555
556
559
567
556
560
559
560
566
562
560
555
556
563
563
601
614
560
559
562
644
559
566
567
573
556
565
562
563
567
556
556
556
571
557
1055
557
556
556
560
566
560
563
561
605
562
557
557
565
557
564
561
616
656
556
568
559
557
884
559
555
561
562
565
567
559
563
567
564
562
560
555
614
559
556
616
612
616
563
555
556
562
555
560
559
557
557
571
563
555
560
606
556
563
563
560
556
556
563
557
556
562
555
623
561
592
556
557
566
612
559
560
562
563
566
563
564
556
561
636
556
612
557
559
562
566
556
562
561
557
556
605
565
556
562
564
1738
557
559
556
577
561
580
560
560
556
562
556
563
560
569
556
560
562
556
555
560
556
555
555
571
973
574
568
562
560
564
565
555
561
565
555
560
566
563
559
557
562
563
566
634
560
555
556
556
560
555
564
560
565
561
562
559
555
562
562
563
562
564
565
560
560
561
560
570
562
566
555
559
556
562
560
557
560
560
568
563
560
561
556
565
562
614
578
639
561
565
566
563
560
607
566
564
565
567
565
782
562
607
559
562
562
605
564
567
555
557
563
556
556
611
562
585
556
567
560
584
567
560
561
556
555
556
626
567
560
556
555
563
564
561
564
562
563
616
556
559
559
557
566
568
599
564
621
566
555
557
569
556
992
556
557
567
572
559
560
557
556
577
563
564
615
559
563
618
562
566
566
559
558
555
612
557
569
556
609
556
556
562
557
563
556
557
559
563
556
556
561
557
560
562
559
631
556
607
555
621
555
567
562
556
610
614
556
556
562
574
555
556
605
563
556
563
890
567
566
556
607
564
567
611
559
564
573
561
561
563
560
557
565
562
556
561
556
607
564
558
562
560
559
560
611
565
559
559
557
556
632
563
555
563
563
556
559
611
556
556
612
562
559
568
562
561
556
556
562
562
566
557
572
556
557
560
562
559
560
556
561
655
622
555
608
556
563
562
564
561
560
563
556
557
555
560
559
693
556
572
614
563
556
561
577
560
560
557
562
555
565
559
556
559
561
633
563
562
563
562
560
556
559
561
632
563
574
560
600
560
560
578
561
555
576
563
571
608
556
562
609
560
562
566
610
562
562
611
617
555
559
563
556
584
559
560
565
563
562
565
560
561
596
557
561
561
556
561
560
559
556
607
559
565
617
562
559
556
565
561
557
611
556
560
561
562
556
556
565
555
1388
555
564
562
561
560
563
560
559
561
591
561
568
560
566
562
560
570
562
619
557
556
616
561
556
614
556
556
558
562
559
562
565
563
561
557
561
560
559
555
564
565
561
607
572
563
560
566
559
555
643
562
555
563
560
561
563
559
565
566
557
557
562
560
556
555
560
556
556
564
588
556
579
561
610
556
563
615
562
556
564
560
985
570
1592
614
610
562
563
556
631
555
569
562
565
562
560
556
560
562
560
557
565
562
561
653
567
561
556
559
613
560
556
561
565
566
564
566
584
556
560
555
580
558
559
567
609
557
569
555
556
556
611
560
555
559
562
565
555
560
560
555
557
559
555
560
559
561
556
564
565
610
560
562
877
565
1257
559
560
566
560
566
561
561
559
556
555
559
556
562
566
560
564
566
556
559
561
562
557
579
556
567
561
628
565
562
563
560
565
560
565
562
556
556
560
560
557
567
638
557
556
616
556
561
555
586
560
557
556
559
566
557
556
624
560
565
555
563
560
572
555
606
570
561
563
617
556
582
556
627
565
560
565
558
556
556
607
556
556
564
563
555
560
609
555
556
561
562
556
561
560
566
562
556
559
557
567
1534
560
556
557
561
556
565
562
563
556
560
561
562
555
563
562
556
669
556
563
556
574
564
569
566
562
564
564
565
562
609
560
561
556
556
561
560
564
556
572
561
555
562
606
565
556
559
569
663
565
568
567
556
565
567
564
562
555
560
562
608
555
563
556
556
563
556
563
560
560
562
565
561
602
561
558
565
560
560
558
555
559
559
556
560
561
568
556
601
559
566
597
563
613
556
560
559
563
567
556
559
556
567
557
556
557
559
565
560
563
619
555
565
556
1250
563
562
555
563
605
556
557
561
556
613
584
560
561
566
560
559
559
563
560
559
565
565
561
622
565
609
556
561
559
556
563
613
561
562
565
556
561
567
562
565
566
557
556
565
562
556
556
561
564
556
556
556
560
565
565
553
555
556
556
613
618
557
563
562
556
557
563
559
639
556
559
559
570
561
563
562
566
559
560
556
566
560
557
561
556
562
560
564
560
556
558
559
602
562
557
557
562
562
556
555
560
555
556
576
563
562
612
564
560
563
562
563
563
556
560
559
563
565
562
598
560
555
561
565
557
566
571
563
565
560
565
562
565
561
573
763
608
569
564
556
577
556
556
1356
558
565
561
561
1206
556
556
555
560
563
555
555
562
561
611
561
567
555
556
630
559
555
557
609
563
560
571
561
608
561
556
564
556
556
560
568
556
556
556
561
567
560
790
557
602
566
560
562
557
555
561
557
555
560
562
579
579
571
563
562
557
598
556
557
559
555
556
565
598
563
556
567
556
556
557
560
563
615
557
572
572
566
615
556
555
560
559
560
556
572
572
573
570
562
557
560
560
560
566
559
566
560
556
563
555
556
566
565
615
907
563
563
560
560
556
564
561
555
562
558
559
560
560
562
565
561
612
610
569
565
573
560
556
562
562
557
566
609
562
556
560
560
562
566
557
572
559
620
555
559
560
564
556
563
565
1323
1755
564
557
567
560
566
556
562
568
566
555
561
556
564
561
563
560
555
556
562
556
557
561
560
561
563
566
560
556
560
563
559
581
561
570
565
560
557
556
561
557
563
612
556
560
565
571
556
557
560
557
560
563
603
565
556
560
562
563
563
562
556
557
650
567
562
563
562
563
556
556
557
562
556
555
553
568
556
700
610
562
561
564
561
566
618
571
565
555
561
563
557
556
603
565
567
565
566
559
575
561
564
562
654
564
561
557
563
556
559
1406
603
1261
616
562
559
572
562
556
561
555
564
569
561
559
570
575
610
1030
569
556
559
561
560
558
564
574
556
566
568
620
563
618
562
562
555
562
559
557
557
556
1365
565
569
560
556
562
556
557
577
560
556
559
557
556
560
559
570
556
562
559
562
566
560
561
556
562
557
556
560
555
563
556
566
562
565
564
564
563
618
556
560
561
559
555
556
563
563
566
560
562
566
568
1015
562
556
559
562
560
556
557
562
556
564
563
560
560
560
556
782
556
562
564
561
616
557
566
564
1530
555
616
565
556
556
564
561
565
562
564
556
566
561
560
561
560
560
564
556
563
560
556
556
562
629
570
561
560
607
561
555
557
562
575
562
575
559
555
563
572
555
556
556
557
556
562
561
561
557
563
930
562
560
648
566
565
618
564
611
571
617
566
563
560
633
556
558
556
593
562
555
606
559
563
611
562
560
566
565
564
562
566
564
556
560
556
561
559
595
564
608
609
563
557
560
555
556
559
560
556
560
563
559
556
558
562
562
564
559
564
556
565
561
653
603
555
556
556
560
556
561
556
563
562
560
559
556
611
557
1207
562
562
567
610
560
556
555
566
577
559
561
556
618
565
556
569
560
556
562
562
557
559
750
575
557
565
559
556
561
562
617
560
566
562
1734
562
556
560
556
563
560
617
561
560
569
560
559
566
562
562
556
555
561
664
1615
561
572
562
556
562
566
601
556
559
562
556
556
560
556
556
562
556
556
560
555
565
567
562
565
557
556
559
556
556
561
556
561
566
557
561
559
556
570
563
556
562
562
632
567
625
562
560
1309
603
1636
565
559
565
570
556
559
561
566
555
573
556
566
561
565
563
562
559
561
564
562
560
556
563
565
562
565
555
560
562
562
574
564
583
556
556
622
555
552
562
561
560
556
556
564
975
612
563
565
975
559
565
1258
567
561
556
565
560
557
557
556
556
563
556
555
559
565
571
559
609
606
564
562
603
557
564
567
563
565
560
569
561
556
560
567
556
620
561
562
555
566
562
559
562
564
566
556
562
556
556
562
632
556
556
555
560
559
560
652
556
565
562
561
555
556
562
607
565
559
566
556
563
563
612
572
560
567
560
556
620
563
557
557
555
559
560
567
562
562
569
561
631
556
570
560
562
564
560
557
557
556
561
564
561
557
566
556
559
557
555
561
556
562
565
562
560
561
562
555
561
560
555
561
559
564
558
559
561
565
566
557
561
555
559
559
560
555
566
563
557
555
565
560
562
564
560
560
564
607
563
564
566
563
563
566
557
568
559
562
555
562
561
564
564
567
562
556
559
559
561
560
566
556
560
557
562
608
566
568
557
565
631
560
560
557
573
556
560
556
560
560
565
560
566
556
559
557
555
563
557
562
565
561
563
556
569
565
563
561
555
563
601
565
621
560
556
556
557
560
556
560
561
557
567
560
561
559
556
556
557
559
556
574
569
565
556
570
565
565
561
561
557
556
559
564
561
564
563
559
556
634
562
574
556
606
556
557
560
562
555
562
611
608
557
556
562
556
619
556
559
565
559
572
562
563
560
557
568
557
630
562
609
556
559
611
560
563
560
557
564
556
576
557
560
560
557
564
560
560
566
619
566
606
983
1246
567
560
566
560
612
568
556
564
566
556
616
563
561
608
564
580
556
565
556
568
571
557
559
563
555
555
562
567
555
556
562
560
555
569
573
563
557
776
556
566
562
555
556
619
565
562
566
556
563
561
560
561
563
609
556
560
559
570
562
664
611
564
561
558
586
555
561
566
560
557
557
563
566
556
555
564
562
578
611
555
556
559
556
596
556
567
561
567
563
556
564
555
617
566
565
564
562
557
562
562
563
561
557
565
565
556
562
632
569
611
557
562
622
556
556
560
556
568
561
562
563
561
563
652
566
559
559
564
630
561
574
557
565
564
559
565
613
559
573
562
611
561
556
557
563
555
557
556
611
563
571
564
564
565
555
560
559
560
563
564
563
556
560
555
561
556
557
565
555
561
563
568
555
564
1108
558
562
559
568
566
565
559
566
565
560
611
566
560
559
564
608
559
564
560
562
562
560
558
556
556
563
556
563
565
566
1152
561
564
555
579
559
555
565
563
563
566
565
609
559
561
615
563
609
603
620
562
556
556
559
559
555
560
559
556
557
643
562
556
557
561
557
557
559
561
555
556
626
557
563
556
559
575
566
556
562
566
618
980
564
557
556
630
560
561
563
560
563
566
566
559
564
561
562
556
556
561
563
564
556
610
557
564
565
619
563
556
561
556
556
560
560
559
569
557
560
572
578
571
556
556
559
568
556
563
558
1612
582
557
557
564
563
556
556
563
642
561
610
559
564
603
557
556
580
557
568
565
641
571
560
561
561
563
566
678
559
562
611
612
559
562
555
557
562
560
567
556
560
627
562
555
555
1275
560
563
556
613
560
606
564
571
563
562
556
1275
560
560
560
562
558
561
558
561
564
557
559
556
556
571
559
1535
555
563
586
558
557
560
567
573
561
562
569
563
557
560
565
561
568
562
567
561
560
561
556
556
560
562
562
563
560
558
556
559
565
560
562
557
578
562
560
572
560
560
565
557
557
561
555
560
559
559
561
569
562
559
556
557
564
560
562
558
560
556
568
563
556
565
610
561
562
566
555
563
562
564
611
589
568
573
560
557
616
565
561
602
555
1289
617
752
556
607
564
983
566
586
559
556
559
563
556
570
571
565
556
563
560
555
560
561
556
564
557
562
608
556
603
563
558
556
562
698
555
565
562
563
556
563
556
561
565
630
555
566
618
560
567
566
576
560
567
556
562
560
562
564
631
559
557
619
558
557
556
567
555
556
560
564
557
582
563
557
565
556
561
801
557
556
560
557
556
561
559
560
556
563
1625
561
620
559
560
562
556
559
556
556
556
563
556
567
606
611
560
561
555
556
562
560
564
562
559
557
557
559
560
559
560
764
561
617
567
563
573
566
562
611
563
556
557
556
559
555
556
563
587
563
562
567
566
559
561
562
559
560
556
565
612
560
558
626
604
564
559
556
562
557
608
565
556
610
557
561
561
559
555
611
615
557
559
555
556
556
560
561
604
562
566
560
560
562
560
562
565
565
563
555
605
560
568
609
617
571
557
556
561
562
564
619
614
556
556
559
559
557
578
556
564
557
561
557
563
556
555
567
555
566
556
562
556
578
625
556
607
562
561
565
565
565
560
616
605
557
559
556
1196
559
555
562
556
565
648
559
568
580
556
560
566
556
568
559
606
563
1239
828
562
562
561
560
560
556
561
572
556
557
556
562
556
559
608
567
612
560
562
557
556
559
560
565
557
566
555
570
562
579
568
556
560
575
556
561
556
556
560
576
566
606
556
565
561
556
556
559
601
633
562
565
556
556
567
560
560
555
616
609
612
556
555
561
564
555
564
568
618
558
563
564
559
627
562
556
556
560
562
562
557
556
610
565
564
566
561
555
564
606
562
569
556
568
556
561
563
633
557
562
556
621
563
556
573
563
556
559
560
563
559
562
562
565
556
561
559
557
562
559
566
1142
559
556
564
561
608
568
561
567
561
569
598
561
565
732
560
560
564
566
562
560
565
610
556
564
564
555
556
559
609
572
562
563
556
555
1428
608
556
561
562
556
559
560
611
566
610
555
556
555
556
559
561
560
616
611
555
562
563
562
555
562
563
561
559
560
559
556
555
559
566
629
566
564
561
611
562
560
557
562
559
563
561
556
563
560
565
565
660
556
556
559
561
557
557
564
559
623
563
561
606
565
565
563
562
562
575
559
556
566
562
609
556
570
559
570
556
559
561
563
556
557
560
556
555
564
560
561
560
561
566
566
556
564
1217
561
556
562
563
609
564
560
616
564
559
566
556
561
560
561
563
556
556
559
630
565
566
559
561
578
555
556
561
556
561
562
556
610
556
563
562
556
607
569
556
565
556
556
556
556
559
561
561
566
556
562
563
561
557
555
562
565
556
565
563
610
606
616
559
561
562
566
596
611
559
568
557
558
561
556
615
556
556
624
565
555
566
556
560
556
555
561
569
556
563
556
575
560
556
556
555
556
560
561
565
568
563
567
559
561
564
564
561
568
567
566
561
559
564
615
560
575
646
563
779
573
555
562
560
561
556
564
559
567
556
560
563
604
556
564
562
562
562
556
559
567
556
559
560
562
556
563
560
557
561
561
564
564
562
604
555
647
581
565
561
557
562
562
556
563
571
558
557
557
555
562
562
560
555
567
561
635
560
556
616
566
566
566
563
556
629
556
563
560
557
563
556
559
568
616
560
555
557
556
564
559
559
567
567
560
556
557
563
573
559
556
556
563
564
561
556
556
565
566
566
607
560
555
556
556
556
556
559
562
556
562
569
556
565
569
603
556
561
560
556
566
556
560
572
559
564
556
556
556
561
613
562
560
560
556
559
626
556
563
562
562
558
567
562
561
556
563
560
556
562
556
556
562
573
563
558
555
556
560
565
560
562
561
563
566
615
601
557
560
564
560
556
557
556
556
561
560
564
616
561
572
559
555
565
612
565
561
556
563
562
562
611
561
608
563
569
564
569
566
564
559
638
556
557
561
568
560
556
556
560
555
557
559
559
561
556
562
563
566
559
556
616
556
565
577
556
558
561
556
565
562
609
556
558
566
560
619
608
560
557
556
566
555
559
562
559
555
559
633
564
563
557
560
568
562
562
561
561
566
569
569
557
555
567
565
556
576
555
560
562
560
614
565
556
563
563
566
571
570
556
562
556
562
556
573
560
556
560
563
560
573
556
565
555
567
562
563
610
565
556
563
556
566
563
555
565
555
562
559
806
564
561
559
556
562
565
557
556
567
614
613
568
560
559
559
564
562
567
565
556
563
556
563
562
559
555
563
567
560
562
560
559
561
561
556
561
556
563
578
556
564
557
556
566
562
561
555
556
567
560
556
560
563
555
556
566
555
556
605
557
560
566
563
573
568
566
557
560
563
568
571
565
566
556
562
581
561
600
568
572
556
558
562
559
561
559
558
557
613
561
557
589
555
577
560
556
565
565
592
556
616
622
572
562
609
563
563
556
561
577
558
556
604
615
556
559
556
555
555
613
563
609
579
572
562
562
578
569
562
559
1350
556
566
556
562
560
555
563
565
561
566
560
556
555
565
560
567
556
556
562
563
556
560
556
559
556
562
556
556
560
560
557
565
564
560
598
562
557
556
555
556
555
610
556
566
604
565
567
563
565
556
559
563
556
556
560
560
580
552
562
562
556
562
612
562
564
562
559
555
560
556
561
557
555
560
563
564
562
570
556
566
827
564
566
557
560
556
556
553
562
556
556
565
556
574
569
559
556
560
560
569
556
555
581
567
556
563
575
556
571
567
562
561
556
656
572
559
560
562
556
560
565
561
562
1058
566
614
557
566
563
563
566
564
605
556
562
563
607
555
566
556
562
556
562
559
556
572
560
562
563
556
556
559
604
628
560
670
555
556
568
560
565
560
569
559
560
562
562
564
556
560
563
555
561
559
559
560
561
562
566
561
556
566
557
596
560
565
562
572
567
624
561
555
559
556
562
558
556
607
560
560
556
565
582
559
559
564
565
556
556
565
562
649
1168
570
579
557
564
557
1609
558
563
560
563
564
560
555
556
561
606
573
561
565
565
562
559
1471
556
565
560
570
564
560
561
560
556
562
575
985
562
562
565
561
565
561
599
566
731
557
557
569
562
555
564
555
561
562
560
561
557
561
555
577
561
683
633
557
555
618
614
561
561
562
560
564
557
556
566
556
573
563
566
556
559
559
1423
566
566
563
557
556
561
559
553
561
561
555
556
557
565
612
612
610
556
562
560
565
613
607
556
555
556
556
556
566
562
560
559
556
577
572
563
562
562
556
556
559
560
571
581
557
560
563
793
564
565
574
560
568
559
563
568
560
613
560
561
557
556
556
558
555
561
556
563
557
557
562
1053
557
611
607
618
563
572
560
561
648
563
562
562
556
559
562
565
559
561
556
556
563
562
563
562
562
563
588
570
571
610
564
560
568
559
566
555
556
556
556
560
564
560
561
560
555
556
1095
635
562
556
556
561
558
563
555
563
556
557
560
602
566
560
613
565
559
561
558
556
559
556
613
633
567
559
566
555
560
563
559
561
562
557
618
619
555
557
562
562
565
566
559
561
557
555
559
557
568
557
1614
556
561
565
562
555
562
563
562
560
603
561
556
556
555
565
556
560
623
555
572
641
567
572
557
553
556
571
612
555
556
562
563
571
556
618
559
572
568
771
566
561
557
559
562
557
561
560
555
565
560
562
613
560
560
564
561
560
563
603
557
563
632
561
563
565
556
557
579
565
578
565
563
555
555
560
564
614
567
562
564
565
556
566
565
556
560
563
555
1338
614
561
562
566
563
627
559
564
565
562
582
566
562
557
560
555
557
556
561
603
564
561
561
608
611
560
562
556
566
564
556
602
561
557
556
557
562
626
560
600
557
560
963
557
560
560
555
560
563
556
561
561
565
560
563
569
573
556
562
566
556
556
556
569
563
553
562
556
556
560
564
568
574
561
556
559
560
569
557
603
561
568
614
555
557
560
556
561
555
556
560
562
562
1301
559
559
567
611
566
560
566
559
559
633
556
558
611
562
567
568
560
568
567
562
564
562
554
561
563
556
561
559
562
564
561
563
566
556
565
559
560
561
563
565
556
556
560
556
556
560
557
678
555
560
561
555
556
565
556
557
566
559
561
559
556
560
556
561
556
556
562
563
563
556
560
556
568
557
565
615
573
556
606
566
566
560
574
560
558
556
567
560
559
562
561
556
563
609
556
556
555
557
578
556
559
556
566
561
556
556
562
562
567
572
561
562
556
557
561
560
560
555
559
557
557
559
563
562
556
565
567
559
562
557
561
555
566
582
566
1628
563
556
563
562
556
560
566
559
564
563
607
564
559
592
695
564
556
564
556
555
562
556
556
564
555
556
611
615
557
560
556
556
557
555
556
557
605
558
559
558
562
560
558
579
562
556
557
555
555
562
556
562
561
565
556
601
562
567
563
557
565
556
562
562
563
555
563
562
561
569
556
573
630
560
562
555
560
645
560
556
557
572
556
608
562
560
567
569
572
560
555
555
560
610
557
563
562
565
612
562
555
556
555
560
573
556
562
560
556
556
559
555
555
564
555
557
562
631
601
556
568
560
561
561
562
555
556
556
562
561
555
614
559
556
556
557
1713
557
566
560
566
557
567
556
555
557
560
556
562
557
559
562
556
1354
555
617
556
557
560
567
555
562
567
556
563
574
556
569
564
563
568
559
555
565
562
566
562
555
561
602
565
566
571
561
559
560
560
560
567
559
560
562
560
562
559
555
561
552
563
571
559
557
556
562
557
560
597
562
561
560
611
570
566
565
567
561
567
556
606
606
555
557
562
565
568
562
617
619
556
618
572
562
557
555
560
569
562
560
556
555
567
579
560
839
616
555
562
557
567
609
562
560
563
560
574
566
560
555
564
563
559
607
566
561
562
567
555
609
561
556
565
563
556
607
561
566
1501
877
560
576
556
559
610
561
560
637
562
566
556
560
558
560
560
556
560
557
559
608
565
560
614
562
568
560
559
556
566
858
561
574
557
560
574
566
560
564
557
566
606
557
559
566
570
563
560
564
565
562
561
611
564
680
579
563
566
555
580
557
563
556
562
556
556
556
561
559
565
559
560
561
563
566
555
565
557
561
562
565
568
565
564
557
615
556
563
650
564
556
572
642
557
566
566
559
573
566
566
559
614
644
621
559
565
560
557
562
565
556
561
610
622
626
662
556
610
615
562
556
605
567
559
559
566
563
563
560
560
559
610
566
562
615
564
575
563
562
560
557
562
560
556
561
555
560
628
556
561
556
556
557
566
571
560
560
559
566
603
560
556
607
557
560
556
557
562
555
555
569
562
561
557
562
559
565
561
556
600
608
555
561
561
555
576
564
575
563
556
567
560
560
752
616
1125
560
556
585
618
560
557
556
560
1628
556
560
561
899
566
564
560
556
560
555
561
616
556
560
612
566
565
646
563
561
576
562
557
1183
556
556
558
561
566
564
556
560
556
556
601
612
565
563
559
561
561
559
563
563
556
614
567
556
555
611
562
557
556
555
563
555
556
562
572
564
562
692
611
556
569
556
563
556
562
565
556
560
562
556
560
652
566
555
556
560
562
566
560
561
555
555
562
556
556
562
560
563
576
555
562
560
561
564
607
562
559
561
562
559
561
556
609
562
563
560
639
562
569
566
565
563
602
567
565
563
559
616
562
564
557
556
560
562
562
608
559
559
560
560
560
562
636
560
559
555
569
559
578
572
611
560
560
556
576
560
574
566
561
562
565
557
564
562
607
555
556
556
556
563
774
555
554
557
556
562
561
561
559
566
563
559
561
566
564
568
563
555
560
559
563
569
555
556
566
560
609
560
570
606
596
556
606
562
564
556
556
557
560
569
566
592
567
566
615
557
556
555
556
563
1252
561
565
563
556
603
567
566
557
571
556
565
558
560
556
555
560
557
557
562
564
557
567
556
574
556
556
562
564
565
560
637
601
609
562
560
556
555
562
564
563
566
563
555
1243
556
559
625
561
556
563
561
631
559
606
560
567
645
563
559
1396
567
617
559
555
557
559
562
563
578
559
555
559
556
557
576
556
567
556
562
560
557
561
561
569
560
615
561
564
555
556
563
565
555
559
581
562
557
621
608
556
555
567
556
556
1107
561
619
578
563
557
565
556
568
606
567
563
575
573
579
555
566
610
565
556
567
556
565
613
555
555
556
561
562
560
574
560
556
573
562
562
577
556
561
555
567
557
563
573
565
557
562
556
557
571
557
565
564
564
564
561
562
562
558
557
567
555
556
796
561
1179
555
556
557
566
566
563
562
560
603
555
632
1148
556
561
560
557
560
559
556
624
577
556
563
560
556
556
1617
566
562
564
563
563
561
557
560
555
561
557
556
565
610
556
560
555
565
1437
555
562
558
564
563
558
559
561
604
602
612
561
556
566
563
555
562
633
557
565
586
560
562
556
556
564
1483
556
562
555
613
555
559
560
572
556
559
562
574
560
560
562
577
616
560
610
555
559
560
572
559
559
556
563
628
616
559
557
572
559
562
559
561
571
562
568
556
559
556
561
563
556
555
567
561
566
564
561
556
566
562
565
576
575
599
555
610
563
562
556
569
555
556
1091
555
609
611
561
601
560
565
604
556
556
560
557
566
567
566
565
569
557
561
573
564
555
632
562
556
562
559
562
607
572
566
565
565
668
565
562
562
560
556
561
725
556
561
563
614
561
556
560
639
556
560
560
612
555
562
556
559
555
559
556
732
600
558
556
556
581
556
564
562
564
561
559
628
560
564
564
559
561
557
561
563
561
559
556
563
566
556
560
566
562
566
567
562
556
561
561
563
555
557
556
564
566
557
567
566
567
566
598
563
576
563
574
556
615
565
613
556
561
562
560
574
603
565
567
565
562
562
564
555
565
569
602
567
555
574
1330
565
555
555
564
560
570
556
560
556
559
564
559
564
560
706
561
559
563
566
561
562
552
566
564
563
556
555
556
560
555
555
561
556
570
561
555
573
562
556
561
562
578
564
564
565
555
560
609
556
563
562
561
633
556
555
567
562
560
569
1172
562
562
556
557
606
564
567
556
560
606
575
575
563
561
646
556
556
556
618
559
566
926
562
556
556
569
560
559
564
562
557
556
569
557
560
733
567
556
560
565
561
560
563
560
689
564
618
565
561
563
556
556
556
567
561
557
569
571
565
560
561
600
573
607
561
570
556
616
559
605
561
605
583
561
562
556
565
619
564
610
555
561
555
564
557
615
556
556
556
611
557
567
561
566
561
560
563
557
561
560
564
557
567
559
561
571
560
560
608
562
557
560
610
562
556
563
561
575
556
556
636
564
560
557
566
556
556
561
556
555
555
1428
562
557
652
561
565
561
556
564
561
568
608
562
561
556
556
565
560
557
564
560
562
560
556
560
564
556
562
556
560
564
556
560
557
556
692
564
556
566
560
632
557
560
559
561
572
563
559
557
569
562
564
566
559
556
566
563
556
560
556
559
560
555
643
570
556
557
556
560
555
559
569
573
556
606
562
612
560
560
564
556
564
560
560
556
561
565
562
556
605
560
559
557
562
658
561
559
559
610
557
555
559
562
568
1623
562
564
562
607
564
556
561
557
556
631
557
560
556
555
559
556
561
559
556
563
556
561
575
555
560
562
