399
326
331
330
333
961
331
348
334
322
335
327
333
330
342
332
331
332
330
344
330
348
331
330
336
331
335
342
331
341
333
330
333
336
333
341
331
341
328
333
329
327
330
331
376
333
331
334
331
343
329
332
335
339
321
950
411
330
332
329
332
333
341
337
332
332
333
319
331
335
334
330
333
331
337
740
346
351
584
346
331
438
343
340
1046
334
338
330
332
339
344
332
329
331
517
331
405
335
331
331
336
331
331
323
331
405
339
334
331
331
331
335
331
331
402
331
413
336
330
333
341
331
336
318
334
330
330
335
331
332
330
335
340
330
345
331
343
344
330
333
331
331
333
332
332
335
330
331
339
335
339
331
331
389
331
339
331
331
341
331
338
340
350
331
335
334
360
330
333
330
331
394
326
327
331
330
347
339
331
339
329
389
331
331
339
331
394
335
335
331
330
308
334
330
341
335
341
409
331
331
334
335
330
334
332
410
332
345
392
342
339
335
331
343
331
339
331
324
335
319
337
331
331
330
335
334
338
331
331
341
341
330
422
331
330
344
351
331
340
341
331
331
343
337
334
331
331
339
335
331
396
792
347
331
333
349
331
399
369
332
350
405
342
333
333
326
333
331
332
340
331
348
333
331
341
343
339
331
331
342
336
332
312
331
331
341
332
377
959
338
331
334
338
338
334
342
331
331
330
331
330
332
339
340
339
342
331
335
330
346
334
321
330
329
343
331
331
331
330
331
343
340
384
331
340
342
331
344
336
330
330
337
397
332
330
330
320
337
329
346
335
341
331
903
345
331
336
335
331
338
331
336
332
333
336
338
338
329
339
337
330
342
412
396
335
324
332
418
332
331
341
334
321
962
353
339
338
341
345
331
331
782
347
331
331
336
342
327
321
346
340
340
331
334
334
329
338
330
342
335
343
336
423
330
331
340
331
338
412
351
394
335
331
347
331
335
336
330
346
332
330
399
333
335
329
331
395
332
334
331
332
390
334
344
343
331
338
354
349
333
331
331
341
330
331
331
331
331
331
331
322
331
331
338
325
332
337
332
340
330
331
332
330
331
330
332
331
331
342
334
331
331
331
323
336
332
330
331
338
331
330
331
333
331
330
332
354
336
331
334
331
343
342
335
335
333
342
331
331
331
330
334
331
335
338
344
332
331
340
331
337
335
331
323
341
335
330
352
321
339
331
336
329
331
331
331
342
331
345
337
330
336
340
388
335
739
330
341
334
331
330
330
333
335
331
334
331
334
330
332
331
331
332
341
331
331
343
331
335
416
331
333
335
331
345
331
331
337
346
323
331
330
330
332
336
334
332
416
335
897
330
332
332
331
335
341
392
332
342
331
331
330
331
341
343
350
335
332
435
334
331
406
336
333
332
332
331
703
339
331
335
331
343
410
339
332
332
331
415
331
331
335
344
330
371
330
342
331
331
342
338
331
330
340
329
331
341
394
331
330
339
332
335
341
331
337
332
331
335
335
385
333
329
331
334
681
323
331
330
333
332
331
331
331
338
329
344
332
334
337
332
350
426
348
332
323
323
340
331
331
331
342
331
334
331
331
341
332
331
332
333
330
332
341
962
330
345
346
330
341
351
340
332
340
339
332
331
406
337
330
349
331
331
338
333
331
330
332
331
333
335
407
333
335
339
330
334
330
340
331
337
325
345
331
331
318
336
328
340
331
331
330
334
330
348
331
332
331
329
340
338
331
345
331
331
332
332
328
330
320
339
342
331
334
334
330
331
331
335
330
333
337
325
344
424
331
335
336
426
331
333
330
376
331
340
331
716
335
331
340
335
333
332
339
331
397
331
331
332
330
393
334
338
332
342
348
341
354
333
340
331
341
336
380
396
337
327
331
346
335
331
330
342
331
330
332
341
331
329
331
335
334
397
334
331
338
330
334
331
330
399
333
330
337
330
332
341
332
326
335
332
332
331
331
331
332
388
959
342
333
331
342
335
335
338
411
335
341
332
335
333
331
333
330
339
332
330
333
342
331
334
336
343
340
334
336
331
324
340
348
331
337
331
331
411
340
695
331
330
331
330
340
331
338
331
334
332
437
340
333
330
344
340
331
335
332
341
331
607
337
331
332
330
343
346
330
334
331
332
335
330
335
333
331
342
333
968
332
331
331
330
395
334
341
331
330
337
331
334
345
335
331
339
348
330
338
330
340
390
341
332
330
334
330
331
331
331
343
331
331
333
343
336
398
330
330
331
331
330
331
340
339
330
329
337
331
331
345
332
331
332
340
331
330
340
332
345
448
337
329
345
347
346
394
399
334
331
342
335
331
331
336
335
334
338
331
347
342
335
346
396
353
331
341
342
341
331
331
336
332
340
334
313
329
331
422
347
333
331
331
331
337
330
331
333
397
347
868
421
330
324
331
332
331
331
404
331
334
334
335
341
332
333
332
328
339
341
340
332
335
334
332
330
331
331
332
344
331
331
335
340
334
346
330
331
338
341
368
334
345
331
335
333
336
334
340
330
327
337
330
331
339
331
342
331
332
343
330
335
336
336
331
346
333
333
330
331
332
331
330
339
331
332
328
331
330
331
340
334
332
342
331
367
331
331
346
329
329
331
337
380
346
331
349
334
331
333
337
330
331
331
331
330
340
339
343
331
331
331
331
337
330
335
336
331
332
335
828
331
338
341
342
342
331
473
346
338
335
402
336
331
334
331
337
342
331
350
333
342
330
330
331
330
346
332
330
335
345
335
330
337
331
330
330
333
380
809
325
335
338
332
330
331
331
331
342
340
331
344
329
340
331
339
395
342
331
330
341
331
338
420
334
330
338
340
335
331
330
340
341
338
363
395
331
332
332
332
344
331
387
316
332
339
346
346
334
335
331
331
331
331
331
332
335
335
331
330
390
350
340
330
345
342
345
389
338
330
333
335
331
332
332
331
337
331
335
337
321
342
331
335
341
331
332
331
331
335
332
343
333
330
330
335
331
330
347
354
327
331
346
331
333
345
335
331
330
331
332
420
331
747
342
330
331
334
396
331
332
333
344
339
333
336
331
339
331
345
330
435
331
331
331
339
327
344
331
331
330
331
331
342
331
332
330
341
338
331
330
342
331
330
399
335
336
340
331
331
337
330
327
332
333
346
335
328
325
339
331
346
331
342
337
335
334
330
334
333
327
335
390
330
330
330
342
339
332
345
335
347
330
331
334
331
331
332
333
331
333
334
383
330
330
331
331
330
331
330
342
331
334
328
406
334
331
336
338
334
421
332
331
339
331
343
332
336
341
333
336
350
335
331
336
345
324
331
332
323
335
345
416
393
425
331
330
334
341
335
333
339
334
330
341
340
331
341
331
327
337
396
335
335
330
323
330
335
331
331
337
340
340
330
342
333
386
332
338
331
332
332
331
335
331
332
330
386
965
344
334
331
333
330
346
339
340
331
341
339
344
342
654
335
332
333
334
350
332
331
336
331
334
352
331
391
330
346
572
336
333
330
331
332
338
336
392
330
337
330
330
340
331
330
331
335
331
330
337
334
331
330
335
407
330
344
331
331
401
334
392
332
336
330
338
331
331
331
321
330
398
331
331
335
331
330
341
336
344
331
330
331
331
344
331
341
330
331
330
348
332
331
333
341
345
330
332
330
332
323
331
331
331
340
345
334
334
385
398
331
338
392
331
342
339
331
331
331
713
330
339
331
332
332
403
331
330
331
356
331
330
331
330
340
331
330
343
333
345
335
332
331
335
332
331
331
330
335
341
332
334
331
338
940
331
331
353
330
331
331
346
338
330
346
335
331
330
330
348
342
331
318
341
330
332
347
330
331
332
330
339
334
331
334
330
334
331
331
332
330
336
331
331
335
339
330
346
332
337
434
422
344
332
348
331
331
331
331
330
337
432
335
331
335
340
345
331
776
330
330
331
334
329
329
342
324
337
349
343
331
338
329
338
345
440
335
334
340
342
399
330
345
332
335
330
330
331
332
331
332
338
334
345
330
338
335
330
342
342
330
331
342
334
401
330
330
335
331
335
331
334
331
331
331
332
332
330
331
341
334
330
331
337
336
332
322
339
331
330
382
336
332
335
331
330
331
331
331
341
601
331
331
345
332
331
340
331
335
343
330
337
341
342
382
331
335
331
330
330
332
331
346
389
344
331
330
352
335
388
330
340
349
331
339
338
332
341
346
331
337
336
336
331
331
335
337
430
388
331
330
336
334
334
332
330
332
334
342
333
331
961
334
330
346
331
331
334
330
334
334
334
331
333
340
350
334
330
336
343
337
331
331
335
342
331
326
334
332
341
337
337
336
339
332
336
337
331
334
335
337
330
331
395
334
331
329
315
333
322
331
331
331
331
331
324
335
332
331
331
331
912
332
331
334
339
331
340
329
330
343
335
330
340
394
337
335
341
333
331
329
330
341
334
330
342
334
330
342
342
393
331
335
331
330
330
334
337
342
335
338
340
340
337
331
334
335
341
388
332
333
331
330
383
330
331
331
323
331
332
331
332
330
331
330
331
344
335
331
337
330
334
331
393
330
341
352
331
333
331
332
331
333
346
346
336
339
332
331
335
340
335
330
331
341
331
333
331
330
331
332
334
330
381
341
323
332
340
331
331
333
331
341
331
338
332
330
331
900
331
435
341
466
336
345
347
342
341
329
341
335
326
335
331
337
333
334
334
343
332
331
342
331
331
330
345
335
331
332
341
332
335
346
401
335
348
330
341
330
336
335
335
330
342
346
329
331
330
341
333
344
331
401
330
332
331
330
331
331
337
329
341
338
331
337
332
330
332
342
334
341
331
335
331
331
343
332
331
331
330
336
327
347
333
330
332
964
320
342
330
336
335
332
339
338
331
331
332
333
331
337
330
392
330
341
332
335
331
409
915
688
336
331
333
335
324
331
343
350
325
329
408
331
340
332
349
334
330
331
336
335
331
331
333
331
331
330
341
334
331
331
330
331
330
334
332
331
330
340
333
334
334
335
337
335
332
331
340
407
330
319
339
345
346
333
392
332
333
332
334
331
332
356
334
394
331
349
330
331
330
341
335
340
341
335
327
332
331
331
331
331
389
340
331
333
339
335
330
331
334
331
330
330
327
390
329
337
331
331
331
336
336
410
338
346
338
331
337
330
335
331
342
329
334
331
430
330
335
330
337
335
333
331
386
348
349
337
387
344
341
331
343
401
343
330
333
343
330
334
350
333
331
335
323
331
331
336
346
325
349
340
332
331
331
331
331
331
344
326
331
334
741
332
330
331
331
324
341
384
331
334
339
331
341
339
331
332
341
331
376
331
331
343
331
330
330
330
331
330
331
337
330
330
332
344
396
627
331
331
331
335
344
331
331
345
321
689
332
334
334
341
339
319
341
332
332
330
330
334
345
384
332
465
421
331
338
340
330
331
337
339
341
336
343
410
336
407
331
331
373
331
332
330
397
335
331
331
401
334
331
331
330
331
337
333
338
330
332
335
345
330
337
335
334
332
330
330
331
327
351
331
336
351
324
331
341
330
322
325
341
338
330
333
341
332
399
336
337
393
330
335
330
331
339
333
326
332
332
346
324
330
332
329
330
331
331
331
332
331
330
334
331
343
331
341
334
330
339
331
331
345
331
339
331
395
332
335
335
341
332
335
331
340
396
339
332
331
330
337
340
408
345
340
338
331
338
330
331
331
337
331
331
331
332
330
333
331
330
332
331
332
336
331
1414
330
335
386
339
342
347
331
329
332
432
335
341
336
350
322
331
400
333
334
335
331
333
341
342
330
331
333
337
333
341
331
342
330
331
332
330
336
381
344
313
338
330
332
331
335
336
332
356
341
331
334
390
341
349
341
350
334
331
341
342
331
325
331
331
337
341
331
334
349
330
332
335
331
331
342
336
331
340
331
330
335
321
334
330
333
331
331
333
396
332
331
339
335
331
330
331
330
329
392
342
331
333
341
335
327
335
331
331
332
360
343
399
342
330
331
375
342
331
339
339
345
348
335
330
346
344
331
335
413
338
332
331
332
345
331
330
334
331
342
330
336
331
340
341
387
331
332
335
333
342
351
331
340
334
331
335
336
327
331
339
331
330
340
335
337
332
331
339
327
330
333
342
336
341
330
337
342
335
331
347
392
349
334
332
331
331
945
333
339
407
335
331
333
339
341
343
331
332
330
408
331
326
335
395
343
324
352
334
330
341
329
332
332
327
331
335
339
331
330
345
332
342
331
344
950
330
334
897
334
331
345
332
335
331
331
334
334
346
330
333
329
330
342
335
331
343
339
330
331
341
335
343
339
405
333
339
331
331
343
335
331
392
330
330
338
406
331
334
340
337
331
331
332
330
329
331
331
331
342
334
391
332
346
332
331
331
349
331
335
334
336
331
334
388
331
331
340
338
326
339
335
331
336
336
342
339
342
331
333
344
340
348
342
339
342
331
331
354
334
339
331
331
345
335
331
413
332
325
342
331
331
386
339
339
331
332
334
331
331
346
342
340
341
332
331
334
349
338
329
393
331
740
332
335
337
326
332
331
333
338
332
332
332
340
335
354
336
342
331
336
340
341
341
342
331
326
331
334
341
334
343
335
330
331
333
389
385
336
331
332
331
331
332
333
331
372
339
331
337
336
338
331
335
330
331
332
332
349
341
332
343
331
346
401
332
320
341
330
342
331
343
370
376
334
335
331
340
332
341
332
334
339
331
330
334
334
336
338
335
330
338
341
331
347
339
331
336
339
337
332
330
331
332
331
330
335
335
331
334
331
431
349
331
341
333
332
330
329
345
340
330
331
345
407
328
341
338
335
329
330
332
330
350
332
382
334
335
342
331
397
330
334
338
330
331
400
335
327
330
336
331
330
331
332
346
331
335
330
331
334
400
343
344
334
345
331
353
341
331
334
346
616
344
335
336
332
331
413
333
333
333
341
335
330
331
335
331
337
330
332
341
335
331
333
337
339
387
341
331
566
330
331
343
334
334
334
337
334
331
331
340
331
330
330
345
330
404
330
332
338
944
331
346
348
331
330
330
337
332
330
338
338
335
346
334
333
340
331
338
334
331
331
396
331
343
350
346
403
330
333
331
393
331
332
334
331
331
331
330
342
330
331
334
330
341
331
339
330
403
330
330
342
345
331
331
332
331
331
330
331
334
331
331
346
331
337
330
329
332
340
331
344
341
330
350
336
345
343
344
335
396
337
331
330
337
329
332
331
330
337
334
331
338
331
331
754
339
335
383
341
396
341
331
337
333
389
330
405
395
331
331
320
337
331
340
331
343
332
332
335
330
330
335
342
330
331
340
395
348
331
323
331
334
330
330
331
335
340
332
331
332
333
348
331
331
345
332
330
342
342
336
329
334
341
332
347
331
337
323
330
345
598
335
331
330
396
348
334
334
332
342
334
335
329
336
333
414
331
331
330
331
330
336
334
333
353
332
331
983
331
342
403
331
332
331
330
662
331
330
404
331
330
335
336
331
331
852
331
331
331
330
335
351
330
332
338
330
340
335
563
342
340
330
330
331
343
331
332
329
342
399
338
335
349
340
331
336
343
389
350
331
333
331
342
330
341
331
331
399
340
343
331
380
382
332
330
334
331
332
331
340
340
345
334
330
330
397
336
398
331
333
334
330
442
852
333
331
331
339
331
330
330
336
330
331
331
331
417
332
349
331
335
363
331
336
416
331
330
331
393
331
330
332
417
357
331
331
331
335
337
389
337
332
341
332
330
330
342
329
342
348
330
335
331
337
330
340
964
326
338
330
330
331
331
340
332
347
328
331
339
331
346
337
331
330
382
332
330
346
435
343
336
331
410
334
330
331
330
333
340
335
330
346
331
334
341
331
326
335
344
333
331
334
330
334
336
331
963
333
335
336
339
333
338
331
394
339
333
331
336
341
376
329
337
331
343
332
360
328
332
341
330
333
333
331
330
341
333
334
331
331
334
327
331
335
332
331
337
387
332
331
333
331
332
332
413
332
342
939
337
348
331
334
337
330
330
331
393
331
335
337
331
331
346
331
330
338
330
744
333
331
344
386
394
346
331
340
331
331
335
331
338
331
332
331
961
348
332
330
330
377
330
333
322
348
330
340
337
334
400
330
335
338
331
331
332
623
338
367
391
339
315
335
331
338
333
332
340
332
334
332
330
342
342
337
330
918
344
336
330
332
342
331
345
408
349
331
330
337
351
330
891
347
331
400
335
330
324
332
333
330
331
334
338
348
331
340
330
330
331
539
330
406
390
336
344
336
335
331
331
335
331
331
340
332
344
345
346
339
339
331
331
339
335
333
331
330
374
417
331
331
349
347
332
346
330
345
340
331
324
345
336
330
335
342
335
331
346
333
331
335
330
332
401
330
338
338
346
334
330
405
334
348
340
335
331
331
331
399
333
412
333
391
331
380
335
331
330
345
331
337
331
337
421
331
337
330
330
339
329
330
395
335
339
331
330
331
335
345
332
323
334
331
335
338
334
331
337
335
331
330
331
331
330
424
390
343
333
331
335
327
336
347
331
332
324
331
331
331
334
335
334
332
354
337
349
332
341
331
331
334
386
347
339
331
343
332
334
342
331
340
335
331
340
335
331
331
331
337
331
338
407
332
343
331
334
331
331
331
331
342
331
336
331
331
369
330
644
343
331
330
331
347
330
331
351
340
331
329
330
345
338
330
342
336
330
337
340
330
762
335
346
965
332
331
339
332
345
334
344
391
384
346
330
330
391
345
321
331
345
341
330
334
335
331
330
330
378
402
331
393
332
336
341
330
331
332
331
346
387
408
334
332
405
337
331
320
335
339
326
337
339
339
344
337
336
342
333
331
330
758
331
334
401
749
338
330
331
334
333
331
330
331
332
340
340
334
330
331
335
332
334
331
406
405
337
331
331
330
336
331
324
330
331
336
333
334
390
335
331
400
331
335
415
334
336
330
331
331
336
326
344
332
340
334
370
331
334
331
331
338
331
330
327
337
334
331
342
330
331
333
337
341
344
389
391
331
343
341
330
340
342
338
330
331
330
341
343
331
342
331
331
332
338
341
331
335
340
335
331
338
331
329
337
330
330
331
412
335
345
336
332
335
331
331
333
331
335
333
331
333
331
334
329
331
333
346
331
396
337
330
330
337
339
332
331
329
387
331
334
335
330
334
334
330
331
341
334
333
333
330
330
330
345
342
332
331
340
332
331
333
335
406
388
334
333
347
332
334
350
330
349
338
332
