228
221
211
210
209
210
469
207
206
206
211
211
219
221
210
235
211
210
210
214
204
214
211
211
212
293
210
211
210
210
207
210
210
213
211
213
222
211
211
211
281
211
210
277
211
232
211
211
209
221
214
218
211
210
277
329
212
221
255
210
210
210
210
226
237
212
286
210
211
230
214
210
225
217
287
211
210
210
210
211
273
210
214
227
210
228
274
217
211
210
211
222
223
210
210
211
211
211
210
211
210
222
221
212
597
227
210
210
210
211
306
210
226
306
214
210
211
210
220
228
217
210
209
211
210
210
211
210
210
210
228
325
211
222
211
211
221
211
210
209
210
210
210
210
211
210
224
210
211
210
211
210
210
210
210
210
211
211
221
211
210
210
210
215
221
210
210
214
214
210
214
210
210
210
237
273
225
211
210
210
210
210
211
210
210
211
210
210
227
211
293
210
210
210
213
210
218
211
210
211
210
221
222
206
210
210
214
210
210
220
211
221
283
210
210
220
238
210
209
210
209
221
210
221
314
210
210
210
210
218
207
210
211
234
281
210
210
210
210
210
214
211
215
211
210
211
210
210
210
210
213
277
214
211
215
211
210
211
231
462
227
212
210
211
214
214
222
212
280
223
278
210
313
210
227
211
206
222
211
211
222
210
275
217
210
213
283
211
211
210
220
210
233
211
210
214
217
210
210
214
224
211
212
221
304
211
212
210
210
210
211
210
279
211
214
211
211
541
210
220
226
211
223
210
624
209
210
210
210
210
211
210
211
211
210
217
210
229
212
210
206
209
214
222
210
221
214
211
211
224
211
228
209
340
218
205
211
210
210
282
278
210
210
211
661
211
212
209
212
280
223
210
210
209
276
210
209
554
211
210
210
210
210
274
210
210
206
213
211
212
237
211
210
209
210
211
214
222
245
210
214
210
210
210
257
206
211
234
211
210
211
215
210
221
210
213
210
221
214
468
205
493
210
229
210
210
210
217
214
211
210
211
210
218
210
210
210
211
210
276
211
279
212
211
224
223
210
210
211
241
220
211
224
211
210
210
211
211
209
210
211
220
214
210
211
226
210
210
222
210
210
210
211
210
211
320
229
213
211
211
210
210
210
210
210
210
211
210
210
210
210
210
212
214
211
209
221
213
210
222
211
211
221
276
210
210
211
210
210
211
211
214
211
211
282
210
211
624
206
210
210
210
212
210
210
224
210
210
222
210
211
210
211
220
210
221
211
210
221
210
210
210
220
211
210
210
213
211
211
210
220
212
209
210
222
210
210
210
214
210
220
210
219
219
210
214
210
222
210
222
210
211
220
210
210
210
292
211
210
325
212
261
211
267
597
226
210
211
214
211
300
211
210
210
274
210
210
210
213
211
211
210
232
223
211
218
222
210
212
211
210
211
210
211
210
287
210
268
210
214
221
215
210
210
223
210
210
222
209
210
226
221
210
210
211
210
210
210
210
210
210
210
220
214
237
210
214
211
211
210
210
221
221
214
210
221
210
210
221
211
221
211
210
210
211
222
209
211
210
211
220
280
211
211
211
210
210
214
283
211
210
210
213
218
219
211
210
214
214
212
217
214
210
213
211
220
210
213
210
210
210
212
210
212
210
210
210
211
221
211
226
221
291
278
210
214
209
214
240
223
210
210
238
210
222
211
221
211
213
211
211
227
211
211
234
279
230
211
221
210
210
211
210
210
211
212
211
211
210
211
270
210
211
214
210
212
210
210
211
210
211
210
617
211
211
211
270
220
211
536
210
211
211
210
210
210
210
210
220
210
211
210
214
210
210
210
212
210
210
236
211
211
221
212
210
217
211
220
211
226
210
210
227
214
217
211
210
241
219
211
211
221
206
211
210
213
223
211
223
214
210
210
210
214
218
211
210
225
214
210
210
272
211
292
212
211
304
211
227
272
211
210
229
210
220
285
228
222
218
232
211
214
210
210
211
222
209
212
211
220
210
213
210
211
211
211
210
534
227
221
221
211
211
210
210
221
210
211
217
210
210
210
210
211
213
210
211
223
212
210
210
210
211
210
210
214
229
278
228
274
211
211
213
210
210
285
211
221
220
210
212
210
276
210
213
210
210
210
216
214
210
211
210
211
270
211
221
213
462
221
211
210
210
210
221
211
210
213
211
210
210
227
210
211
217
211
211
210
210
210
210
211
218
221
210
213
210
210
214
210
212
212
210
211
210
210
213
211
214
211
205
210
210
210
210
210
210
214
210
210
210
213
210
226
211
214
220
210
210
211
210
221
210
206
224
209
211
210
240
237
211
210
210
467
211
214
211
223
214
212
211
210
217
210
214
211
209
220
211
211
222
238
214
222
210
210
241
222
209
265
211
222
211
211
210
210
206
209
212
224
210
214
220
210
210
214
210
211
221
211
210
210
214
224
210
214
210
210
210
211
221
210
206
286
222
210
213
221
210
210
211
210
211
211
210
210
230
210
210
210
211
483
210
274
210
212
210
211
213
210
210
210
210
211
221
263
210
209
210
210
211
210
221
210
210
210
210
260
212
210
221
237
210
211
210
218
210
210
210
221
214
211
211
210
235
210
214
210
210
270
210
222
210
211
206
215
211
210
235
211
211
214
220
210
215
210
210
210
210
211
210
210
210
210
218
211
210
210
210
211
210
210
210
222
467
214
210
214
211
211
229
213
213
263
211
211
211
210
211
211
211
210
211
211
210
210
248
219
212
211
275
211
214
210
210
210
210
237
210
210
223
211
214
210
209
210
212
211
211
211
211
210
235
206
211
210
211
217
210
224
210
209
211
214
223
235
210
210
222
210
229
211
271
210
211
220
209
223
210
211
219
211
210
210
211
211
211
210
325
236
225
210
280
210
504
211
210
210
210
234
214
222
210
210
220
222
393
772
210
214
210
210
210
210
210
234
210
211
211
210
210
211
210
211
211
210
274
210
211
210
210
210
210
211
210
220
220
255
210
214
225
211
230
223
221
210
210
210
210
214
212
210
210
210
210
211
619
229
210
211
221
211
220
210
210
210
220
223
215
211
301
210
211
210
272
210
276
234
210
211
221
210
210
303
210
211
206
214
210
222
210
210
219
211
210
210
210
255
210
214
210
210
212
263
210
211
218
222
569
221
211
214
211
206
206
210
271
210
211
214
210
224
227
218
210
210
211
210
209
213
211
210
214
232
222
283
214
210
222
210
598
210
210
211
210
210
258
228
210
210
210
210
214
222
216
210
220
211
222
210
210
210
213
222
211
211
210
210
222
284
296
211
222
214
279
211
214
210
287
220
221
226
222
329
214
211
210
211
211
214
228
210
211
214
210
211
210
211
210
221
214
212
222
210
211
210
212
215
210
212
210
210
211
220
210
214
211
215
211
234
214
210
216
211
213
211
210
210
210
220
277
210
214
210
211
210
211
211
206
220
211
210
277
211
210
210
210
210
221
210
210
211
210
213
211
212
210
210
231
211
211
210
217
210
210
260
210
214
222
211
222
224
210
211
210
211
223
211
210
211
219
274
213
210
260
217
210
210
221
244
210
210
214
210
210
211
210
210
211
210
210
274
210
211
211
226
210
365
210
228
210
210
239
210
210
214
212
210
206
211
211
210
210
210
210
210
210
221
210
210
222
214
210
272
211
211
211
211
217
209
210
210
211
210
210
211
214
214
276
223
210
211
210
210
211
219
223
210
210
211
222
210
210
212
210
443
210
210
217
210
210
210
210
210
210
210
273
221
226
211
211
215
220
210
211
214
210
210
221
210
230
214
211
211
210
214
210
214
211
275
227
211
209
210
235
213
216
211
274
210
276
210
233
210
211
231
210
219
210
214
210
210
211
209
210
211
211
211
209
212
211
210
211
213
210
210
221
210
222
220
210
213
211
215
419
212
223
609
210
221
210
220
211
211
230
214
210
468
211
210
210
211
211
207
211
214
210
216
210
214
210
210
210
210
221
210
210
214
210
215
210
210
211
214
214
296
210
223
210
210
210
211
221
209
210
223
210
210
210
219
224
274
223
210
220
211
214
211
235
210
219
210
210
210
210
210
210
210
274
220
209
210
210
211
220
210
222
210
214
210
214
235
210
220
215
206
205
214
210
210
220
284
211
280
210
210
210
212
207
211
212
214
213
222
210
213
210
212
210
217
210
274
220
219
211
210
210
220
236
221
210
292
211
221
210
210
211
223
279
211
210
210
210
210
222
218
211
225
210
210
210
210
210
210
211
210
214
210
210
210
211
217
286
210
213
219
213
235
210
210
210
213
286
212
211
211
210
210
209
218
211
210
210
210
247
287
211
211
221
211
225
210
299
228
210
209
211
214
467
210
210
210
210
210
210
212
210
211
241
296
210
221
211
213
211
210
210
214
216
210
222
211
220
224
222
211
210
272
210
214
220
210
506
222
211
226
211
221
211
227
210
212
210
222
210
222
238
211
211
210
210
211
210
211
211
211
210
212
210
210
210
222
210
210
234
220
222
211
215
210
210
210
213
211
210
210
214
211
210
211
210
214
210
221
206
211
211
210
206
210
221
223
211
210
214
210
220
211
227
226
211
211
210
210
211
214
211
211
210
347
213
219
301
210
210
235
259
210
223
216
237
209
214
222
211
281
210
211
214
222
210
210
211
211
211
273
210
210
290
328
220
210
222
220
256
211
209
211
211
242
210
211
273
221
222
211
211
225
211
219
210
211
210
211
211
211
211
211
206
211
211
210
210
211
210
212
257
211
237
210
210
225
210
220
211
210
210
221
211
218
210
209
210
210
286
210
211
210
210
215
211
210
210
281
210
214
210
210
213
211
220
210
210
211
213
210
209
220
210
210
269
222
210
220
211
210
210
223
258
222
210
211
210
212
210
226
210
213
223
211
233
429
222
213
210
217
211
213
224
210
222
210
222
529
210
278
210
206
211
211
210
275
234
210
210
211
210
266
219
435
215
211
214
213
222
210
557
268
210
224
210
210
220
222
217
224
206
213
210
210
212
210
211
211
210
210
221
210
210
210
274
210
211
211
210
221
268
211
211
214
211
211
214
218
210
221
210
222
210
212
211
220
222
211
290
210
210
214
220
210
214
211
210
210
210
215
221
222
210
210
263
210
211
278
228
214
211
210
210
257
222
221
452
214
210
210
211
211
210
214
222
210
210
210
209
210
601
210
214
210
210
211
210
210
210
210
267
214
210
219
211
206
210
210
210
210
211
210
250
215
210
235
210
210
210
216
222
211
225
210
209
222
222
230
210
211
214
214
221
209
210
205
210
210
229
210
210
273
210
211
210
211
228
210
214
211
225
222
210
221
210
210
616
211
211
220
210
215
210
210
210
210
278
210
210
209
210
223
213
210
212
220
210
231
220
210
210
211
211
210
210
211
210
210
217
211
210
214
234
467
211
271
210
210
220
222
211
211
211
221
210
222
211
223
211
211
210
210
210
211
210
206
220
210
214
211
206
210
210
211
210
210
211
211
211
211
211
213
213
211
210
232
211
210
276
220
210
210
211
218
282
214
210
214
211
211
210
235
222
211
227
210
214
210
210
234
210
211
210
211
210
210
223
211
213
210
210
211
214
210
214
210
226
214
210
213
210
216
210
210
211
212
216
211
214
210
210
215
206
222
210
210
210
211
210
210
222
210
210
221
224
220
222
211
210
600
211
213
210
485
211
210
211
210
210
210
221
210
210
227
211
210
224
210
212
243
211
211
211
221
235
210
211
210
216
210
283
210
219
217
211
210
228
210
210
211
211
218
210
210
210
225
211
210
210
209
210
210
210
211
279
210
210
226
209
206
210
211
210
210
209
210
210
222
221
211
210
279
210
221
214
211
210
210
221
210
210
211
224
228
210
227
210
274
210
211
211
211
210
210
210
211
221
214
211
210
210
214
235
211
211
211
211
214
210
211
210
211
221
234
209
207
211
209
227
210
210
211
211
223
211
236
211
212
210
210
219
212
225
211
210
211
210
210
210
227
213
214
224
211
211
210
213
221
212
211
210
210
276
210
222
210
210
211
272
223
210
214
210
210
220
261
210
243
210
210
282
210
480
214
210
210
210
326
214
210
211
227
222
468
211
211
211
325
221
209
211
209
211
211
210
220
210
221
210
210
211
210
210
237
211
219
210
220
211
211
220
210
211
211
219
210
209
211
225
276
210
217
211
210
219
222
210
211
232
211
210
210
216
217
211
231
235
210
211
214
214
226
210
222
274
210
211
222
211
210
221
210
210
213
210
210
277
220
210
211
211
210
210
214
223
377
210
210
210
210
211
214
211
222
206
216
278
221
245
275
210
210
221
210
214
211
210
212
210
211
236
214
212
211
210
210
220
209
211
211
221
220
211
630
210
212
211
467
220
210
214
213
222
211
210
210
210
222
210
210
304
211
210
220
221
211
210
211
206
211
211
211
210
213
211
211
210
219
210
206
211
210
210
210
210
210
211
224
222
210
211
210
222
210
211
281
211
260
210
220
220
211
210
206
210
225
620
222
210
210
210
210
212
213
214
210
211
211
221
211
210
223
206
211
211
210
221
210
206
225
466
209
281
222
222
211
210
210
210
210
210
210
211
210
210
273
222
210
222
211
205
210
210
222
210
210
210
211
209
210
220
210
210
214
211
220
210
211
209
211
210
209
221
210
210
210
217
210
210
222
210
222
210
214
211
217
274
210
210
210
210
210
276
210
210
228
211
211
215
211
213
225
278
220
213
210
210
210
210
214
291
273
280
221
214
608
210
211
211
273
222
210
210
211
215
211
215
211
222
210
211
210
222
210
212
210
225
206
210
222
210
206
210
210
210
275
210
210
210
211
210
222
221
210
214
211
220
220
223
237
210
221
211
210
210
218
220
211
210
214
209
211
220
211
207
275
282
211
211
210
210
211
210
211
210
214
211
218
233
218
210
211
210
210
215
222
213
210
210
218
224
211
206
210
211
288
210
210
211
210
217
210
214
214
222
214
210
210
211
211
216
210
274
214
210
211
210
210
211
212
210
211
209
210
214
210
212
213
250
209
213
210
210
210
220
211
210
210
214
213
210
211
212
222
217
226
264
222
211
211
230
210
210
210
210
211
215
211
210
210
219
222
220
225
211
210
211
211
210
212
210
222
225
221
247
210
210
210
211
210
220
598
214
210
210
209
210
211
274
229
214
213
298
211
212
210
210
210
210
211
599
222
213
222
212
302
224
231
221
211
210
237
223
211
210
211
210
229
222
280
210
211
210
225
210
210
210
210
210
210
211
210
223
209
210
210
211
222
211
215
210
238
210
210
235
210
214
210
210
210
210
210
210
211
210
211
210
220
210
210
210
210
222
273
220
210
211
211
210
210
212
211
210
214
210
210
210
210
210
210
281
209
216
212
210
242
210
210
210
272
210
214
215
213
210
210
211
220
210
210
214
210
220
220
211
248
211
210
211
211
210
210
210
211
210
211
211
210
211
210
221
209
224
221
210
210
213
211
210
214
211
227
231
234
215
225
278
211
234
210
223
277
211
214
222
211
210
210
210
212
211
224
209
211
228
210
208
214
210
227
210
299
210
211
220
211
215
235
210
276
210
221
219
210
213
215
225
209
222
219
476
212
221
210
211
233
210
219
219
209
210
214
211
210
217
210
282
210
224
275
235
211
213
210
484
210
214
224
211
214
278
294
222
210
214
211
231
211
210
240
211
210
211
212
210
214
275
219
271
210
210
211
210
217
211
211
211
211
274
211
211
213
210
211
211
210
211
211
211
223
211
210
211
210
210
222
213
221
211
222
219
215
210
221
222
210
210
404
302
210
210
211
211
223
210
210
210
212
210
215
210
210
216
219
211
211
210
278
210
211
212
236
210
211
211
211
211
277
211
210
210
210
211
221
279
211
214
210
210
214
211
212
232
211
210
223
210
206
210
220
210
210
210
211
211
210
218
234
210
210
210
211
276
213
210
210
212
210
210
269
210
211
210
221
236
211
210
210
215
210
211
222
210
214
210
206
211
210
210
224
210
210
210
210
234
212
210
216
210
278
262
220
270
278
210
211
210
210
222
222
210
210
210
210
210
210
211
234
221
210
466
210
210
210
211
211
210
221
211
274
210
236
219
210
211
211
220
221
211
211
210
221
210
222
210
210
210
275
210
209
234
211
214
211
210
210
210
212
210
210
210
211
210
210
284
210
210
210
232
210
212
212
210
210
210
211
296
210
211
210
210
210
210
219
234
210
250
220
226
221
211
211
210
210
210
211
220
218
210
210
219
212
211
211
209
210
210
210
282
210
210
210
210
210
313
210
210
553
221
210
271
279
210
214
211
211
232
210
211
211
211
210
211
212
211
210
211
213
211
212
210
219
211
210
221
496
210
212
210
210
211
209
211
210
210
211
213
212
352
213
211
221
223
210
210
211
212
222
222
210
209
225
210
211
223
211
225
211
211
552
211
211
210
211
272
211
265
217
210
210
210
210
224
211
210
210
210
210
214
210
212
211
210
269
211
211
209
206
224
210
210
217
218
211
212
210
214
212
210
210
213
244
206
214
210
306
213
281
210
211
210
220
210
211
211
211
221
210
275
210
210
210
210
211
222
623
213
210
263
210
210
211
277
281
210
211
211
278
215
210
616
233
210
211
212
210
273
221
210
210
219
209
211
210
211
222
216
210
276
210
209
210
211
210
239
211
211
211
223
210
210
213
210
220
210
210
271
210
210
210
210
226
211
211
211
210
220
211
210
210
211
210
210
223
210
210
210
277
222
210
211
222
210
211
223
295
212
209
238
210
212
210
212
210
210
219
210
210
214
211
209
222
210
211
225
214
212
291
210
210
210
211
211
213
273
215
210
333
213
210
210
211
618
224
219
210
210
210
210
210
210
210
222
273
221
214
211
210
209
222
210
210
210
210
214
240
210
210
222
210
214
210
222
210
273
210
211
211
211
210
515
222
221
211
211
210
271
210
211
210
217
217
222
211
210
222
211
210
211
214
210
221
211
210
210
216
210
210
210
216
210
210
216
220
222
604
214
217
206
211
210
210
210
213
211
222
218
219
210
211
210
210
222
214
220
210
211
210
224
214
210
221
211
210
209
211
211
301
210
210
211
211
209
219
220
220
220
214
211
214
213
257
217
210
210
222
211
210
210
210
210
210
211
210
214
210
531
209
210
211
211
210
210
210
210
210
210
210
220
229
211
215
275
211
210
211
216
210
226
210
210
211
211
289
210
214
210
210
210
210
220
209
214
210
210
228
211
275
210
278
211
211
262
215
220
224
214
221
211
