526
489
514
513
506
667
495
514
604
1318
512
600
515
502
558
507
517
528
513
518
510
528
506
504
507
509
528
527
516
506
520
569
524
513
860
495
497
507
511
515
518
514
518
502
500
522
593
502
499
507
506
554
800
525
506
506
507
505
593
512
519
507
497
508
507
510
497
509
519
491
509
511
507
584
1302
517
498
506
528
502
514
495
506
513
577
506
510
518
507
492
496
524
497
522
524
509
503
505
500
530
514
579
578
495
495
498
591
515
498
507
583
520
514
559
510
506
500
511
528
515
518
521
498
505
524
505
511
517
504
510
506
518
516
504
507
500
495
568
520
506
575
512
515
511
505
562
505
498
507
506
520
503
503
506
548
517
520
507
513
517
505
507
503
504
521
496
510
515
505
510
512
525
507
499
506
504
705
522
514
502
506
508
567
510
499
506
511
566
526
519
502
499
517
512
496
521
527
692
526
504
509
497
514
506
507
596
510
507
498
524
506
509
520
528
506
521
513
509
513
496
516
523
513
571
516
521
507
571
520
511
508
582
512
497
510
509
532
828
508
515
505
575
508
812
502
507
799
500
525
507
514
507
500
495
517
520
506
518
496
493
508
518
519
510
557
505
554
497
517
518
499
568
499
506
507
518
502
507
497
508
507
504
507
508
504
506
508
529
527
522
508
521
532
515
500
526
522
497
497
508
505
506
503
506
506
520
517
507
513
515
574
505
573
503
518
508
515
564
519
506
507
522
565
508
548
507
513
524
512
511
510
501
509
504
521
507
511
514
511
520
503
507
503
506
517
526
503
521
505
495
515
583
504
509
507
514
499
507
515
514
503
500
515
519
500
509
510
511
833
505
495
514
506
518
556
507
517
520
507
501
511
514
515
508
524
509
494
594
1049
515
525
513
501
499
522
500
508
504
580
511
526
512
515
501
510
510
508
511
502
586
522
506
505
517
518
535
510
527
489
506
516
522
506
522
503
508
515
512
513
510
510
518
505
507
521
495
508
516
513
517
509
509
549
502
510
513
503
505
517
509
497
508
497
513
528
569
577
511
572
515
564
516
516
522
498
500
519
529
517
515
607
519
512
513
504
508
519
503
522
517
507
508
504
505
518
516
539
513
516
516
498
513
513
497
585
522
499
504
503
560
518
499
517
514
520
504
508
505
504
507
504
521
513
505
512
523
507
512
516
523
530
573
504
502
516
505
528
525
521
515
506
513
509
506
592
517
494
518
1199
516
505
511
518
561
509
497
500
516
509
508
509
511
576
519
522
514
537
515
501
493
516
500
521
495
515
509
505
534
509
505
523
958
506
513
497
522
502
508
509
505
526
524
521
523
505
580
519
505
511
515
509
518
507
578
499
516
525
520
570
526
591
576
504
796
588
497
512
516
619
495
504
504
506
522
514
510
512
511
505
509
507
505
503
517
509
506
510
520
516
511
520
565
513
495
668
523
1354
504
522
526
505
499
497
504
510
516
562
515
507
518
507
505
1061
524
510
518
505
513
509
511
501
504
1092
525
556
524
498
509
512
560
513
515
530
525
516
520
508
526
510
529
520
515
505
584
504
509
507
516
506
509
502
494
502
526
521
526
510
505
503
509
519
506
522
499
566
557
530
508
503
512
524
495
511
517
516
511
506
514
522
573
521
508
515
520
505
506
504
510
507
513
504
504
511
520
517
510
508
724
569
496
511
508
525
527
518
498
505
522
510
508
518
515
516
523
508
509
512
503
506
504
505
513
510
510
510
506
508
518
521
504
576
505
572
496
510
511
513
503
604
523
505
508
504
501
518
501
514
503
520
565
506
504
497
523
521
505
506
519
644
549
504
515
517
509
514
519
515
517
497
508
518
519
506
504
507
509
504
515
505
509
509
509
526
512
511
510
522
512
518
517
505
505
509
516
527
504
510
523
507
515
518
516
505
507
510
529
523
529
498
505
509
526
509
495
518
498
506
517
514
511
504
1007
528
530
510
518
507
602
507
504
512
522
503
507
499
505
525
502
753
523
505
519
611
501
506
520
517
521
506
935
520
515
882
516
508
521
527
511
494
506
510
517
528
520
518
523
514
508
510
495
526
522
509
508
507
506
521
554
514
503
918
560
523
516
516
507
497
504
495
521
509
524
509
513
517
517
565
526
498
496
513
499
514
516
501
528
539
524
509
513
521
506
514
518
497
489
504
518
506
515
506
510
525
520
553
494
513
517
516
508
561
518
511
507
503
509
507
571
508
514
520
518
500
516
522
608
515
512
506
525
526
519
502
511
520
510
514
496
514
517
506
509
519
517
504
505
570
518
520
584
534
497
499
506
509
499
794
522
511
502
497
504
546
506
521
504
711
503
526
498
522
521
514
519
510
506
550
505
510
509
498
571
534
515
508
510
519
506
514
523
516
518
504
506
511
517
498
573
517
495
509
518
514
503
506
512
509
516
505
531
497
511
516
577
517
667
509
513
508
519
560
563
520
519
527
500
518
514
512
556
509
519
513
523
512
504
520
521
567
505
581
518
577
506
504
507
510
512
513
525
506
508
525
509
495
557
512
578
561
503
494
523
508
501
579
516
517
534
505
499
521
506
502
513
499
512
504
505
569
525
518
517
514
501
498
520
510
505
553
1013
499
504
504
509
504
505
544
511
499
526
505
510
510
520
523
511
519
517
508
512
517
520
492
514
497
502
549
503
498
512
505
515
506
494
567
502
508
519
497
504
510
504
515
516
518
516
523
518
520
515
520
514
513
514
570
499
496
519
508
513
503
509
513
527
525
575
501
505
510
509
521
509
563
560
509
518
530
507
504
504
509
522
503
522
512
570
517
515
574
522
617
557
522
514
517
495
564
504
518
921
528
514
497
512
499
516
563
529
1305
505
562
518
506
509
527
502
546
522
505
503
495
562
511
506
515
503
504
504
500
519
572
516
515
498
509
521
508
508
517
508
517
515
568
507
523
507
511
502
566
506
506
508
507
510
520
549
514
522
506
515
507
507
510
526
518
562
519
499
563
508
505
590
500
497
525
508
513
510
506
513
528
507
512
509
580
517
513
492
502
576
506
513
517
509
508
513
495
515
523
539
528
512
497
508
506
581
516
499
691
517
505
522
504
520
569
496
503
519
513
512
515
581
518
514
524
517
514
508
517
573
529
519
512
504
505
519
510
566
508
515
528
520
510
516
503
509
513
495
514
517
503
507
505
519
506
1017
518
503
524
563
521
580
509
509
499
506
500
510
496
670
498
551
517
506
515
505
504
513
509
520
559
521
582
660
521
509
509
527
525
509
514
514
509
507
510
524
519
508
512
519
506
516
513
498
502
500
504
511
496
514
505
514
583
510
595
500
498
507
506
524
519
520
504
510
505
505
521
506
507
510
567
521
507
503
516
501
524
504
507
520
556
508
563
499
523
519
506
515
509
524
508
520
516
528
507
508
518
507
504
505
507
505
504
601
524
576
497
521
502
498
569
510
511
498
511
503
506
871
500
508
506
519
519
554
508
502
523
510
511
505
516
508
521
507
513
522
525
507
510
506
519
506
514
516
510
507
497
509
512
508
526
504
508
526
505
494
517
507
546
496
540
520
510
494
510
523
504
522
507
495
504
496
516
518
513
617
500
590
504
496
495
507
521
518
495
516
523
515
547
570
505
521
518
505
524
516
508
521
518
508
504
525
563
515
521
571
495
500
496
574
522
505
497
509
513
499
516
505
504
518
513
505
528
519
507
526
502
517
505
505
1469
511
519
519
575
518
524
523
506
512
511
509
508
492
499
506
522
499
528
494
526
521
503
506
517
518
516
519
513
518
506
522
502
506
506
516
497
522
1279
507
509
516
530
522
510
507
519
510
522
497
510
523
519
502
579
511
507
508
527
508
553
506
517
509
507
506
506
552
507
507
549
519
530
514
508
495
520
504
520
518
575
514
509
516
514
522
519
509
536
507
564
494
505
502
522
507
508
506
510
552
511
501
512
506
504
971
524
514
506
502
511
505
514
517
516
508
507
497
594
520
506
495
522
518
517
506
507
515
519
513
523
504
501
517
543
507
501
497
525
521
501
516
512
523
507
571
522
519
556
524
506
499
531
507
496
569
504
508
504
515
582
506
504
562
504
517
523
510
519
510
517
516
506
582
506
561
522
512
525
524
504
512
529
525
502
513
505
508
505
519
525
521
517
501
521
499
507
526
508
509
518
497
504
521
568
515
503
506
520
606
517
522
518
509
512
507
497
508
504
493
514
515
507
506
506
515
504
506
497
508
523
516
515
515
519
519
518
526
510
510
510
514
559
524
494
506
1284
519
513
515
531
503
496
508
544
503
495
513
516
524
528
525
506
519
511
515
494
507
510
493
511
520
513
507
504
518
523
519
509
506
503
504
507
529
505
521
508
518
514
512
507
524
501
536
516
503
513
522
494
520
526
525
521
512
520
498
520
496
501
503
509
516
508
505
515
506
510
500
520
506
554
518
534
504
525
506
516
504
518
506
519
504
520
521
499
568
497
508
512
761
508
523
521
513
521
506
515
519
527
512
504
514
514
580
508
507
522
514
509
521
510
507
504
521
522
580
520
506
511
506
569
506
506
518
506
505
516
504
520
503
495
582
522
557
525
510
507
498
579
519
509
505
566
526
507
522
515
520
518
519
519
506
521
505
515
514
501
509
520
500
501
508
516
582
521
524
519
505
524
507
852
522
518
527
510
511
566
498
514
508
507
522
514
513
523
513
522
509
505
498
516
509
569
518
513
505
511
588
498
580
500
520
512
524
622
524
524
525
517
514
501
505
498
515
503
516
516
508
498
504
509
804
506
508
512
502
520
512
494
519
597
507
520
511
510
508
507
504
505
518
829
516
505
504
522
505
506
513
571
522
500
522
511
506
571
523
505
505
521
520
528
520
516
504
513
512
513
583
509
508
508
598
513
504
501
518
514
507
519
524
494
512
506
505
569
503
499
508
501
519
495
523
504
494
507
515
509
513
500
507
506
507
519
505
511
497
514
498
502
526
527
506
504
499
499
514
588
542
494
598
518
499
503
493
505
528
512
510
507
502
524
516
513
512
504
507
520
513
493
517
522
495
506
591
499
505
513
496
508
509
530
512
504
495
509
513
517
519
564
516
512
525
497
510
510
515
504
506
519
496
516
516
508
515
592
546
495
506
497
522
518
520
516
519
507
499
519
533
513
519
524
514
504
520
520
492
517
505
515
515
505
507
519
518
522
507
572
530
1012
568
518
508
512
523
509
516
514
501
522
504
498
521
499
515
508
517
518
500
510
524
525
503
570
516
495
511
519
520
518
503
523
518
571
495
523
500
513
564
504
550
524
507
517
513
516
506
562
511
512
515
508
504
883
503
503
507
570
505
511
503
508
511
516
510
563
522
523
564
509
529
508
519
517
518
518
515
501
565
516
601
503
515
530
543
556
523
504
519
509
516
510
509
517
504
504
513
554
492
506
510
507
511
514
510
508
509
502
498
495
517
509
505
505
515
542
511
519
508
508
516
491
505
517
516
511
770
504
539
572
517
496
1004
510
502
515
571
555
564
516
506
503
504
510
507
506
748
521
528
497
574
510
535
562
514
518
516
510
572
515
521
514
520
516
496
492
522
504
511
567
516
504
514
506
507
509
522
503
583
497
561
518
510
524
515
509
520
518
513
509
511
517
520
513
513
503
508
515
506
510
507
504
508
517
510
554
504
499
527
568
521
494
504
505
511
501
568
577
508
501
511
1135
516
580
520
510
512
493
507
525
519
496
505
508
557
560
523
514
499
523
523
517
506
509
515
505
505
514
507
736
549
503
506
519
519
499
506
511
509
495
496
513
516
500
1171
561
515
498
525
508
510
529
494
519
503
516
501
552
511
513
498
549
500
504
504
506
515
519
503
511
512
507
516
495
566
506
507
514
518
515
521
514
526
516
507
505
503
523
507
511
521
495
525
566
504
520
518
505
505
510
507
503
556
519
503
535
493
493
519
498
506
515
532
512
574
578
509
517
516
567
518
507
506
552
523
521
515
495
504
513
525
510
513
510
505
507
510
511
504
514
524
514
503
507
520
517
591
505
520
513
554
507
515
497
514
510
515
554
515
510
511
566
587
567
878
508
532
508
519
559
520
516
514
507
530
576
523
518
513
520
515
503
555
494
518
509
501
512
512
518
514
509
567
518
503
508
518
521
504
495
520
522
521
528
555
550
835
523
507
512
525
495
509
572
522
505
513
595
522
498
510
512
520
525
527
504
500
502
515
515
516
509
512
523
557
498
503
515
511
516
505
520
513
507
525
525
512
516
510
521
510
510
518
504
578
503
523
525
514
504
498
738
568
518
510
504
518
517
520
562
572
522
1063
513
514
517
519
515
503
522
578
512
519
524
515
520
511
504
503
566
513
520
499
508
508
520
518
519
582
543
763
588
505
506
505
522
506
509
583
516
497
517
492
513
518
516
527
515
512
522
505
509
494
517
514
518
522
505
562
500
516
508
508
520
509
557
504
507
505
498
505
516
498
510
511
507
562
515
524
502
520
505
529
514
515
506
509
502
505
793
502
510
505
508
522
509
508
511
497
531
514
505
517
520
517
519
508
495
513
514
517
514
522
504
591
512
509
523
501
517
566
524
521
511
518
514
513
517
565
512
583
544
511
512
502
515
502
561
505
527
559
521
518
507
516
505
502
506
585
509
510
512
493
516
513
493
511
569
567
497
509
495
496
516
503
511
494
526
514
513
511
562
500
497
503
512
518
520
510
511
522
510
514
514
527
519
502
529
528
504
517
496
514
499
507
525
507
525
512
514
503
528
518
517
504
517
499
523
516
542
513
508
515
520
582
516
526
505
522
507
494
621
501
509
505
520
550
505
529
525
515
658
506
498
509
507
508
523
496
503
521
508
516
509
600
563
557
505
501
504
520
505
519
508
499
525
516
520
518
524
576
509
521
526
505
558
517
511
512
507
1520
519
515
530
500
496
517
516
520
511
512
552
511
510
532
527
533
516
529
520
508
524
522
513
507
566
568
507
516
587
513
518
513
495
509
496
509
523
511
517
509
513
604
520
493
552
504
527
527
509
505
519
519
505
499
499
506
532
523
519
503
514
507
517
508
511
508
513
506
502
501
506
500
498
518
505
513
513
548
524
580
527
493
523
519
502
505
504
501
504
510
505
508
520
518
506
510
513
508
527
533
511
504
521
514
522
513
506
504
697
557
506
517
515
525
523
507
511
522
560
504
499
516
517
506
518
524
511
515
518
506
513
512
509
557
507
511
504
508
572
524
514
549
573
512
517
518
496
508
510
521
521
523
513
519
586
506
623
500
514
564
761
523
512
501
515
504
510
518
592
507
504
497
507
507
518
517
525
504
508
515
509
518
586
507
516
553
524
509
518
806
499
506
513
579
515
747
504
504
1168
521
507
497
521
519
512
516
498
498
503
505
526
514
688
492
522
575
519
495
516
516
520
568
508
508
503
496
507
510
523
1179
516
519
576
517
519
499
504
501
522
514
516
518
522
512
503
516
625
500
527
646
523
712
505
504
577
509
507
505
505
521
538
514
518
495
506
545
527
511
511
529
520
562
500
517
510
510
508
499
515
498
514
561
521
579
576
516
507
511
505
564
507
576
508
520
1230
514
561
506
503
507
512
495
518
504
519
499
520
510
504
524
514
519
516
526
1488
506
506
506
508
504
511
516
515
505
502
504
504
505
505
517
514
531
521
511
505
520
514
506
508
518
509
518
496
513
527
571
521
513
519
508
567
519
524
505
503
496
511
509
510
514
533
507
521
506
518
515
503
511
516
525
505
506
496
572
525
517
513
510
513
518
575
505
503
506
504
523
543
524
520
501
514
526
510
510
578
530
526
496
513
518
509
505
522
509
500
637
495
507
499
520
558
509
501
506
513
508
500
562
505
505
521
503
513
528
505
510
510
505
504
507
496
524
520
570
504
503
504
516
565
510
1102
512
510
513
501
511
523
510
515
510
498
515
916
499
519
514
499
705
507
518
503
509
506
526
513
508
556
503
517
505
508
505
546
523
508
500
517
520
517
508
521
514
513
510
500
519
504
554
522
507
508
514
521
514
524
501
516
519
519
571
496
512
984
504
518
519
519
516
515
509
515
511
507
504
572
530
522
557
517
584
505
516
563
523
508
536
538
497
525
514
516
507
513
532
506
510
493
519
505
514
507
519
510
566
511
506
567
507
525
507
495
508
506
515
506
577
559
520
506
493
496
504
518
594
887
586
505
501
511
513
586
505
512
520
507
508
496
502
517
517
509
511
498
512
519
519
499
498
509
498
509
506
548
502
505
507
504
524
513
513
554
501
513
508
511
498
522
509
519
510
499
519
509
500
518
588
504
511
498
506
504
508
502
517
511
614
512
523
515
507
508
519
500
518
525
519
523
509
1197
504
556
506
504
510
512
530
511
514
510
506
522
500
520
492
510
519
673
517
517
502
506
522
514
574
515
508
503
524
502
499
576
505
513
500
515
506
512
500
506
514
508
510
529
514
510
505
515
565
514
505
566
505
506
497
502
507
512
506
499
513
522
504
514
504
781
521
511
515
525
515
562
508
515
512
501
506
515
519
510
506
505
523
524
536
500
573
822
508
507
518
514
505
508
519
498
503
517
516
502
512
514
517
512
515
516
514
515
510
518
520
505
510
517
521
497
497
504
781
569
504
500
515
514
508
505
496
528
521
494
499
506
505
508
563
522
514
568
546
504
504
516
562
523
517
526
505
867
511
520
527
582
501
508
511
564
515
518
505
519
512
510
510
505
509
519
498
511
523
513
503
520
507
504
522
514
504
570
503
499
524
501
516
527
505
516
498
522
589
525
579
522
507
503
504
577
523
496
510
504
525
507
515
509
527
504
577
1148
504
493
508
529
493
511
524
529
518
517
508
507
516
513
498
523
499
520
507
563
514
506
565
512
547
526
507
512
528
520
513
519
499
521
504
723
515
515
516
510
508
505
513
563
517
500
510
520
591
513
587
512
505
508
512
505
514
506
518
506
509
514
518
585
504
713
516
519
515
558
504
497
507
503
514
519
515
855
518
568
510
526
582
500
524
515
564
505
507
505
510
504
523
521
514
506
951
511
521
519
526
517
503
571
503
523
517
549
504
514
509
513
557
512
503
509
514
505
519
526
527
507
574
508
510
494
520
518
695
512
524
518
522
496
520
512
515
563
511
508
516
523
504
511
507
519
506
510
512
505
549
1310
505
526
525
517
599
516
508
581
506
519
507
517
505
516
507
