166
170
176
168
369
184
165
166
164
172
170
169
177
170
174
171
169
169
184
168
168
169
170
169
223
164
169
169
170
165
170
170
169
169
165
170
387
371
179
169
169
175
179
165
170
170
170
169
168
170
169
168
171
181
170
165
169
169
180
479
169
169
170
168
394
170
170
170
165
172
169
175
170
393
169
169
170
169
169
171
169
168
221
169
169
169
177
169
170
170
168
179
172
179
173
169
196
226
374
170
176
170
170
174
170
194
169
185
184
223
170
168
168
389
168
170
170
169
169
229
170
169
170
169
168
169
180
169
170
169
170
168
168
169
170
169
168
169
170
221
170
169
169
169
179
169
184
169
168
176
229
169
175
170
176
173
169
168
173
169
169
169
169
174
192
169
218
165
173
169
170
170
181
169
169
182
169
169
222
170
165
170
169
169
169
178
169
169
170
169
168
500
169
169
165
169
174
264
170
169
169
170
173
168
169
170
169
169
169
164
169
169
168
170
169
169
169
169
169
169
169
182
479
181
176
318
168
169
169
169
170
170
170
170
181
173
173
169
175
169
174
186
169
175
169
170
169
176
169
170
168
169
164
174
169
169
169
179
254
170
169
168
168
169
169
169
169
216
178
223
181
168
172
170
169
180
168
169
170
169
223
170
169
181
169
169
176
169
168
168
224
170
182
169
174
169
170
170
168
169
169
181
169
218
183
215
178
169
171
169
168
169
169
173
169
169
170
176
168
179
169
168
168
203
169
170
169
221
178
169
169
168
168
169
169
229
170
169
169
169
169
175
178
169
169
169
170
170
170
169
172
170
169
169
168
169
169
169
173
179
169
182
169
169
184
169
169
179
168
168
169
170
168
169
173
170
170
169
181
170
169
169
170
169
169
170
165
169
180
169
168
169
169
169
169
169
169
170
169
174
170
168
169
170
169
169
169
169
170
169
168
169
169
179
170
170
217
169
169
169
170
170
169
169
169
221
220
186
169
169
170
168
173
180
169
169
169
169
169
170
168
179
169
169
221
168
164
169
474
170
169
170
169
169
169
180
169
183
170
170
170
170
170
169
169
170
239
169
170
168
168
169
169
169
170
253
179
170
169
168
168
181
169
169
169
170
180
169
170
170
178
174
169
170
172
169
228
173
169
221
221
170
169
176
267
169
169
169
172
174
169
169
286
480
170
169
168
169
169
174
170
169
169
169
168
169
173
169
171
171
169
170
169
170
169
171
169
167
169
170
170
170
168
189
170
165
218
168
170
183
181
169
183
170
169
169
168
170
176
169
168
180
168
169
169
169
170
173
170
172
172
170
169
169
169
169
178
168
497
169
170
181
169
170
169
169
168
170
170
199
178
169
169
179
169
169
178
169
180
169
169
173
169
200
169
169
175
170
170
169
168
169
180
176
169
170
176
173
169
170
165
169
169
170
169
169
169
184
181
199
170
224
165
169
169
169
180
169
169
170
170
169
170
172
170
186
170
176
169
222
170
169
168
183
169
181
169
169
176
169
180
169
177
169
181
170
169
169
175
169
437
180
169
169
180
169
169
170
170
169
170
170
175
200
169
169
170
170
169
170
181
169
169
173
169
168
179
179
173
177
168
169
170
169
169
169
168
170
180
181
168
169
169
169
169
169
170
218
183
169
169
169
182
170
173
169
496
173
180
170
170
182
169
184
178
169
169
168
169
170
169
170
187
169
169
220
170
170
169
181
169
168
170
169
170
169
169
180
184
169
169
169
225
169
169
169
169
168
181
168
169
170
169
169
168
166
169
217
169
169
170
174
170
169
175
169
170
169
169
169
169
170
169
174
169
178
169
170
391
225
225
169
168
169
179
169
168
180
169
170
169
257
169
170
169
169
170
170
169
169
169
169
169
169
177
169
173
169
177
179
169
169
169
183
172
478
170
169
182
170
170
169
170
169
169
176
180
169
170
182
175
254
169
169
180
169
169
169
171
217
169
181
170
168
169
169
174
212
168
226
168
228
180
173
169
169
169
169
173
165
172
169
168
321
169
170
169
164
181
169
170
169
174
165
173
174
170
169
169
172
169
518
172
169
170
170
170
170
169
170
169
169
169
180
180
168
169
169
169
181
169
169
192
170
177
176
169
168
170
170
174
169
179
169
171
176
172
178
168
169
170
232
168
169
181
169
168
169
169
169
170
184
169
172
169
173
173
170
169
169
169
178
170
168
478
182
169
178
179
163
170
223
168
169
169
177
185
168
178
169
172
169
170
168
172
169
169
168
169
168
168
168
169
170
169
214
169
184
255
186
169
170
170
169
185
169
180
169
170
169
170
170
169
174
169
168
168
169
170
169
168
170
170
176
169
169
220
195
169
169
169
231
169
169
170
169
172
169
169
168
169
169
169
170
169
169
168
170
168
172
170
168
169
182
169
169
170
169
169
498
168
169
222
169
168
219
173
170
170
177
179
169
170
169
169
169
170
169
168
169
177
169
222
169
169
169
169
169
183
169
169
391
169
179
181
169
179
170
227
172
169
188
170
169
223
169
178
181
172
178
170
178
193
169
169
168
169
169
192
170
169
169
169
169
168
169
169
169
175
173
169
169
169
170
169
184
169
181
169
170
170
169
180
169
173
169
169
168
168
179
168
169
169
168
183
222
172
168
228
176
165
169
169
180
169
169
183
169
169
169
183
173
170
170
179
169
168
169
164
169
181
169
169
180
170
169
169
169
172
169
169
170
173
170
169
169
169
169
170
170
169
169
172
171
175
169
169
168
372
172
175
169
179
170
164
169
169
169
219
175
170
168
168
214
170
169
169
169
168
182
169
169
173
175
164
169
169
169
174
168
169
169
169
179
178
165
169
195
170
173
171
169
169
170
169
169
169
169
179
169
169
172
180
171
182
203
170
170
168
169
169
169
170
180
168
169
169
169
169
214
169
184
169
184
170
170
174
169
170
164
168
169
170
179
170
170
170
170
169
169
170
495
169
175
169
173
169
169
170
170
169
169
430
169
173
169
169
339
223
170
170
168
169
174
178
169
170
223
168
169
169
475
170
169
169
168
180
172
169
169
170
169
170
169
169
219
169
169
168
168
170
170
170
169
180
169
169
169
169
169
168
170
168
168
169
169
165
169
170
168
169
169
168
245
174
168
169
169
170
170
181
181
168
168
169
180
173
174
169
169
174
184
221
169
170
172
179
170
186
169
164
169
168
174
170
173
168
170
170
169
169
170
170
169
173
169
168
169
170
169
169
169
172
185
170
169
169
179
169
170
175
169
176
176
231
169
169
169
165
168
169
174
170
169
169
169
170
178
179
174
170
165
170
170
168
169
169
168
169
169
168
168
170
170
169
168
169
180
169
171
169
169
501
169
169
170
169
176
169
168
170
211
170
173
169
181
186
170
169
222
172
168
169
170
169
170
168
169
169
247
169
170
172
200
170
170
169
169
170
169
169
169
169
496
169
170
170
171
168
166
225
169
187
169
178
169
170
170
170
169
169
176
182
170
203
170
170
169
168
170
170
168
480
170
168
168
169
168
180
178
169
169
169
170
169
185
172
169
169
168
168
186
169
170
169
175
169
210
169
478
170
179
169
173
172
169
169
168
169
170
168
169
168
169
478
170
169
169
182
168
169
168
171
177
182
169
168
169
169
169
170
165
169
169
184
169
173
168
169
170
170
173
169
169
181
178
181
173
169
169
170
169
167
169
169
176
200
169
175
169
496
169
176
169
168
169
177
220
170
180
169
169
169
179
169
169
170
169
169
169
169
169
169
170
169
169
169
172
169
170
170
170
500
169
169
181
169
177
174
170
197
170
168
169
186
169
170
169
170
174
169
169
260
169
168
169
169
169
170
178
170
169
168
170
169
184
169
169
222
177
168
169
169
168
170
169
178
169
169
170
168
172
178
170
170
174
168
169
169
170
384
168
183
168
169
165
169
180
169
187
169
169
181
170
169
174
170
169
168
170
169
170
169
169
168
169
169
178
170
169
168
168
169
169
169
170
169
169
178
169
168
170
169
219
170
169
233
170
169
169
169
170
168
168
173
190
169
169
169
168
170
169
170
219
169
169
169
169
225
168
177
169
169
169
169
176
168
170
170
169
175
169
170
168
170
168
170
169
169
169
169
170
169
170
182
171
170
180
169
170
168
176
168
170
170
214
220
169
169
169
169
195
184
169
170
170
171
169
165
170
168
173
170
169
169
222
169
168
169
169
169
170
170
168
169
168
168
169
169
169
169
170
185
180
169
169
168
169
169
182
169
447
170
170
170
169
168
174
169
176
169
169
169
182
169
181
170
170
169
169
178
169
168
170
173
221
168
169
498
168
170
173
170
170
169
173
170
183
170
169
172
169
169
169
171
169
170
170
208
170
170
169
169
170
172
168
169
179
169
169
179
174
215
227
173
200
168
170
184
260
177
168
170
214
175
179
170
169
170
170
182
173
169
169
169
169
170
170
169
169
170
170
169
169
173
178
169
169
170
170
169
177
169
174
180
179
171
169
169
169
169
170
169
171
169
169
187
240
169
169
173
200
174
169
170
188
168
169
176
169
169
165
169
170
178
178
181
219
168
169
170
170
168
169
179
232
184
178
170
169
169
168
169
169
169
184
169
169
169
170
169
169
183
168
168
169
169
168
178
165
213
170
169
169
170
168
168
168
170
169
169
187
169
479
184
169
168
169
169
173
169
168
171
169
169
169
169
168
170
170
225
179
169
170
169
170
179
169
182
173
169
177
169
217
172
170
169
168
169
169
169
168
169
180
180
169
169
181
186
169
168
170
168
169
169
169
169
169
299
169
169
176
170
170
168
169
169
169
170
168
170
206
168
180
181
169
169
184
170
170
170
169
173
169
172
169
170
177
170
169
177
168
172
171
169
218
170
170
169
169
169
170
184
168
169
169
169
165
172
166
169
238
234
409
169
181
170
172
183
174
169
169
169
227
170
171
395
168
170
170
170
168
169
170
169
168
170
172
169
168
169
168
170
169
170
169
168
169
169
169
169
170
169
169
168
170
170
170
169
166
168
178
168
169
228
165
169
168
170
183
180
170
170
170
181
168
169
169
170
170
180
169
178
478
169
166
169
173
227
172
174
164
170
169
177
169
169
169
169
169
169
170
175
169
169
169
169
169
169
165
174
168
168
184
170
168
169
488
169
169
169
169
169
170
170
169
177
170
177
170
169
169
169
169
177
169
170
170
169
169
177
170
179
170
170
170
184
178
170
241
170
181
176
173
169
170
175
169
164
169
169
169
169
438
181
169
169
170
170
169
170
172
169
170
183
170
217
174
164
168
216
179
170
183
169
251
169
169
170
170
259
169
175
170
170
176
170
165
172
180
170
170
169
176
169
170
170
174
169
388
392
168
170
172
180
170
169
170
170
169
169
169
168
169
168
178
174
169
175
170
169
169
169
169
185
172
169
171
169
168
169
169
181
176
169
169
170
168
170
179
170
169
171
169
170
267
169
168
168
168
177
169
180
169
169
168
170
196
180
169
185
178
170
172
169
170
170
169
169
169
169
169
169
168
169
217
169
169
169
214
169
169
174
170
169
170
173
168
169
169
173
169
184
182
165
171
170
168
173
169
169
168
174
169
169
168
177
169
169
168
180
180
171
169
170
170
183
171
169
170
169
175
169
169
170
169
168
169
168
172
170
169
169
169
169
169
169
169
169
226
169
169
168
178
221
168
169
177
168
168
170
182
172
169
169
173
168
169
169
169
169
171
170
173
169
169
170
174
169
170
170
219
178
169
176
169
173
170
170
169
177
169
169
174
170
169
168
169
169
170
173
169
169
181
169
170
170
168
175
170
164
169
170
169
226
170
168
169
169
169
169
172
169
180
169
169
165
169
169
168
169
164
177
169
168
170
169
375
170
178
187
169
203
179
169
169
170
169
176
168
170
170
177
170
169
180
169
170
169
172
169
169
173
168
277
177
169
169
223
168
168
169
170
170
169
169
169
170
171
165
168
169
170
176
169
168
169
169
170
195
170
169
168
170
181
180
168
168
170
169
182
176
169
169
173
169
170
169
169
170
166
169
169
168
169
170
170
169
226
172
170
169
170
169
169
169
169
169
177
170
170
169
170
174
170
174
179
172
170
170
173
170
170
169
169
169
170
170
169
180
217
170
170
173
182
169
169
170
169
169
169
169
169
169
169
169
169
169
177
236
175
169
170
168
170
168
168
169
170
215
168
182
168
169
169
170
170
246
169
170
169
169
167
178
169
168
173
168
181
168
174
169
169
170
168
169
169
168
169
180
169
169
173
170
168
168
168
174
169
169
169
374
170
478
174
477
181
170
170
170
179
169
226
169
169
169
170
170
169
220
168
169
169
182
169
169
169
169
168
169
173
169
169
176
169
169
170
170
169
196
170
168
170
169
176
169
169
169
169
168
170
179
169
169
168
168
168
168
170
169
173
169
168
220
169
169
168
169
169
203
170
179
181
177
181
169
166
171
168
170
169
170
168
222
169
169
169
168
172
169
169
169
181
169
169
170
169
181
169
168
181
169
181
176
168
169
176
169
169
168
169
170
170
168
176
169
169
181
181
169
169
169
177
477
220
170
169
169
169
169
170
168
169
165
165
170
170
170
170
180
170
168
169
169
185
169
170
170
169
192
178
169
169
172
168
176
169
169
169
176
173
169
178
225
170
170
170
169
169
169
169
169
168
170
173
170
186
170
176
172
172
173
169
168
170
395
170
164
175
169
168
168
165
164
168
169
181
169
170
170
221
480
169
169
178
262
169
207
169
169
175
169
176
169
169
169
169
178
169
170
175
169
169
169
188
168
179
177
168
169
166
169
222
181
170
171
169
168
168
169
169
174
173
388
169
170
169
169
169
169
180
180
171
170
169
169
169
179
170
169
184
170
170
416
170
219
170
169
169
169
171
168
169
170
173
170
170
164
170
165
179
181
168
169
168
169
180
169
178
179
216
170
169
176
168
170
190
173
174
168
169
169
170
172
169
169
169
169
171
169
244
172
168
387
169
168
169
170
234
173
179
176
169
236
170
169
169
170
170
169
168
175
169
170
169
168
340
169
169
169
172
169
174
170
168
181
169
214
168
169
181
169
183
169
180
170
169
169
170
170
168
169
168
169
179
170
169
176
178
170
165
169
168
169
168
169
170
168
169
170
170
170
169
392
169
169
169
182
169
176
176
170
168
165
169
169
169
168
170
205
169
168
169
180
505
169
169
169
170
170
169
176
173
169
169
170
169
169
169
176
168
170
170
179
169
169
170
177
176
169
169
169
170
180
169
169
170
169
168
169
230
169
185
169
171
169
170
170
169
181
169
173
170
170
172
375
169
169
169
169
175
169
170
169
186
165
169
169
169
169
227
168
169
169
169
169
169
168
169
168
169
169
168
169
169
169
169
169
169
170
173
169
168
169
169
176
169
169
169
168
169
173
200
171
169
168
169
170
170
170
170
169
169
168
168
171
169
180
170
224
168
218
170
168
169
174
168
169
169
169
169
173
169
169
179
498
181
169
169
176
169
393
168
169
169
169
170
168
169
458
169
185
169
391
170
169
169
169
169
180
169
169
216
169
168
169
169
169
170
173
168
168
480
193
169
169
168
477
169
169
185
168
182
168
169
169
169
169
169
169
169
214
168
217
168
170
169
169
176
169
169
180
181
170
169
170
169
169
170
173
169
170
173
169
170
175
170
168
169
173
172
169
168
200
169
169
169
169
172
170
169
169
169
170
316
170
180
169
168
170
170
213
168
169
304
233
168
169
169
169
169
169
176
175
169
169
169
169
169
171
170
169
176
169
195
169
169
169
169
492
176
169
169
219
169
169
170
174
169
181
169
172
181
181
169
164
169
168
168
169
169
169
169
169
170
170
169
170
176
169
168
210
170
170
170
169
169
169
165
168
171
169
169
176
168
170
170
170
169
169
172
169
170
169
169
173
168
169
170
169
170
170
169
169
218
169
171
168
169
171
169
168
170
164
168
168
222
168
169
169
169
169
172
169
185
168
168
164
169
224
170
168
169
169
170
168
169
170
169
169
168
169
173
170
169
168
175
170
175
169
168
168
169
180
176
169
169
169
169
172
180
171
169
165
170
170
169
169
169
173
169
169
169
172
170
168
170
199
169
168
170
169
173
171
181
169
168
168
169
169
172
169
169
170
168
215
168
170
173
169
172
409
169
170
169
169
169
170
170
170
178
169
169
179
169
169
168
169
169
169
447
168
168
397
169
176
169
169
180
191
172
169
169
221
172
169
168
169
169
169
176
177
192
169
169
169
174
174
173
179
168
169
168
169
478
169
169
180
169
170
170
169
170
173
173
174
169
169
173
168
168
202
395
174
170
170
173
170
170
169
169
170
169
178
180
169
169
181
173
176
169
169
169
170
170
169
169
165
169
170
168
170
173
179
169
169
169
169
169
469
173
168
173
174
169
174
177
170
173
169
170
188
189
169
169
168
168
173
181
169
169
169
169
169
169
171
169
181
168
174
169
169
169
250
170
170
183
181
217
169
169
169
169
170
168
169
169
169
168
170
185
173
169
169
169
176
184
173
170
168
178
169
170
170
173
169
169
168
168
168
169
170
169
169
169
169
317
169
169
169
169
168
169
169
170
168
169
169
169
169
372
169
169
182
170
169
170
170
170
174
169
177
169
180
169
170
316
169
169
169
169
178
169
169
169
169
170
180
169
170
182
169
169
168
169
170
168
169
169
171
169
173
170
168
170
180
169
169
169
170
169
170
179
174
170
170
170
173
169
177
169
169
169
172
169
169
169
183
184
170
169
168
169
169
180
170
170
170
168
169
168
169
175
170
170
170
172
169
174
170
170
169
169
170
169
169
169
170
169
169
170
170
177
226
170
169
169
182
170
168
173
168
169
169
181
169
170
169
170
169
169
169
169
222
186
170
168
169
169
199
169
170
215
168
181
169
169
182
169
173
168
181
173
170
173
170
170
168
169
169
173
169
170
182
168
169
177
169
168
169
170
180
169
178
168
173
176
169
178
177
169
170
168
186
169
169
169
183
169
169
169
168
169
180
169
169
175
169
169
169
169
169
170
169
169
170
169
169
169
169
178
223
164
173
173
170
172
207
169
169
170
181
172
169
169
169
173
169
168
169
173
173
169
168
169
169
169
170
477
170
170
170
170
176
169
173
169
170
181
169
169
456
169
169
170
169
169
181
168
181
169
176
170
169
169
201
176
169
169
169
168
169
169
169
169
179
169
374
176
170
168
169
169
169
172
