149
418
148
190
150
149
149
149
149
163
144
160
149
152
149
153
149
149
153
208
149
149
148
144
149
149
149
149
148
149
148
148
340
154
150
149
157
144
148
252
148
149
149
153
149
148
148
157
149
149
206
149
148
148
149
144
149
152
145
149
148
149
149
148
153
149
149
148
149
149
148
144
148
149
160
148
148
148
149
421
168
149
143
148
148
149
149
189
155
149
149
155
165
150
149
149
152
149
165
148
148
148
149
148
149
149
155
148
148
148
149
153
148
156
155
150
163
145
159
149
149
197
149
148
150
147
151
149
149
148
149
149
149
149
149
148
149
148
152
149
157
149
148
149
148
164
149
149
149
149
149
149
149
147
149
152
149
155
197
206
148
148
149
148
197
149
148
148
149
149
152
171
149
148
148
148
149
191
285
149
148
148
149
148
148
144
144
149
148
149
148
151
150
154
147
149
149
149
148
149
149
145
148
152
149
149
148
148
148
156
148
149
149
155
252
143
153
181
153
149
148
148
145
153
148
148
153
148
148
163
149
149
148
151
148
149
435
144
214
152
148
147
149
154
149
152
148
159
149
153
153
152
157
150
145
192
149
149
149
149
148
149
213
149
148
149
149
152
149
148
149
169
149
148
150
198
149
148
148
152
148
149
148
160
149
148
149
149
149
148
148
149
163
148
148
149
148
149
148
420
148
209
148
149
148
149
148
152
148
149
158
149
147
159
149
153
149
149
152
147
148
149
149
148
149
148
149
154
144
153
149
148
203
153
149
149
159
149
153
149
148
149
149
144
149
149
148
152
149
148
149
154
148
148
149
419
324
150
149
149
149
149
149
148
149
149
149
149
148
149
159
149
148
149
149
145
149
148
149
158
147
206
148
149
153
149
149
158
159
148
148
148
157
153
146
149
160
149
149
149
149
148
206
185
148
149
149
147
148
148
156
145
148
202
149
149
153
148
149
149
149
153
149
149
148
149
149
153
149
149
155
148
148
149
160
149
148
156
148
148
148
156
159
148
153
149
149
148
147
149
148
155
148
149
149
144
148
149
156
144
157
149
156
161
148
148
149
149
149
153
148
156
149
149
148
149
149
156
148
149
148
149
148
154
157
149
148
207
152
144
149
154
149
148
166
149
149
149
148
149
149
149
148
148
149
149
148
149
148
148
148
149
148
149
165
151
159
149
158
155
149
149
149
147
149
149
150
149
148
148
149
152
149
148
150
149
149
149
148
159
153
144
149
148
149
149
148
149
149
144
143
149
148
160
152
155
158
153
152
149
149
404
149
149
148
149
149
148
149
145
144
149
149
148
156
152
153
149
149
149
153
155
149
152
149
149
149
148
161
148
149
149
149
160
150
149
153
149
152
148
145
148
148
149
149
148
149
149
206
148
149
148
148
195
149
340
149
148
149
149
149
148
322
149
208
149
149
149
148
148
158
164
210
149
164
149
149
149
149
149
149
152
149
148
148
148
149
158
149
144
148
148
149
148
152
149
149
168
149
148
149
148
149
164
328
159
154
149
148
149
159
153
149
152
148
149
148
149
149
159
149
149
151
149
294
145
150
148
149
148
149
148
149
149
148
149
148
148
149
167
148
153
181
152
148
165
149
149
149
149
149
149
148
159
149
148
148
148
149
149
200
149
158
148
154
147
149
152
153
147
149
148
149
149
151
148
149
148
156
147
149
148
152
184
147
148
149
144
148
149
149
148
149
148
148
149
151
149
148
153
149
349
148
149
149
148
148
149
148
152
161
149
166
148
148
212
201
148
149
150
148
148
149
149
148
149
149
153
150
148
151
144
149
147
149
152
148
148
214
148
148
149
149
152
150
199
153
147
148
152
148
149
147
148
148
149
149
149
148
149
150
156
148
148
149
149
152
148
149
149
149
149
417
149
149
148
150
148
148
149
148
148
152
149
150
149
149
148
148
149
149
153
150
149
148
149
149
150
148
147
149
149
179
161
148
148
148
149
148
149
148
152
152
149
145
148
155
148
176
149
149
149
155
148
149
149
154
152
149
150
149
149
149
149
206
148
148
148
149
148
148
148
149
149
149
149
149
148
149
149
199
156
148
149
393
149
149
153
149
149
168
155
149
153
149
148
149
149
149
149
148
149
149
377
149
147
177
149
149
153
149
149
149
149
148
147
148
152
148
149
149
149
147
158
152
148
149
149
148
148
148
148
149
201
148
149
148
147
152
149
152
149
149
148
149
149
157
153
149
148
150
148
148
147
164
149
159
156
149
215
152
148
148
152
154
149
149
195
149
148
148
151
177
148
149
149
149
149
149
155
160
149
152
149
151
153
156
149
152
149
145
148
156
149
156
149
148
148
148
149
419
148
149
148
149
149
149
149
147
160
148
149
144
160
207
153
148
234
148
148
152
152
149
149
194
155
148
145
148
161
153
176
149
149
148
148
148
198
148
149
148
148
159
149
149
153
147
149
149
149
145
149
149
149
160
149
160
149
149
149
148
163
148
148
148
149
148
149
149
149
148
149
149
148
152
148
149
161
149
148
149
145
149
149
148
148
156
148
149
156
149
167
149
154
152
149
149
147
148
148
151
149
148
189
149
149
233
149
149
149
149
148
149
148
143
149
149
149
149
149
149
148
149
148
149
149
149
149
151
148
152
149
148
149
149
148
152
155
152
148
208
148
191
149
149
148
155
149
149
149
148
148
149
161
149
232
149
156
149
186
163
148
148
208
149
163
159
148
149
213
150
148
148
149
149
150
147
149
149
148
148
149
149
152
148
149
149
417
149
153
151
146
148
152
150
157
149
145
148
148
149
149
147
163
147
159
148
149
149
149
159
148
149
419
149
148
148
148
148
215
154
159
154
148
149
207
149
149
148
149
148
149
149
148
149
145
149
166
149
149
148
155
149
152
148
148
149
149
148
148
149
148
148
149
149
149
150
148
147
155
149
152
148
148
148
149
149
148
148
149
148
151
148
149
149
155
148
149
150
148
148
148
148
195
152
160
149
149
149
156
149
162
149
149
150
188
148
149
148
149
149
149
148
148
157
149
149
148
149
154
149
148
148
166
149
148
148
149
148
210
148
149
149
148
155
149
149
149
148
148
416
159
149
149
155
149
149
158
149
149
148
149
149
150
149
148
148
148
153
148
421
144
149
148
148
160
148
149
149
149
149
148
149
148
148
148
157
152
149
153
149
148
148
149
148
149
149
148
149
149
148
159
148
144
149
218
149
149
149
148
152
156
147
204
149
148
149
148
152
149
159
149
149
148
149
149
148
148
149
148
148
202
148
149
148
417
149
151
149
147
148
148
149
149
149
148
148
144
149
150
149
148
149
149
148
149
157
148
149
148
148
213
148
148
152
148
148
148
148
149
148
149
149
148
149
148
151
148
149
149
421
149
154
157
153
152
149
149
149
149
149
183
149
148
151
160
148
151
148
149
150
148
149
149
163
161
148
148
148
149
148
152
149
149
149
152
148
149
149
149
149
158
149
148
148
148
148
162
148
148
214
148
145
150
189
153
144
149
418
148
148
149
149
348
149
149
149
144
148
149
149
156
149
149
149
149
405
149
149
149
148
152
148
147
149
148
149
160
149
148
151
205
149
148
148
149
148
149
149
415
149
149
148
149
148
159
147
148
148
149
149
151
148
149
144
160
149
148
149
362
148
148
149
147
149
149
148
149
149
149
161
149
148
149
160
145
149
149
144
148
149
148
163
149
149
149
150
160
149
149
148
149
150
149
153
149
149
148
148
148
149
149
148
149
148
150
208
152
148
149
160
159
149
183
147
150
149
149
148
148
149
148
154
152
151
148
159
148
149
149
148
149
149
154
149
149
149
149
148
213
149
148
199
157
161
148
153
149
149
149
150
149
199
148
149
148
148
144
149
149
148
148
149
149
159
148
144
145
148
148
149
149
148
148
149
166
148
149
150
148
154
148
149
148
149
152
147
144
148
155
149
159
149
148
155
149
148
150
150
148
149
148
148
149
148
144
148
152
161
149
149
144
148
149
148
149
149
149
149
157
152
154
152
148
149
149
148
145
201
154
143
167
154
148
150
148
201
150
155
147
149
149
226
149
149
148
149
148
149
149
149
148
150
148
153
148
149
149
150
161
240
149
154
153
149
149
152
144
149
148
149
148
148
148
153
148
149
159
149
155
148
149
149
161
149
152
149
151
149
149
148
149
150
149
149
149
149
149
149
149
158
148
152
148
149
148
149
148
150
149
201
150
149
149
152
158
147
149
145
149
148
148
149
148
155
149
148
148
148
149
149
163
149
149
148
148
149
155
148
156
148
148
148
148
152
149
147
160
148
149
149
148
149
159
149
153
149
149
148
149
149
205
148
149
149
148
158
157
148
148
160
151
148
149
148
155
152
149
149
147
148
154
204
155
160
148
151
152
148
149
148
148
214
153
149
148
149
149
144
149
148
149
148
144
149
148
148
149
148
149
148
161
149
149
160
186
149
148
159
148
148
430
152
148
148
157
148
149
152
149
149
151
154
203
158
148
266
159
149
149
166
144
149
148
148
148
149
149
149
163
149
149
148
149
149
149
149
148
152
150
154
149
149
149
153
149
177
148
158
149
149
148
149
153
149
148
148
161
159
149
148
159
148
149
152
149
149
149
149
148
160
152
148
152
149
148
148
150
162
149
149
149
149
152
156
153
149
152
155
149
159
203
159
163
149
148
145
147
156
148
148
149
152
157
148
153
149
148
156
148
148
149
149
149
154
148
149
159
149
153
204
197
148
152
164
159
157
147
149
149
149
147
156
149
149
149
148
148
148
149
152
193
149
148
149
148
148
159
158
149
149
149
149
148
149
148
149
149
149
149
153
167
153
148
148
147
152
160
161
148
148
149
162
149
151
152
149
148
341
156
148
149
148
149
148
144
148
144
159
163
160
148
148
149
148
148
148
148
149
150
149
205
148
147
149
149
152
148
148
149
149
156
284
163
149
170
148
149
149
149
149
149
148
148
149
148
149
149
149
149
148
149
149
149
148
147
148
149
149
167
149
149
149
148
149
149
144
148
149
148
160
155
148
163
148
153
154
149
149
149
148
149
148
149
148
149
144
148
148
149
149
152
148
145
149
198
149
148
326
154
149
148
149
149
149
148
148
148
160
148
148
149
153
148
149
149
148
148
149
148
152
148
153
149
149
148
145
148
149
195
148
153
149
153
149
157
148
152
148
149
184
149
148
149
149
149
148
148
155
155
248
149
150
169
148
148
149
149
155
149
149
148
152
149
149
149
152
148
149
149
153
149
161
148
211
154
148
159
165
149
149
149
150
149
151
185
149
161
149
158
148
148
149
204
148
149
149
152
145
148
149
149
149
148
149
149
148
149
152
149
194
148
149
149
148
151
148
153
148
145
153
149
148
153
148
149
175
148
148
148
149
158
161
148
157
310
149
328
148
159
148
149
149
148
148
152
157
149
149
148
148
149
149
149
327
149
149
149
148
148
148
148
149
149
148
149
148
149
149
149
149
149
148
151
152
148
148
148
148
149
153
150
149
149
149
149
148
158
149
149
209
149
148
147
148
149
149
149
149
149
149
149
156
162
149
150
149
161
149
149
149
149
149
151
150
187
153
147
148
148
149
149
149
149
149
148
149
149
149
159
153
148
152
148
153
149
148
152
148
149
156
149
148
152
148
149
149
148
149
149
148
148
148
149
156
148
148
148
148
148
152
148
149
148
148
148
157
149
148
148
153
149
156
148
149
148
417
149
157
149
148
148
149
197
148
149
417
148
153
148
148
149
149
148
203
148
155
149
148
155
148
149
149
161
148
148
149
149
160
149
149
158
147
156
155
148
149
148
148
148
171
149
148
149
149
149
163
156
148
149
159
149
149
157
148
342
149
154
158
149
417
149
151
149
148
148
151
149
152
148
149
149
149
149
156
152
148
148
149
148
149
149
149
149
148
149
149
149
161
149
151
149
161
149
148
149
148
148
148
149
148
149
149
149
155
147
159
199
149
149
148
419
156
153
148
148
149
149
148
148
148
149
161
149
148
205
147
148
149
149
148
149
148
148
150
160
148
148
148
148
147
159
166
152
148
149
148
325
148
148
149
149
152
149
148
148
148
160
148
157
156
149
149
152
161
148
148
149
149
149
148
148
150
152
163
149
149
147
148
147
148
155
148
152
149
148
149
147
148
152
155
148
149
163
149
149
149
153
149
148
150
152
148
148
149
149
148
149
148
149
170
156
149
153
148
149
148
149
148
149
187
149
149
152
422
149
149
159
155
144
150
149
149
156
144
149
149
149
155
149
149
149
148
159
148
148
153
148
148
149
149
149
215
150
150
149
149
148
160
149
148
148
149
151
148
148
148
149
205
149
149
149
148
206
148
149
149
148
148
152
155
148
180
148
148
153
326
152
149
149
148
148
148
149
163
152
149
148
149
149
149
149
149
205
155
149
145
149
161
150
148
156
148
148
149
148
196
149
144
209
149
149
149
144
149
148
149
155
149
149
148
149
148
149
148
148
149
161
153
148
148
149
152
149
149
148
149
144
149
148
148
154
148
148
148
148
148
148
149
149
149
149
160
148
148
148
149
149
149
149
156
149
147
161
149
148
149
151
148
148
149
149
149
149
149
148
420
160
149
158
149
152
149
147
161
149
152
149
149
156
149
149
148
148
204
149
147
149
149
149
148
148
148
201
149
194
164
149
148
148
147
144
156
149
149
150
149
148
148
156
148
152
149
149
148
215
148
425
149
148
148
149
163
149
149
148
156
149
152
149
149
148
149
148
149
152
148
148
149
148
153
195
148
148
163
149
149
190
149
148
148
148
149
149
148
420
150
153
148
154
161
149
148
149
149
156
148
144
149
149
148
148
149
149
148
154
148
149
149
161
191
149
148
152
164
149
149
148
149
148
149
144
152
148
158
148
155
148
148
159
148
149
149
148
148
149
149
149
148
149
147
149
148
149
148
148
149
149
148
149
155
152
148
148
148
158
153
148
144
149
150
147
148
149
149
148
148
149
148
149
149
148
149
153
149
167
149
148
153
149
148
155
149
156
148
163
148
149
148
148
148
149
149
151
149
153
148
158
145
149
149
148
341
153
153
149
149
149
148
143
148
148
147
149
149
149
149
212
149
152
148
144
149
148
149
154
149
149
149
150
148
148
149
158
149
326
147
149
328
149
149
148
150
149
148
149
156
417
149
162
149
418
201
147
143
149
160
149
149
148
149
152
148
152
148
152
154
148
152
149
148
159
148
158
149
151
160
149
149
149
148
156
149
149
149
149
148
148
153
148
149
149
149
148
149
148
189
228
147
149
154
147
147
148
149
148
148
167
159
152
149
149
155
148
165
150
162
148
149
149
149
158
148
149
148
149
160
149
149
159
159
149
149
148
348
152
148
149
155
156
153
149
152
149
149
149
149
149
149
148
148
152
149
149
159
148
156
149
149
155
149
148
206
149
149
148
152
149
421
149
149
148
148
149
149
148
148
149
149
151
148
149
148
148
150
148
149
152
148
148
149
148
149
147
156
148
149
159
148
149
148
149
149
149
148
149
176
149
155
154
147
148
149
148
150
148
149
148
146
149
149
149
149
158
148
149
148
148
148
148
149
151
161
148
149
160
149
149
149
148
149
156
148
148
156
148
148
149
156
149
149
147
149
149
149
148
149
148
149
148
148
148
149
149
149
148
148
148
148
149
148
148
149
180
148
149
148
149
149
149
144
160
149
148
152
149
152
149
150
149
159
165
149
149
150
149
149
144
149
155
153
156
159
148
149
149
148
149
147
148
149
181
149
154
149
149
149
149
152
148
148
149
149
149
148
148
155
168
148
148
158
149
148
149
148
148
149
149
148
159
149
148
148
207
148
149
149
156
148
149
148
148
149
149
420
152
149
160
152
154
150
148
148
149
149
148
144
148
150
149
160
160
149
147
169
149
149
155
149
164
149
148
149
148
148
151
167
148
152
155
149
149
145
148
149
152
149
148
152
149
148
152
148
149
148
148
158
420
148
149
149
149
148
148
149
152
149
156
149
148
148
149
149
149
149
149
149
278
149
148
148
148
149
160
148
148
208
152
149
148
149
148
149
149
149
148
149
200
149
149
156
149
152
147
148
149
151
154
149
149
148
149
148
192
149
150
148
148
148
149
149
149
420
149
149
148
156
152
149
148
149
159
149
148
149
144
149
149
148
149
148
148
149
149
164
159
149
148
189
158
148
149
195
149
152
149
148
148
149
152
149
149
155
149
149
149
148
149
149
148
149
147
149
148
152
149
148
148
149
148
148
148
149
144
149
213
188
148
148
149
148
143
148
214
149
147
149
159
149
150
147
158
396
149
337
328
149
148
149
149
149
171
149
150
148
156
149
148
148
148
149
155
156
148
153
149
149
149
149
149
171
144
149
157
149
174
148
149
149
148
152
151
147
149
149
149
149
149
148
148
148
149
149
420
149
149
149
149
149
149
149
149
158
153
153
149
148
149
150
149
149
149
159
152
188
149
148
149
148
147
148
152
148
149
149
155
149
149
149
148
149
149
152
149
149
148
148
153
149
148
149
149
149
148
149
149
153
148
198
149
148
149
148
149
149
162
149
149
148
152
149
148
149
149
149
148
144
149
156
148
149
148
149
150
149
148
149
148
148
158
420
149
149
148
194
149
149
181
159
149
148
148
149
152
200
149
149
152
148
149
148
149
148
149
148
148
149
149
149
149
163
148
144
149
148
192
148
148
150
148
149
153
144
149
159
159
145
149
148
148
152
149
148
149
148
149
148
149
156
148
152
148
149
149
148
148
160
149
160
148
149
152
149
152
148
148
149
149
149
149
149
148
149
150
149
462
147
149
153
149
148
149
148
157
149
149
149
149
151
149
201
149
148
148
148
148
148
148
152
149
149
148
148
153
148
148
148
153
149
149
149
272
149
418
148
149
158
148
149
147
148
148
149
149
148
149
148
148
148
149
148
149
149
149
148
160
148
341
147
155
149
149
149
151
152
147
149
148
149
154
149
149
148
148
149
149
149
164
148
153
149
148
149
149
149
148
149
149
148
155
149
163
159
149
149
149
148
148
149
148
148
257
149
149
224
149
144
148
148
200
143
149
148
149
155
214
148
149
149
149
149
149
148
159
148
148
148
150
164
302
149
160
149
155
150
149
148
149
148
149
149
150
149
148
149
149
149
149
149
148
147
149
149
148
149
148
149
148
149
149
149
159
153
149
148
148
149
149
148
150
149
148
149
148
