193
189
427
198
188
195
194
197
199
195
208
195
220
192
204
186
192
188
204
200
199
193
194
192
205
194
193
192
199
194
194
422
194
198
201
181
196
245
196
192
650
206
195
195
194
256
192
197
547
256
201
192
570
196
193
200
191
208
196
206
192
205
194
203
193
261
257
198
199
206
193
194
192
201
195
199
199
197
203
186
200
202
190
196
193
431
191
208
192
200
200
219
194
201
195
199
192
195
194
193
199
194
192
197
193
200
207
201
195
195
568
193
191
200
193
252
195
195
249
211
196
195
248
195
193
191
208
205
195
197
207
200
198
194
194
435
195
195
196
194
194
196
194
205
205
194
218
194
200
195
205
194
194
200
256
195
198
194
199
262
200
196
194
197
195
186
204
202
185
198
196
194
194
429
192
192
193
196
198
198
194
195
196
194
198
195
193
185
199
195
192
204
204
202
201
201
199
202
199
203
194
194
201
194
203
196
195
194
205
203
194
199
199
198
197
208
196
442
200
201
195
202
192
194
203
194
199
207
197
204
202
193
195
197
198
192
224
208
194
252
257
196
193
194
195
197
199
196
226
193
194
200
194
196
193
250
249
193
193
202
198
195
198
252
199
196
195
193
193
326
194
204
192
198
193
203
198
199
204
195
195
208
196
195
211
194
192
193
193
190
195
193
204
196
201
192
194
194
194
192
197
265
217
206
197
194
192
200
211
197
192
196
194
198
193
254
193
194
194
202
251
193
197
198
200
198
193
196
196
195
205
195
197
204
196
194
192
197
261
195
197
200
192
194
194
192
197
208
210
194
200
194
205
261
197
193
195
192
198
197
202
196
194
193
185
199
196
201
396
202
199
200
194
208
194
192
202
204
198
201
209
192
192
193
196
206
212
195
196
193
201
192
199
197
213
196
194
197
196
195
194
199
200
197
196
206
194
194
197
195
194
192
198
198
193
194
195
197
203
196
206
196
193
194
196
203
190
208
214
193
195
194
195
204
204
199
195
192
193
194
208
204
199
200
195
193
201
278
195
193
192
188
198
193
203
196
196
202
198
203
205
195
194
192
477
194
195
202
196
196
193
194
193
197
194
207
195
203
190
208
200
195
256
198
201
198
198
196
197
192
195
197
208
196
190
424
195
200
205
200
191
193
197
193
271
196
201
198
196
199
194
193
208
195
194
192
196
197
194
194
195
203
203
198
200
193
197
194
200
203
199
198
193
199
193
213
192
559
199
194
195
204
196
193
194
194
206
204
194
190
194
201
196
195
193
194
191
189
198
196
193
213
188
203
504
195
194
197
192
196
230
199
197
196
199
198
203
194
193
196
211
194
195
195
205
200
196
198
195
192
208
204
204
197
198
198
204
193
194
265
196
201
199
194
195
197
249
199
203
193
205
193
193
197
194
210
194
195
202
192
194
194
194
199
201
193
192
195
196
198
248
193
207
193
191
195
194
194
200
197
194
194
550
195
193
196
194
206
196
193
197
204
194
195
195
193
194
194
195
203
207
205
193
193
193
194
194
275
201
201
205
203
198
193
194
192
201
201
192
192
190
282
199
199
198
215
187
187
194
194
195
190
194
194
195
192
187
195
198
193
192
187
185
202
250
193
587
194
212
192
193
195
206
192
197
269
196
195
201
195
194
198
195
201
213
197
194
193
204
196
199
194
197
203
192
200
196
193
194
192
209
204
193
198
195
192
195
198
206
207
207
193
193
196
194
193
193
205
200
194
195
192
203
193
197
193
196
192
206
199
202
195
192
196
194
208
201
423
194
200
193
206
202
204
197
192
197
196
200
187
201
194
563
195
194
203
345
195
198
201
197
195
195
196
193
198
192
192
197
193
200
193
197
194
194
196
202
260
193
195
193
195
210
193
195
214
205
210
193
202
192
208
195
194
192
194
200
435
193
206
198
212
196
192
207
197
193
198
462
203
192
240
194
201
195
197
200
196
203
204
194
192
190
195
197
194
195
194
200
205
206
264
205
193
199
206
197
205
192
193
201
192
197
194
200
203
195
195
193
193
197
194
193
195
196
195
194
197
193
197
194
196
204
192
194
205
197
200
199
209
195
193
197
209
194
197
196
193
194
203
201
194
244
252
192
193
197
193
381
195
197
194
213
194
202
190
198
200
200
199
197
194
196
195
198
206
194
199
194
194
193
201
187
207
201
200
201
200
194
196
251
191
200
193
198
204
194
192
194
198
194
193
194
196
208
193
197
377
192
196
192
198
194
200
192
198
202
259
193
202
193
200
208
206
204
201
195
194
193
194
194
194
199
192
195
204
195
200
192
192
195
194
212
211
193
262
191
202
194
193
196
194
203
195
193
195
219
199
199
198
196
197
196
196
194
429
194
196
196
198
202
205
199
194
195
195
439
194
203
203
429
261
257
194
256
200
198
197
195
192
194
194
193
194
203
194
193
432
195
203
200
192
192
210
194
193
200
195
193
206
199
193
192
194
200
194
209
199
194
194
200
194
200
192
198
205
196
191
194
207
192
193
204
206
197
196
202
194
193
193
207
193
243
195
199
193
193
196
200
196
196
194
202
193
197
194
243
196
206
204
191
254
193
193
195
194
193
461
210
192
193
197
195
193
194
212
194
193
193
213
194
190
198
197
194
195
199
198
198
204
196
252
192
198
196
194
193
193
188
198
193
192
427
196
198
195
195
207
216
196
197
193
270
258
204
195
200
249
202
199
197
194
201
207
193
195
195
194
201
193
193
193
197
194
192
195
195
195
198
200
192
192
199
198
195
197
195
433
197
253
193
195
197
199
204
195
195
193
193
195
197
194
247
206
194
204
205
196
199
194
204
225
197
193
198
194
193
427
255
195
198
243
196
196
190
201
201
197
195
198
196
205
269
200
195
207
197
195
212
195
195
194
187
193
195
194
192
501
195
206
198
196
200
210
213
193
197
193
194
196
199
200
196
202
206
201
194
210
194
196
192
195
250
196
202
193
200
301
195
185
194
198
197
195
195
198
194
192
200
203
202
445
194
190
189
198
196
194
204
196
199
194
242
195
194
196
200
199
195
196
195
195
195
193
192
210
267
193
199
197
193
202
194
238
195
192
197
194
193
195
575
192
188
229
193
192
204
194
198
194
193
200
196
194
194
199
195
194
195
257
195
208
196
208
218
195
192
193
194
192
194
194
197
194
195
190
195
204
465
195
243
195
199
545
230
195
263
194
196
193
194
191
193
194
196
199
194
213
194
197
193
401
193
194
197
195
200
195
194
203
203
193
194
194
193
202
191
208
194
213
193
257
195
195
193
195
195
251
195
194
207
204
194
203
193
203
191
194
193
193
201
195
198
229
198
202
194
198
195
206
193
198
253
194
195
196
198
198
209
225
193
194
248
197
197
195
203
192
199
205
200
192
251
194
192
196
197
194
188
250
249
254
197
193
192
195
255
208
206
194
201
191
200
195
447
192
200
204
212
192
195
197
193
204
193
193
193
193
197
197
198
193
203
188
195
249
186
198
192
193
188
194
578
197
197
185
192
199
184
200
194
200
196
193
201
203
199
192
195
195
194
193
208
199
204
193
199
199
201
192
207
238
194
195
194
194
208
192
194
198
214
203
198
194
197
197
194
197
195
261
542
436
193
249
193
196
194
211
195
197
196
206
192
202
194
192
206
201
193
193
246
203
195
185
198
194
196
201
198
193
196
205
196
258
199
214
196
192
193
192
195
194
197
252
194
194
193
193
201
251
194
197
261
201
202
191
199
206
206
198
199
204
194
196
198
194
200
193
198
205
195
201
195
555
198
193
195
248
194
189
194
196
196
192
194
194
206
196
196
194
202
195
201
200
193
194
380
197
193
201
194
193
195
185
202
204
196
193
194
255
195
313
203
194
200
206
210
206
201
199
197
195
194
259
194
198
195
195
193
199
201
196
193
206
195
199
207
196
198
194
249
192
196
196
203
200
193
193
199
194
193
195
193
192
194
192
192
195
205
196
193
195
196
200
193
199
194
281
196
193
196
195
194
199
201
198
201
195
196
193
209
199
197
205
194
195
208
201
192
195
193
189
194
347
193
194
194
198
192
204
195
192
196
203
192
203
196
194
192
202
262
193
198
200
195
198
205
199
198
197
194
196
195
196
195
187
209
218
194
194
193
206
195
195
194
193
251
252
201
193
197
194
194
192
192
192
192
194
217
194
197
258
203
199
193
195
193
198
197
202
198
206
208
195
195
207
195
193
199
193
196
195
199
193
193
194
209
194
198
200
195
186
193
200
195
554
192
201
193
192
192
194
202
192
196
194
192
193
198
194
195
199
195
198
203
194
195
196
191
205
194
193
197
194
197
204
200
201
200
205
193
195
195
194
198
193
193
194
214
194
252
193
204
194
210
198
193
205
196
197
199
195
196
208
199
532
207
207
193
194
201
198
193
195
195
201
198
194
195
198
193
192
206
192
194
201
195
207
199
195
192
198
196
197
195
196
195
207
193
187
200
194
205
192
204
205
196
211
197
194
190
211
192
195
217
193
199
207
242
192
198
193
196
192
204
202
194
193
199
195
193
194
254
194
195
524
203
192
196
204
197
194
192
253
203
206
202
245
194
203
197
203
194
192
200
203
195
196
194
195
555
194
195
254
192
214
196
194
195
243
214
196
200
193
251
196
197
192
204
196
199
193
564
193
200
192
198
193
365
195
209
198
192
194
371
192
195
194
192
195
205
194
191
195
202
194
193
195
198
195
195
196
195
235
207
193
191
253
192
194
193
194
195
195
194
196
197
193
201
196
198
195
210
188
204
256
198
193
199
194
261
209
193
275
197
198
193
201
198
195
192
209
196
195
199
197
192
193
185
196
194
200
199
195
200
194
193
194
194
199
194
200
195
244
195
190
188
194
202
193
194
195
187
193
194
200
210
223
197
204
188
195
194
195
198
193
214
197
195
198
194
196
194
198
199
253
195
195
204
193
205
203
200
198
199
199
194
202
186
202
192
193
195
203
193
193
200
192
193
426
192
194
206
195
195
204
391
196
195
195
201
208
193
195
249
192
194
202
195
243
205
192
195
194
192
193
204
204
193
197
193
193
197
194
198
196
206
195
195
201
195
194
208
507
192
198
195
194
195
194
193
194
209
200
208
199
193
195
199
202
189
194
250
198
194
194
192
196
195
199
199
196
186
194
192
202
196
192
192
576
193
204
200
195
186
430
265
205
205
202
212
253
205
189
207
195
194
515
200
194
246
263
188
195
203
543
193
192
193
454
208
195
193
193
198
191
194
184
195
196
195
195
200
200
210
195
200
209
202
193
188
202
194
195
196
194
194
194
195
194
193
195
201
195
203
313
257
192
187
192
196
193
192
207
192
193
197
195
195
195
198
196
194
197
192
193
194
199
195
195
205
203
187
193
206
208
198
193
254
195
194
198
201
193
190
193
197
198
195
201
199
194
199
192
193
192
201
197
192
194
193
201
252
194
195
208
210
192
195
192
557
195
230
192
197
195
194
195
285
205
208
237
209
199
195
233
195
193
194
193
195
190
194
195
194
194
273
192
201
257
191
209
198
195
198
569
195
202
203
195
190
200
185
259
261
193
194
192
202
252
204
197
205
198
195
202
266
187
204
206
197
197
192
194
198
195
208
195
199
202
195
194
195
194
204
197
198
188
194
197
194
196
207
206
193
195
193
195
194
194
199
197
574
193
264
199
196
194
197
194
194
203
192
193
200
192
193
194
194
195
194
195
199
194
192
200
196
207
233
206
214
194
199
204
200
211
192
260
208
196
194
193
263
204
194
271
199
198
193
199
200
195
195
199
193
203
195
192
200
193
193
195
499
195
193
198
196
199
195
202
192
251
211
194
194
203
193
194
301
202
194
193
260
194
195
193
193
194
193
192
193
204
198
193
196
200
194
592
194
196
201
196
196
197
203
201
195
194
193
193
192
200
194
203
194
193
192
234
204
193
202
195
193
193
194
196
194
192
192
195
197
271
189
196
203
193
195
193
210
196
195
196
205
195
197
195
194
200
196
197
197
197
196
198
196
193
197
192
254
195
196
194
197
205
195
198
246
197
193
207
206
199
198
201
195
200
194
195
196
194
192
194
194
207
198
194
194
197
195
202
194
195
193
198
196
193
195
195
194
197
205
194
193
194
195
530
191
192
252
195
193
422
248
194
201
198
197
197
207
195
194
193
194
192
195
195
197
198
192
196
185
197
195
193
206
191
194
194
245
196
203
200
194
203
199
195
191
197
195
186
199
194
298
198
194
194
205
195
193
244
187
197
196
192
207
195
194
194
192
194
194
196
194
204
198
194
256
206
199
205
194
195
193
195
193
260
205
193
198
194
195
195
204
194
204
190
196
198
192
193
220
193
194
208
194
262
197
194
195
201
204
200
558
196
193
193
192
187
194
211
194
196
195
196
195
193
193
197
458
195
207
193
192
194
195
205
192
200
198
206
194
209
196
197
203
197
193
196
205
197
193
195
251
192
193
195
193
196
193
194
195
193
193
193
200
259
196
204
431
203
194
197
194
196
194
194
205
199
193
198
197
195
194
196
195
200
197
203
195
192
193
192
191
192
204
196
194
194
193
200
195
194
195
204
256
196
194
193
193
198
193
195
201
192
194
200
257
194
198
199
191
240
195
200
194
194
193
193
195
203
196
193
197
196
195
194
197
194
192
194
193
213
197
194
195
193
193
256
198
200
202
251
195
196
192
201
193
193
195
199
195
188
202
194
192
194
276
196
194
196
194
194
195
247
194
208
204
186
195
193
204
193
205
195
244
194
196
213
194
197
192
194
196
194
199
194
203
251
201
200
195
194
203
210
196
195
204
194
269
193
195
195
196
201
195
192
203
208
193
193
194
193
194
262
194
209
196
195
193
196
199
193
192
192
200
193
202
204
195
194
194
195
193
204
196
195
208
199
195
193
195
265
246
202
195
186
199
194
198
193
267
197
190
190
193
193
243
195
193
297
200
192
200
195
249
261
193
193
198
197
194
221
193
194
206
196
205
316
194
196
208
188
188
195
206
196
552
196
195
195
194
194
202
195
195
197
206
193
195
194
194
193
193
211
193
262
193
194
195
206
198
195
193
194
198
258
195
195
201
207
206
193
196
194
197
196
199
197
197
202
193
194
204
193
245
205
190
195
204
195
195
198
195
191
197
196
194
194
194
196
193
193
196
203
197
192
267
205
194
193
206
203
207
193
201
193
199
204
194
193
196
194
201
196
194
194
192
201
205
197
264
198
195
193
194
195
194
198
194
197
202
206
197
193
195
198
202
197
193
197
195
194
199
193
194
209
225
200
201
207
199
195
193
203
210
195
193
196
193
192
198
199
192
196
210
205
193
197
196
193
201
207
194
195
200
198
193
426
197
208
195
202
194
201
199
194
196
193
193
201
205
194
196
193
331
199
198
192
194
200
194
212
196
193
195
196
213
192
197
196
200
196
546
191
196
196
196
201
194
186
197
208
192
201
188
197
207
198
195
193
189
207
198
195
201
192
205
195
203
195
194
194
207
255
194
195
197
196
192
196
195
191
212
253
208
193
194
205
192
200
253
199
198
198
202
204
201
285
203
192
204
197
192
196
195
192
193
193
202
197
195
193
194
192
193
195
264
197
196
234
203
193
255
195
199
197
205
207
195
196
196
195
192
192
194
196
193
193
198
196
198
336
192
192
193
195
257
193
383
203
196
193
209
248
195
195
195
253
201
193
209
282
193
198
201
193
197
202
193
193
198
193
198
253
199
198
192
193
198
195
194
197
201
201
203
194
193
192
193
194
197
196
195
203
195
196
194
206
250
198
193
197
193
195
196
194
198
195
208
195
198
195
250
193
196
206
198
192
204
196
204
246
197
194
203
192
201
214
197
219
196
194
195
200
203
193
198
194
193
207
200
201
210
194
195
203
199
200
208
198
204
202
208
192
193
199
193
201
197
204
192
192
192
203
193
198
196
202
195
192
190
202
212
204
202
256
190
194
197
195
194
192
190
194
199
196
194
193
192
194
193
196
200
203
192
204
194
195
192
203
196
204
198
204
195
195
198
203
193
195
187
202
193
198
192
237
200
202
249
205
194
209
194
194
194
194
210
209
195
193
201
217
196
204
200
193
194
197
261
199
207
201
204
193
194
205
193
193
198
202
199
243
194
258
198
253
194
195
201
194
196
194
192
195
198
203
197
194
195
193
196
195
207
193
199
204
204
203
194
194
193
206
204
195
204
196
198
198
206
194
245
261
196
197
198
193
195
196
201
197
194
204
195
198
197
192
189
196
199
193
200
200
206
271
193
193
192
195
193
194
195
193
205
202
194
194
243
192
207
676
255
198
196
185
194
194
195
198
193
195
197
259
195
195
201
193
205
197
195
195
196
194
200
208
196
196
197
185
193
202
255
193
186
192
205
205
205
199
194
195
194
203
197
193
194
192
196
197
196
205
197
197
192
193
193
194
193
195
192
212
197
199
197
192
197
198
192
214
200
198
196
195
195
433
205
194
194
194
194
197
194
193
193
195
196
196
192
205
185
193
193
194
192
196
196
201
195
198
196
194
194
202
200
195
198
196
199
196
199
201
189
201
199
198
198
188
195
206
197
193
197
201
198
196
195
195
206
194
201
193
207
191
194
260
197
196
194
206
193
196
195
192
204
193
203
194
197
194
195
198
202
208
193
197
196
206
195
199
211
203
204
193
193
194
194
194
195
205
201
423
193
196
196
309
196
208
207
203
193
193
193
199
192
200
210
199
195
193
193
194
204
198
195
197
200
208
201
195
193
195
195
204
197
187
200
188
198
192
192
193
202
196
199
198
195
196
196
195
197
199
194
193
197
195
193
193
195
192
196
195
192
195
195
204
196
196
195
195
195
199
198
196
198
194
193
204
193
194
196
192
193
188
201
194
198
195
192
195
193
196
186
205
197
205
203
194
196
198
196
258
193
203
195
195
249
193
195
242
193
203
194
252
253
199
193
202
194
193
198
253
192
194
204
199
194
194
195
197
251
194
197
195
198
198
205
206
198
194
194
200
208
204
195
193
194
193
204
207
198
194
200
194
190
196
201
205
192
195
198
197
197
194
267
208
199
194
189
198
208
194
256
199
194
197
194
431
200
198
253
204
195
193
195
196
198
193
195
193
191
194
195
195
195
196
250
197
198
197
192
194
204
195
194
195
193
204
196
193
204
191
197
205
198
208
