118
260
119
118
118
118
125
121
118
119
118
118
118
115
126
118
119
118
118
123
118
125
118
119
113
118
118
118
117
118
118
119
119
121
118
119
123
117
118
118
119
118
118
118
118
118
118
118
121
122
117
117
122
118
118
274
113
117
117
128
118
119
121
118
118
125
127
122
122
118
117
118
113
119
118
118
117
121
113
136
117
118
125
118
118
114
118
121
121
122
118
118
119
118
118
118
118
118
124
118
122
118
118
118
118
118
114
118
133
119
120
119
117
118
118
125
118
119
117
118
117
118
118
114
118
118
119
127
118
124
118
118
118
123
118
122
118
118
118
119
119
121
114
118
118
128
117
118
125
124
118
117
122
118
124
119
117
126
118
129
125
122
118
119
118
118
118
118
118
118
118
118
125
118
275
121
118
118
177
117
118
118
122
118
121
118
119
117
284
119
118
118
117
117
118
117
123
117
118
118
118
118
118
120
118
118
118
125
118
118
121
119
118
117
118
118
130
118
114
118
118
118
119
131
205
124
118
119
118
118
333
118
118
119
117
118
122
118
119
118
118
118
118
117
118
118
118
118
118
126
118
119
122
118
119
118
118
118
117
118
118
118
118
121
118
130
114
122
132
127
116
286
124
125
118
118
112
118
118
118
126
113
118
117
138
117
118
118
119
118
118
117
118
118
113
118
117
118
118
118
120
118
118
119
120
114
257
118
117
118
119
119
118
118
117
344
117
118
118
119
118
118
118
117
115
128
128
114
119
119
118
117
119
117
118
118
118
119
118
124
118
118
119
117
115
118
118
118
117
147
117
119
117
122
119
115
118
119
119
117
118
118
118
118
118
118
118
118
129
118
119
122
119
117
118
118
118
117
118
119
114
118
119
118
195
118
122
121
119
119
118
125
119
122
113
118
279
118
118
166
121
117
128
122
118
118
122
118
117
118
118
118
126
118
118
316
117
118
121
118
118
117
119
119
118
118
118
113
118
118
118
118
118
118
118
118
118
117
118
118
130
118
118
122
117
118
118
114
118
118
119
118
122
118
118
117
119
118
118
118
125
118
121
118
125
200
117
118
128
118
118
118
117
118
118
121
118
124
118
118
120
118
122
119
118
118
118
126
118
118
118
118
120
118
118
119
118
118
331
117
159
118
117
118
118
117
118
118
122
118
171
119
117
118
118
118
124
125
118
118
118
120
118
138
118
123
118
184
118
118
118
118
117
117
125
118
119
118
118
116
167
119
117
118
118
119
128
118
118
124
118
118
118
119
118
119
121
119
123
118
119
114
118
118
118
121
118
118
118
118
119
118
117
118
126
118
117
125
331
118
118
119
117
118
118
127
118
118
122
331
114
117
124
118
118
120
119
127
122
129
118
125
119
118
117
118
118
119
125
118
126
118
118
118
122
114
118
114
119
118
118
122
118
117
118
119
118
118
118
117
121
118
118
119
118
118
118
119
118
123
117
114
167
118
118
118
118
117
118
177
117
118
118
117
118
117
119
121
117
118
119
118
119
118
118
118
118
117
118
119
118
179
117
118
118
117
123
118
118
118
161
118
125
119
118
121
118
118
119
118
118
127
118
119
114
126
118
118
118
118
118
117
118
118
118
273
121
118
118
350
131
127
118
119
118
120
118
118
118
118
117
117
124
125
118
128
118
119
118
120
118
118
118
118
131
118
118
132
275
122
118
119
118
122
118
119
118
118
117
118
121
123
118
123
119
118
130
119
118
118
118
128
114
117
121
118
129
118
118
118
121
118
122
118
118
117
118
118
118
114
118
118
118
118
117
117
119
121
124
119
118
118
118
118
127
126
119
118
124
130
117
115
125
118
118
118
118
117
118
117
118
118
118
118
119
329
117
118
125
118
117
118
118
123
118
118
118
124
118
138
118
128
118
117
118
118
118
120
118
113
128
117
118
118
118
118
117
118
118
119
353
118
124
118
117
117
119
118
118
118
119
118
118
118
366
118
118
120
119
123
118
119
117
118
119
118
122
118
126
119
125
118
118
119
118
118
118
127
118
118
117
118
119
122
120
118
118
119
118
114
121
117
118
118
118
118
118
118
169
125
330
118
118
113
118
118
120
118
118
117
118
119
118
118
118
117
118
119
121
117
118
118
119
118
114
119
117
118
118
118
117
119
121
118
119
117
180
118
118
119
119
119
117
118
125
118
125
118
118
123
118
118
166
118
118
124
119
117
117
117
118
118
117
118
119
115
229
118
118
118
119
118
118
117
117
118
118
120
117
129
122
118
117
128
120
117
118
118
118
119
118
118
119
119
117
118
118
117
118
114
118
118
113
120
118
123
118
118
118
118
119
118
118
120
114
119
118
123
118
118
118
118
118
125
125
122
119
118
118
118
194
118
118
118
118
118
117
118
123
127
119
118
115
118
117
118
118
118
118
118
118
118
117
118
118
118
118
114
128
118
117
118
125
125
118
114
121
118
122
127
121
277
118
118
124
117
118
118
121
118
119
118
117
118
122
118
118
118
118
128
129
118
122
118
117
121
118
118
118
118
119
118
120
118
122
118
118
124
118
117
118
117
117
118
119
119
120
118
118
121
118
118
119
118
114
118
120
118
124
118
118
117
114
118
118
114
117
118
117
118
118
119
119
117
123
117
118
117
119
119
119
117
124
118
119
118
125
118
118
117
330
126
118
119
118
117
117
117
117
117
118
120
117
119
118
118
118
117
119
114
119
118
118
119
118
122
118
124
119
118
118
118
117
118
127
118
119
118
118
122
118
118
118
284
126
118
122
118
119
118
119
118
117
124
113
118
119
118
121
118
118
118
118
119
118
118
118
118
118
119
118
118
118
118
118
118
118
125
119
122
125
117
122
119
117
119
118
118
117
314
118
117
121
118
114
127
118
119
117
119
124
118
118
119
123
118
119
122
118
119
127
124
118
125
118
118
118
118
118
123
296
118
118
118
117
118
118
118
118
127
118
118
118
117
118
118
118
114
119
117
119
118
119
119
118
118
118
123
118
118
123
118
118
118
118
118
118
118
118
119
118
118
118
113
118
175
118
114
115
121
124
118
117
117
117
119
114
118
118
128
118
118
118
118
117
118
117
118
123
118
117
118
123
119
118
118
114
118
123
118
114
155
118
117
118
118
258
117
118
118
118
117
114
118
118
125
118
119
118
118
119
118
117
119
118
126
117
117
118
122
114
118
118
118
114
118
118
118
118
119
119
118
117
117
117
119
121
120
118
114
117
117
119
119
119
118
121
118
128
118
118
117
118
117
118
118
128
117
118
118
118
118
172
122
169
118
169
118
118
118
118
118
118
117
118
117
119
117
119
118
118
114
118
118
118
118
120
118
133
118
117
119
169
114
124
118
118
125
117
170
114
117
118
118
117
131
118
123
261
118
119
122
118
118
118
118
118
114
113
118
251
118
119
122
121
118
118
117
117
118
117
118
122
118
117
118
119
118
117
113
167
114
118
123
118
126
114
119
119
291
119
113
119
113
169
121
118
118
121
121
118
118
117
330
118
118
117
125
113
119
126
118
118
118
118
117
119
118
118
118
125
119
118
124
117
122
124
118
118
133
113
117
117
118
117
118
118
118
125
113
118
123
118
114
118
118
118
118
119
126
118
122
118
117
117
118
127
126
117
118
135
120
117
119
119
118
117
127
124
118
286
118
118
118
113
119
123
119
118
117
118
123
118
117
119
118
119
118
118
118
126
124
258
120
119
118
123
122
118
118
333
118
117
128
117
118
118
117
219
118
119
168
117
214
118
118
125
118
118
118
118
118
114
123
118
121
118
118
117
117
118
123
125
118
118
124
117
118
117
124
118
118
119
117
164
115
118
118
113
118
118
118
118
117
113
113
118
118
118
117
118
118
118
117
114
117
277
279
121
119
121
120
118
120
118
118
118
165
118
117
126
118
119
118
119
118
113
118
119
128
122
118
119
117
123
119
117
119
118
118
258
124
118
119
118
118
118
118
118
117
114
118
333
117
118
118
113
117
118
118
124
118
118
118
122
118
124
118
117
117
118
115
117
119
118
117
118
117
117
118
118
118
118
118
122
118
119
118
118
118
118
118
118
118
118
121
119
118
118
330
124
118
332
200
118
119
124
117
117
118
121
118
124
121
115
118
114
117
124
124
118
118
117
118
119
118
118
118
118
118
118
117
119
121
118
118
119
119
119
118
118
119
123
119
122
117
118
113
118
118
119
119
118
118
118
330
331
330
118
118
118
117
350
118
119
118
119
118
123
173
118
118
118
118
118
130
118
123
121
118
119
113
160
333
119
118
117
119
118
119
119
118
119
118
122
119
121
118
124
121
118
118
117
118
160
122
118
117
118
160
118
118
118
118
118
119
122
117
119
118
124
118
118
118
118
118
118
118
118
118
118
121
118
118
118
121
118
115
119
162
118
118
117
122
119
118
117
118
117
121
117
113
118
118
118
118
165
119
118
114
123
167
117
117
118
114
117
118
119
118
118
114
118
118
118
133
118
118
119
126
119
122
204
117
121
117
118
113
118
117
120
114
118
123
153
119
118
123
114
123
119
118
118
118
117
118
117
126
118
123
119
118
119
118
122
118
118
114
118
118
118
118
118
113
118
118
118
346
330
118
118
119
118
118
117
117
118
118
113
118
118
118
117
118
118
118
119
118
118
119
118
119
160
118
118
291
118
118
118
118
118
118
117
118
118
117
118
122
122
117
118
126
126
118
118
118
118
117
118
118
118
118
118
118
118
203
118
117
119
118
118
118
117
118
118
118
117
118
126
118
118
117
118
129
118
117
278
118
124
127
118
129
118
330
118
117
123
113
118
118
118
118
118
119
118
118
118
118
118
134
118
127
119
122
118
118
125
114
119
118
281
119
119
119
119
118
190
118
118
118
121
119
118
126
118
118
119
118
118
119
118
118
126
124
119
148
118
118
118
118
118
119
118
118
118
117
118
118
138
122
119
353
117
118
113
123
119
118
118
119
122
124
118
118
118
118
119
119
118
118
118
120
169
118
122
118
113
123
118
118
118
152
118
118
119
118
118
118
118
118
118
125
123
118
117
132
118
118
119
129
122
118
118
118
118
117
117
125
118
123
118
118
114
118
119
118
118
124
118
119
117
118
118
119
118
118
123
118
118
118
118
119
118
119
122
114
118
117
122
118
119
118
118
118
120
119
118
119
118
125
118
119
118
130
113
118
118
277
118
117
122
119
118
118
125
123
117
118
117
118
118
118
118
117
118
118
118
117
118
118
122
117
127
119
117
117
118
120
119
118
114
119
118
167
344
117
119
114
118
118
122
118
119
118
119
117
172
117
117
118
117
118
118
118
118
118
119
117
118
118
118
119
128
118
118
118
118
119
125
118
118
118
118
122
119
120
117
122
117
118
117
118
118
118
117
118
117
118
114
117
118
119
118
118
124
123
118
118
118
119
118
114
117
118
119
119
119
122
122
118
118
121
127
119
127
119
118
113
119
118
117
117
118
125
118
119
343
118
118
118
118
124
355
117
118
121
119
119
118
331
114
118
118
121
119
119
118
118
117
113
119
118
118
118
118
118
117
118
128
119
123
118
118
119
118
139
118
118
119
117
117
118
118
126
114
131
118
118
118
118
118
118
121
118
118
118
128
124
118
126
168
117
118
118
118
118
118
118
122
119
118
118
117
118
125
119
127
211
118
122
119
118
119
330
124
126
129
117
119
118
118
118
118
118
118
119
118
118
118
118
118
118
118
118
118
162
119
125
118
121
113
126
119
117
117
117
118
121
117
117
117
118
118
130
118
118
126
118
118
124
118
118
117
118
118
118
119
118
117
118
117
118
118
117
118
118
118
117
118
118
118
117
119
117
119
118
118
119
118
118
118
118
118
113
127
126
120
118
119
118
119
118
118
118
118
124
258
118
118
117
118
119
118
118
113
114
118
118
123
124
117
117
120
118
118
118
117
125
118
119
113
118
124
121
119
119
121
113
118
119
118
119
119
118
118
117
119
128
113
118
119
118
118
117
118
118
118
118
118
118
115
118
179
118
123
118
118
120
117
118
118
126
118
117
119
118
118
118
330
156
118
118
128
118
118
118
118
118
118
118
115
114
118
118
117
118
118
118
118
118
118
118
121
119
118
118
118
118
118
119
118
118
118
122
118
118
118
119
114
124
118
118
118
118
118
118
118
118
118
117
118
119
118
117
118
118
118
118
118
118
119
118
117
123
118
122
119
354
118
117
117
118
113
118
118
117
118
118
122
160
117
118
118
117
118
119
117
123
118
119
124
118
117
118
114
118
118
117
117
117
117
118
118
123
118
118
118
118
120
118
119
162
118
162
118
118
118
121
118
118
118
113
118
121
118
119
119
118
114
118
118
113
118
125
118
118
119
124
119
118
118
119
132
118
118
117
118
118
119
118
119
128
118
118
119
117
117
117
117
118
118
118
119
118
114
118
132
118
117
118
118
118
118
118
118
118
119
121
118
118
126
118
118
118
126
117
121
118
119
118
118
118
118
122
118
119
117
119
123
118
118
118
123
117
118
120
168
126
121
118
118
118
126
118
125
118
118
117
119
117
118
118
123
118
123
118
130
118
115
118
117
119
118
118
118
124
118
118
118
118
121
119
118
119
147
117
122
126
117
117
118
118
259
119
118
118
125
118
118
118
118
113
118
134
118
117
118
118
118
124
125
114
113
117
117
118
118
118
118
118
118
118
118
118
118
118
121
118
113
118
129
118
117
161
119
118
118
120
117
118
114
119
118
118
119
118
186
123
118
118
118
117
117
118
121
118
118
117
118
159
119
117
122
118
119
118
114
118
119
129
124
119
119
118
118
126
119
118
118
118
135
118
119
122
130
119
117
118
118
128
122
119
117
114
121
114
118
119
118
118
119
118
117
117
122
118
118
122
118
117
118
117
118
118
124
117
118
118
123
118
117
119
118
118
118
118
118
118
123
117
118
119
119
118
118
117
118
117
114
118
118
129
257
118
118
119
119
118
118
113
118
118
119
118
119
114
118
118
119
118
118
118
118
122
118
189
118
123
118
118
118
117
118
120
118
169
118
120
118
119
122
118
118
118
118
118
118
119
124
118
118
118
118
122
126
118
119
119
119
117
118
119
118
119
118
118
118
118
118
118
117
114
118
119
117
119
118
118
118
118
118
118
118
118
118
119
129
118
118
119
117
117
118
372
118
118
118
119
118
118
118
118
119
118
118
121
118
118
118
118
117
118
114
118
123
118
119
162
118
119
117
118
119
118
121
126
118
118
119
118
121
117
117
117
118
118
118
118
128
118
119
114
118
118
117
118
117
118
119
118
113
118
118
118
161
117
126
121
118
142
118
118
118
118
121
118
119
118
117
119
118
118
118
118
118
118
118
118
118
118
117
118
117
118
126
119
122
119
119
118
118
119
322
333
118
118
118
117
118
119
118
117
118
118
118
117
118
126
118
120
113
119
117
118
119
118
118
173
113
118
118
119
118
118
118
118
117
122
118
128
330
119
117
119
117
118
118
118
117
124
118
118
118
122
330
118
117
120
114
117
163
118
118
118
119
118
118
121
129
117
117
118
117
120
118
118
118
118
118
118
118
117
119
118
123
123
118
118
117
118
118
118
131
118
118
118
118
121
118
118
118
119
118
118
118
118
118
129
127
118
119
118
118
122
121
118
118
119
119
119
119
118
118
118
119
124
118
118
118
121
126
118
119
171
287
125
136
118
118
123
125
118
118
118
118
118
118
122
118
118
117
118
118
117
118
121
118
119
117
117
118
118
118
124
119
117
119
114
117
118
278
129
380
119
128
117
117
118
118
119
117
125
118
119
118
118
119
125
119
118
118
118
118
113
119
117
118
118
118
117
117
121
326
118
118
119
128
119
118
118
118
118
118
119
117
119
127
118
118
120
118
118
118
117
130
118
118
118
117
117
118
118
118
118
118
164
118
117
118
119
278
119
119
118
118
119
119
118
118
119
118
118
278
118
119
117
119
126
118
118
119
126
118
119
117
118
118
117
118
119
118
118
331
125
119
117
118
118
118
118
118
118
125
267
118
118
118
117
123
118
113
119
117
119
118
119
126
127
118
123
119
119
113
118
118
118
118
117
378
118
117
118
117
125
118
126
118
118
114
118
118
124
118
117
333
118
118
119
117
119
119
118
122
118
118
173
118
117
122
119
155
122
122
118
125
122
118
117
118
119
128
118
114
118
118
134
119
118
118
118
118
118
119
117
118
118
118
119
118
118
118
118
118
118
118
118
118
118
113
117
118
117
118
114
125
163
118
121
124
124
117
124
114
118
118
118
133
117
163
123
118
118
121
117
118
118
119
118
122
119
119
118
119
117
119
117
221
118
330
118
118
118
117
273
118
118
117
119
130
119
118
118
119
118
118
118
124
117
114
118
118
118
118
117
118
114
122
119
119
118
118
118
119
118
119
117
118
118
118
118
127
118
126
114
118
118
117
117
118
118
258
118
119
118
114
124
121
117
118
118
119
118
118
118
118
118
119
117
118
118
117
122
118
126
117
118
118
118
164
122
118
119
118
119
119
126
114
123
118
271
118
118
125
118
122
119
118
117
117
113
117
123
119
119
118
114
194
114
118
118
120
118
118
121
118
123
119
128
118
123
118
118
118
140
163
117
117
118
126
119
121
118
121
118
118
118
118
132
118
121
127
117
118
118
119
118
118
127
117
117
124
123
118
119
117
118
118
118
121
118
118
118
118
118
118
118
118
118
114
118
118
118
122
118
117
118
117
118
118
118
118
119
118
118
118
118
167
119
118
118
118
117
117
119
118
118
118
118
117
118
118
125
122
118
118
118
120
118
118
118
118
117
118
125
117
118
114
118
118
113
119
118
118
122
117
118
161
119
118
118
118
119
126
123
118
118
122
118
118
119
118
115
118
127
119
113
124
127
207
118
117
130
118
120
274
117
272
119
119
118
118
118
123
118
118
119
118
118
119
121
118
119
118
118
117
118
123
119
126
121
119
125
125
113
119
171
118
127
118
118
117
125
117
118
118
118
119
118
118
119
127
119
117
119
118
114
119
118
118
191
118
118
118
120
118
113
119
118
118
123
118
119
119
121
122
118
118
119
118
117
117
129
117
117
119
123
114
118
118
125
118
120
118
125
119
117
274
118
118
119
121
118
118
118
117
117
118
118
117
118
118
119
118
118
118
118
124
119
122
118
118
118
121
118
