121
113
119
123
113
112
116
113
121
113
113
112
108
113
112
199
113
113
112
113
119
108
113
157
119
112
114
108
113
117
113
109
163
109
112
248
168
315
113
112
113
120
113
112
113
146
118
117
113
113
112
113
109
113
248
113
112
113
112
119
113
112
113
166
114
112
120
121
113
114
113
113
113
118
114
112
113
306
112
113
113
109
113
113
112
112
112
108
113
112
114
118
112
113
113
112
112
112
112
113
112
202
113
112
109
113
112
113
112
112
112
112
113
113
113
117
113
117
120
112
113
108
113
113
113
112
122
113
113
113
112
125
116
113
114
113
114
113
112
112
112
120
112
170
112
113
122
112
119
113
113
113
112
113
113
113
112
112
113
123
112
113
113
122
159
112
114
119
113
113
112
113
108
120
109
117
108
113
112
113
112
112
113
112
112
114
112
114
113
113
317
113
109
112
113
113
113
112
116
116
113
113
113
114
113
113
112
112
109
113
112
113
112
114
113
112
114
248
121
112
113
169
113
113
112
113
113
113
127
112
112
112
112
112
113
112
120
165
112
112
113
116
112
112
113
315
113
112
121
113
112
117
112
112
113
112
113
113
113
112
113
114
112
113
113
112
113
114
315
112
113
113
112
112
112
112
114
113
113
112
109
119
109
113
112
113
112
114
113
116
113
113
119
113
112
112
113
112
112
112
112
113
118
113
114
113
112
113
120
176
108
112
112
112
112
113
112
113
117
112
112
116
113
114
110
112
116
113
112
112
114
112
113
115
113
112
112
112
116
112
113
112
112
113
125
171
113
114
113
113
112
112
126
118
112
112
113
113
116
112
112
114
113
113
112
112
112
113
113
113
113
112
114
113
112
113
112
112
117
113
114
112
112
112
187
120
113
113
113
108
119
113
112
112
113
113
113
112
112
113
113
109
112
116
109
112
110
113
116
113
113
113
113
108
113
113
113
116
114
119
118
112
317
113
113
113
113
112
113
112
263
113
113
112
113
113
118
113
112
112
113
116
113
112
112
112
112
112
117
113
113
112
119
112
113
116
113
145
113
113
117
113
113
116
112
112
112
113
112
109
112
114
112
311
124
113
259
120
113
164
350
113
112
113
168
113
113
115
120
112
118
113
113
113
117
113
114
113
119
114
112
112
113
113
123
113
113
108
112
113
123
113
112
113
112
112
112
113
113
112
113
115
112
112
112
113
113
113
113
112
119
112
113
114
113
113
109
118
112
112
114
112
112
113
113
113
113
167
246
113
113
114
112
112
113
113
116
112
113
113
113
121
121
112
112
112
114
109
112
114
122
113
113
113
116
113
315
113
113
114
113
113
114
123
171
112
112
119
113
113
167
121
113
112
113
116
112
159
113
117
116
113
113
108
160
112
113
113
112
113
120
112
112
113
113
120
112
113
113
112
114
114
112
113
112
108
113
116
108
113
113
112
113
112
112
113
116
112
125
113
114
117
112
166
113
118
112
171
114
113
113
112
108
184
112
112
112
113
113
119
138
113
113
113
112
112
113
120
113
112
116
113
113
113
108
113
123
117
113
107
310
113
107
115
113
113
112
113
121
112
113
112
112
112
113
123
113
112
114
113
113
112
114
112
113
119
112
112
114
108
113
112
113
112
136
120
113
113
112
113
113
112
112
112
114
114
112
112
112
117
112
112
114
164
113
113
164
113
112
113
113
339
113
113
113
112
113
113
173
113
112
112
112
114
113
112
112
113
112
112
114
113
112
246
113
113
109
114
113
112
112
113
113
112
116
113
113
118
108
112
116
112
112
121
113
113
112
113
219
113
113
113
110
113
112
112
113
112
113
113
114
109
141
116
113
112
113
114
112
112
112
112
114
112
113
113
114
120
113
112
112
120
113
113
113
189
125
314
112
119
113
112
113
109
112
113
113
112
108
112
113
114
117
113
112
112
113
113
109
112
112
113
112
113
112
120
112
114
116
113
113
108
112
113
113
114
112
114
112
113
113
120
109
114
117
112
112
112
113
112
113
113
113
108
112
113
114
112
113
112
113
117
122
113
113
108
113
113
113
112
121
112
112
113
113
113
123
112
113
318
113
113
120
120
113
115
113
113
113
116
112
112
119
112
113
114
110
112
264
112
116
112
120
113
119
112
113
181
112
112
127
112
112
113
114
113
121
113
113
116
113
113
112
112
112
112
113
114
113
113
112
112
112
112
113
120
114
113
113
112
113
113
112
112
113
112
113
246
113
112
112
114
113
113
113
120
112
116
113
113
114
113
122
124
113
122
113
113
114
119
113
113
117
112
112
113
113
113
112
113
113
112
120
113
112
120
122
113
112
315
113
112
157
113
112
112
119
113
112
113
116
112
113
113
246
118
113
113
112
113
113
112
108
112
113
113
114
112
113
112
113
121
112
108
113
113
112
113
318
113
112
116
114
114
114
113
113
113
116
168
112
113
113
117
113
112
116
112
317
114
114
113
114
112
113
113
113
113
113
112
118
112
113
114
113
167
113
113
112
113
112
117
113
108
112
113
111
113
114
112
112
113
114
112
117
108
113
108
168
116
113
117
117
112
113
112
125
113
173
122
113
110
113
112
112
113
121
112
113
112
116
112
121
113
113
112
113
113
112
108
113
112
112
113
113
112
112
118
113
113
113
113
114
112
112
116
113
113
113
112
113
113
114
112
112
113
113
112
113
113
113
113
120
123
113
114
114
315
113
110
113
113
108
113
113
113
112
112
113
113
112
114
112
113
113
113
244
112
113
116
112
112
112
113
113
112
116
120
114
112
113
113
113
113
113
266
112
112
315
108
113
315
119
113
113
113
113
113
112
113
112
113
112
114
162
112
122
112
112
112
112
112
113
116
113
113
113
112
113
113
113
113
108
119
112
112
109
113
113
114
112
112
112
112
113
113
112
119
112
109
113
113
114
121
114
116
118
112
112
113
264
113
113
112
113
113
112
112
112
113
112
113
112
119
113
113
113
125
113
112
112
112
113
113
112
112
113
112
113
113
113
119
116
113
113
113
113
113
112
113
114
112
115
113
113
113
113
112
119
113
112
113
113
113
112
123
113
113
113
112
113
113
112
112
113
113
112
112
113
112
113
113
112
117
113
113
129
113
113
113
112
113
113
113
112
113
113
113
113
109
112
113
108
118
127
113
113
112
112
112
113
112
116
311
118
113
112
112
112
120
120
113
112
113
125
113
120
112
112
113
112
113
113
112
114
119
113
113
113
119
113
113
112
119
113
112
112
113
136
109
112
113
112
260
112
113
113
115
114
119
261
112
114
112
113
123
113
112
113
112
113
113
115
117
113
112
112
112
113
128
113
113
114
113
112
113
113
108
112
113
112
117
113
113
112
108
114
112
113
113
114
113
112
115
112
113
108
112
113
113
112
112
113
112
117
112
112
112
112
113
113
114
112
113
113
113
119
113
113
113
119
112
172
120
119
113
120
112
129
113
112
113
113
114
113
113
112
112
113
112
112
113
173
114
112
113
118
117
113
113
112
108
113
113
113
112
113
113
112
116
113
112
113
114
119
112
113
114
113
112
113
112
115
124
113
113
113
116
119
112
112
119
112
112
119
112
120
113
113
315
114
112
112
115
113
112
113
112
117
113
112
121
112
113
112
114
114
121
113
112
113
113
113
122
113
113
112
112
113
112
112
113
113
108
112
113
117
112
112
163
112
108
113
112
114
113
112
117
164
113
112
113
114
113
112
114
315
113
113
114
113
111
112
116
112
112
119
114
114
112
112
113
114
113
112
113
112
113
112
119
112
112
112
113
112
113
112
112
113
112
113
113
112
246
113
113
113
116
113
113
112
109
112
113
113
112
113
113
112
112
114
113
113
112
113
113
113
113
113
112
113
112
113
112
113
183
112
112
112
108
113
113
113
113
121
119
113
114
112
109
113
112
112
113
113
112
113
112
113
113
112
112
112
119
112
113
113
112
113
113
246
112
108
116
113
113
113
112
169
113
119
112
108
112
113
112
315
112
112
109
112
113
113
109
112
115
112
114
112
112
120
113
112
113
113
112
119
108
190
113
112
113
112
108
113
112
114
119
109
113
112
113
112
119
109
115
112
108
114
112
112
169
112
112
112
112
119
113
113
112
112
112
251
112
116
112
113
113
113
112
112
119
113
113
112
113
112
112
112
112
113
113
109
112
114
113
113
112
112
113
113
120
113
112
114
112
113
113
117
112
112
120
113
113
113
118
113
112
113
113
113
108
113
112
112
113
117
113
112
112
113
113
112
113
113
113
112
113
112
113
342
113
112
113
112
112
108
112
112
112
113
113
112
113
120
113
114
112
111
112
113
112
112
113
112
112
112
112
113
112
113
113
113
113
112
113
113
112
118
113
317
113
117
112
119
112
112
112
121
112
116
113
113
113
112
113
113
112
120
114
112
112
112
112
112
112
113
112
112
113
113
315
113
113
112
115
112
113
118
113
112
113
112
112
112
113
112
112
116
112
112
112
112
112
113
113
116
164
112
113
113
113
113
113
113
113
113
124
109
113
113
113
112
112
113
113
112
121
117
113
113
113
114
114
113
113
112
127
113
112
110
112
112
119
117
118
113
114
113
112
114
112
113
113
112
112
112
246
112
113
112
113
112
113
113
150
119
113
113
108
114
114
113
112
113
113
112
112
112
118
112
113
112
113
112
117
112
113
112
112
113
113
113
113
121
112
127
113
113
113
115
113
112
113
116
112
112
116
116
113
112
113
112
112
112
113
113
107
113
113
112
113
189
113
118
113
113
113
112
113
113
112
113
112
112
114
114
117
114
113
123
112
112
112
125
112
112
108
113
116
113
119
112
112
112
118
113
112
113
113
113
128
112
113
116
114
119
112
112
122
114
112
110
113
113
113
113
113
112
113
110
114
112
113
112
239
112
111
113
113
116
110
109
112
116
113
169
114
113
160
112
113
113
117
107
119
113
114
122
113
113
112
112
112
114
113
113
113
113
113
113
113
113
113
113
113
112
112
113
119
112
112
121
113
112
127
112
113
113
114
113
108
113
112
118
113
112
112
113
111
120
113
113
113
112
113
115
113
112
114
146
117
112
113
166
112
125
112
113
112
112
113
114
112
112
113
300
113
112
112
112
113
108
112
119
113
113
113
167
113
112
113
113
113
113
112
113
316
113
114
315
113
112
112
128
111
112
113
113
112
112
117
113
113
112
118
117
109
112
112
125
108
121
113
115
113
114
113
113
112
120
112
112
112
317
114
113
112
114
140
112
112
112
113
113
113
113
112
112
113
112
112
113
113
112
113
113
112
113
113
117
120
116
112
113
112
114
112
113
113
112
120
112
108
113
123
120
113
113
112
113
112
116
112
113
113
112
113
113
113
113
112
112
113
113
112
113
113
112
112
180
113
113
112
117
113
112
113
112
112
114
119
112
112
116
119
113
113
113
112
112
112
112
114
113
112
109
113
112
113
114
113
112
112
112
112
119
112
112
113
112
115
126
113
112
113
164
112
113
164
163
113
126
112
113
240
113
114
109
112
109
113
112
112
113
118
120
114
113
112
113
116
315
112
112
109
113
113
117
113
112
117
113
112
120
113
114
112
113
108
112
119
246
113
113
113
113
113
112
113
113
113
113
112
112
113
113
113
112
112
113
112
112
113
315
112
112
112
112
112
112
120
127
112
112
113
112
113
113
113
109
112
113
112
120
112
112
258
112
112
113
113
113
112
113
113
113
118
112
112
112
113
117
109
114
113
112
117
108
130
113
113
113
113
119
119
112
113
112
112
115
112
119
108
129
117
112
113
112
112
116
112
112
113
112
113
113
112
112
112
113
112
109
113
113
113
113
112
112
113
118
119
120
112
123
118
112
112
120
113
108
113
120
187
113
112
112
112
113
120
112
112
113
120
113
117
112
114
315
112
112
114
112
112
113
113
112
112
113
112
112
110
112
112
112
113
113
317
113
116
112
114
116
113
112
113
113
113
112
112
113
112
112
116
113
112
114
113
113
113
113
112
125
112
112
112
112
112
112
116
109
119
112
120
112
108
118
113
116
113
112
113
113
112
167
108
113
113
113
118
113
112
112
112
112
114
113
113
113
112
112
112
109
119
112
109
116
114
118
112
113
112
113
113
113
113
116
112
113
113
112
112
113
112
113
113
112
112
112
114
113
112
112
113
120
116
113
112
112
112
318
120
113
109
109
113
112
113
109
113
315
112
112
113
113
113
113
114
116
247
113
119
112
112
112
113
113
118
162
112
113
113
113
113
120
114
113
117
113
112
113
113
113
112
170
113
112
315
113
112
114
112
112
115
113
112
120
114
113
113
113
116
112
113
113
112
121
113
113
113
112
113
113
112
168
112
249
113
113
112
113
113
113
113
113
113
113
120
113
246
186
120
112
112
113
113
112
113
112
108
113
112
114
114
112
112
114
112
114
112
113
112
113
113
111
112
113
112
116
124
109
113
112
112
113
113
112
114
119
113
112
113
120
112
113
113
112
112
112
112
112
112
113
113
113
120
113
108
113
119
113
112
113
117
114
112
113
112
113
116
112
112
113
112
113
113
112
127
112
112
113
113
113
112
120
112
112
112
113
112
113
114
112
123
119
113
112
112
112
112
113
112
112
113
112
112
116
112
113
112
112
120
113
112
114
113
112
112
112
113
112
112
113
108
112
113
112
112
113
112
113
112
116
113
112
112
113
112
112
116
118
112
109
112
113
113
112
113
112
113
112
113
128
112
113
113
113
108
109
117
113
113
112
112
113
113
113
113
113
112
119
113
112
113
113
112
112
117
113
112
113
113
113
112
113
112
112
112
123
113
113
112
121
120
117
113
113
112
120
114
112
115
112
112
113
114
108
121
114
112
112
113
113
120
114
113
113
113
174
113
114
112
112
183
113
112
113
113
112
113
112
113
112
112
108
112
114
116
112
113
113
114
112
113
113
108
114
113
112
113
120
113
120
112
113
114
116
113
112
128
113
242
112
112
113
317
112
114
108
113
112
112
112
113
127
112
112
113
113
117
112
113
112
112
113
113
118
114
112
113
112
121
112
114
113
112
113
112
113
112
113
112
113
113
165
119
112
112
113
113
114
116
114
113
112
117
112
163
108
119
122
113
116
112
113
113
113
117
113
112
113
113
120
112
119
120
120
112
121
112
113
112
113
112
114
112
112
113
113
174
112
113
112
121
113
112
119
113
108
112
162
112
113
113
112
113
123
112
112
114
116
113
113
113
112
112
112
112
113
114
122
112
113
112
112
113
114
112
113
113
113
112
113
112
113
112
113
113
112
113
112
118
112
112
112
167
113
113
112
112
113
112
113
113
113
112
113
112
113
112
113
113
113
113
120
112
113
112
112
112
113
113
113
112
109
113
114
120
113
112
112
124
112
116
112
113
112
113
113
114
113
112
113
113
113
113
116
112
112
112
112
112
118
112
113
114
113
112
113
112
113
113
112
112
188
112
114
113
118
119
113
113
114
113
113
108
169
113
119
112
113
114
158
113
111
113
112
164
113
112
113
112
119
112
120
120
124
113
114
112
113
113
114
113
112
112
112
109
112
112
113
118
112
115
329
112
170
112
170
113
113
113
112
113
114
112
112
113
113
112
113
113
113
114
113
120
119
112
112
108
125
112
114
112
112
113
171
112
112
112
113
113
232
113
112
113
117
120
116
116
112
113
112
117
112
113
120
113
112
112
113
112
112
113
116
112
113
108
112
113
113
124
112
162
114
112
113
119
114
112
113
112
112
112
112
115
113
114
118
128
119
113
116
112
317
113
112
240
113
114
116
114
112
108
116
112
113
112
108
112
113
112
112
113
113
112
113
113
168
112
112
114
113
112
112
113
116
113
124
112
113
112
113
112
113
112
113
120
113
112
112
113
118
113
168
112
109
112
112
113
112
122
112
112
113
152
112
113
113
113
112
113
108
113
112
114
113
112
112
112
113
112
112
112
115
113
113
113
114
112
112
113
113
117
112
118
113
113
108
116
120
112
116
311
116
108
112
113
112
113
114
112
113
116
113
113
112
113
113
113
112
120
113
169
112
113
112
168
113
107
113
118
112
112
112
119
112
112
119
113
113
120
113
114
112
113
314
153
114
112
113
119
113
112
112
113
112
112
120
112
113
113
112
112
113
111
113
112
112
116
118
113
112
113
113
113
117
112
164
113
112
112
117
113
113
113
112
113
112
113
112
116
113
114
113
112
113
171
112
112
112
122
112
114
113
112
112
174
119
112
116
113
315
113
112
314
112
113
112
112
112
112
114
113
114
114
116
113
113
264
113
112
113
119
118
112
113
112
114
121
112
247
113
119
112
115
113
112
112
113
123
113
113
113
114
112
113
113
107
112
113
126
113
312
113
118
113
112
112
113
112
112
113
128
113
117
112
113
113
112
121
112
113
112
113
120
112
315
113
120
113
112
112
158
113
113
112
108
113
113
112
118
117
113
246
113
113
113
114
122
112
112
114
112
114
117
113
264
112
114
123
114
116
112
113
112
112
112
163
316
112
315
113
113
116
112
113
119
112
113
118
113
112
113
112
112
113
112
117
112
112
113
113
112
113
112
112
113
112
121
112
113
112
115
117
112
112
113
112
113
112
113
112
113
112
115
118
114
113
112
118
113
112
120
113
113
112
115
113
113
113
114
108
113
139
113
113
113
112
112
108
113
270
108
112
114
112
113
113
113
108
113
113
113
113
112
113
113
113
117
113
110
112
112
112
123
113
112
112
113
112
113
113
119
164
119
113
113
113
112
112
249
112
113
119
112
113
126
112
112
113
112
117
112
113
112
118
113
315
112
113
315
118
112
113
112
115
112
112
182
116
112
112
112
112
113
246
108
113
113
112
109
107
113
112
113
112
113
113
112
112
113
113
113
113
112
113
113
113
113
113
314
113
112
112
112
115
120
113
113
116
113
118
108
113
114
108
113
112
121
113
113
120
114
116
112
112
112
112
113
112
113
112
112
112
113
113
112
112
117
113
113
118
118
140
109
114
107
112
116
112
114
116
112
119
112
112
112
114
113
112
113
112
113
113
112
119
112
112
113
112
114
113
112
112
125
113
112
112
117
113
113
123
108
108
116
114
112
112
114
108
113
117
112
112
108
113
112
119
112
121
112
108
113
113
113
113
113
113
112
113
113
112
113
336
113
112
112
113
112
113
112
113
112
117
112
113
114
116
113
118
113
112
120
