1094
1105
1097
1096
1101
1093
1094
1095
1097
1098
1110
1096
1100
1100
1098
1096
1100
1099
1090
1197
1151
1141
1098
1151
1147
1153
1099
1140
1089
1098
1099
1094
1098
1166
1158
1097
1098
1116
1095
1094
1097
1091
1105
1096
1090
1096
1351
1097
1097
1143
1100
1097
1101
1096
1098
1119
1098
1134
1099
1099
1100
1098
1096
1096
1095
1093
1098
1095
1095
1101
1093
1786
1090
1100
1100
1113
1098
1095
1136
1186
1896
1099
1097
1097
1097
1191
1099
1093
1096
1099
1158
1140
1095
1098
1100
1092
1088
1094
1100
1096
1101
1099
1108
1094
1129
1105
1098
1151
1094
1188
1100
1098
1092
1089
1103
1094
1100
1140
1097
1101
1099
1099
1089
1099
1138
1098
1095
1093
1098
1095
1094
1115
1098
1112
1101
1094
1135
1174
1148
1096
1100
1097
1099
1100
1152
1151
1098
1097
1096
1094
1103
1098
1099
1101
1098
1148
1094
1137
1096
1098
1093
1094
1340
1158
1142
1097
1099
1097
1098
1097
1097
1099
1104
1202
1097
1151
1170
1096
1096
1095
1099
1100
1099
1094
1151
1098
1098
1158
1104
1142
1136
1092
1218
1097
1096
1135
1091
1100
1095
1116
1137
1104
1101
1093
1160
1099
1095
1101
1099
1100
1119
1110
1100
1095
1100
3171
1140
1100
1097
1095
1094
1094
1095
1101
1095
1095
1096
1101
1092
1096
1100
1150
1097
1088
1099
1854
1095
1095
1104
1095
1100
1098
1100
1150
1096
1136
1096
1138
1100
1093
1093
1099
1167
1094
1100
1148
1096
1097
1102
1155
1149
1096
1101
1095
1094
1138
1099
1104
1100
1096
1095
1097
1113
1096
1141
1095
1098
1101
1134
1132
1164
1165
1094
1137
1090
1101
1092
1100
1097
1096
1100
1153
1167
1100
1096
1098
1136
1095
1097
1139
1099
1094
1176
1096
1109
1098
1091
1097
1096
1099
1097
1138
1100
1102
1161
1100
1098
1099
1145
1100
1097
1101
1099
1098
1097
1129
1395
1097
1093
1100
1102
1163
1149
1136
1102
1097
1096
1105
1096
1095
1174
1146
1117
1097
1090
1103
1095
1100
1099
1098
1131
1099
1098
1099
1133
1095
1100
1096
1135
1094
1141
1096
1100
1104
1135
1093
1097
1107
1123
1146
1105
1096
1158
1096
1100
1156
1099
1097
1098
1139
1097
1095
1139
1099
1148
1137
1101
1145
1095
1184
1095
1094
1101
1095
1135
2225
1097
1095
1145
1098
1104
1101
1097
1136
1113
1096
1136
1091
1101
1099
1095
1128
1094
1100
1103
1097
1096
1098
1094
1094
1094
1685
1179
1095
1097
1122
1097
1098
1094
1092
1089
1095
1092
1092
1097
1095
1139
1146
1089
1157
1100
1103
1098
1096
1096
1095
1682
1096
1094
1096
1088
1093
1098
1158
1099
1097
1099
1131
1096
1099
1095
1093
1094
1098
1161
1093
1098
1097
1139
1097
1094
1098
1097
1097
1151
1098
1157
1169
1096
1102
1094
1096
1097
1099
1147
1140
1104
1118
1098
1090
1097
1099
1112
1092
1099
1099
1150
1101
1096
1098
1098
1096
1097
1154
1094
1100
1101
1100
1097
1092
1093
1098
1095
1145
1099
1099
1096
1098
1095
1101
1098
1176
1142
1093
1101
1182
1407
1097
1102
1858
1094
1092
1097
1098
1101
1164
1147
1097
1095
1097
1135
1100
1102
1152
1126
1095
1129
1094
1096
1095
1095
1094
1125
1093
1095
1160
1130
1098
1098
1099
1161
1095
1099
1098
1093
1167
1100
1097
1097
1093
1186
1122
1097
1099
1099
1099
1096
1121
1102
1093
1097
1096
1097
1146
1099
1094
1125
1096
1191
1095
1095
1098
1131
1104
1098
1101
1094
1097
1104
1093
1100
1098
1099
1095
1099
1172
1096
1154
1097
1100
1094
1098
1098
1097
1128
1162
1095
1097
1097
1094
1141
1100
1138
1136
1102
1092
1093
1098
1098
1119
1103
1099
1496
1099
1094
1100
1092
1098
1093
1096
1093
1173
1628
1100
1102
1099
1099
1095
1471
1097
1103
1094
1158
1098
1202
1097
1143
1139
1095
1099
1108
1096
1144
1141
1094
1097
1130
1555
1095
1093
1101
1103
1098
1095
1092
1098
1099
1093
1101
1095
1096
1095
1098
1098
1099
1098
1100
1164
1096
1096
1096
1098
1118
1128
1100
1134
2222
1096
1096
1111
1102
1097
1160
1094
1099
1101
1102
1095
1094
1098
1135
1134
1100
1092
1093
1099
1096
1186
1091
1104
1137
1096
1157
1138
1189
1099
1103
1099
1100
1095
1097
1099
1144
1132
1103
1159
1098
1098
1098
1101
1095
1095
1100
1158
1177
1094
1120
1099
1095
1104
1089
1135
1108
1096
1139
1127
1093
1094
1095
1089
1090
1133
1097
1094
1100
1167
1149
1100
1100
1092
1096
1101
1154
1092
1095
1096
1097
1107
1092
1095
1096
1093
1096
1107
1187
1098
1102
1093
1098
1097
1096
1098
1097
1097
1091
1096
1097
1104
1097
1088
1090
1095
1098
1098
1142
1155
1096
1096
1136
1099
1146
1123
1100
1100
1096
1133
1094
1100
1103
1098
1099
1129
1103
1137
1102
1100
1096
1092
1093
1095
1098
1095
1097
1100
1164
1140
1098
1094
1152
1094
1095
1096
1152
1094
1151
1095
1141
1191
1099
1146
1091
1095
1099
1097
1103
1097
1098
1096
1146
1096
1096
1117
1101
1190
1090
1097
1104
1097
1094
1100
1098
1095
1092
1096
1093
1096
1110
1124
1136
1099
1096
1139
1094
1093
1146
1100
1100
1094
1099
1134
1097
1143
1132
1138
1096
1094
1094
1100
1148
1096
1101
1097
1097
1098
1140
1140
1095
1098
1098
1097
1143
1631
1097
1095
1086
1096
1238
1096
1179
1144
1099
1138
1100
1100
1096
1099
1099
1098
1098
1106
1096
1162
1136
1138
1137
1130
1098
1098
1099
1143
1544
1096
1094
1156
1097
1097
1097
1147
1099
1146
1095
1098
1135
1174
1097
1095
1099
1152
1101
1096
1100
1150
1094
1103
1095
1095
1107
1101
1095
1103
1102
1153
1094
1095
1095
1140
1100
1093
1097
1096
1099
1095
1097
1095
1176
1144
1104
2042
1101
1157
1098
1136
1138
1093
1093
1105
1150
1097
1156
1101
1096
1097
1100
1098
1098
1121
1098
1169
1094
1098
1141
1098
1138
1149
1187
1098
1094
1096
1108
1129
1093
1100
1119
1138
1098
1158
1099
1098
1144
1096
1136
1095
1096
1139
1229
1097
1141
1096
1143
1092
1097
1098
1659
1094
1100
1293
1094
1097
1094
1092
2256
1137
1095
1094
1119
1093
1119
1094
1152
1096
1096
1099
1099
1093
1101
1143
1138
1094
1099
1097
1138
1118
1136
1094
1098
1127
1139
1099
1098
1096
1159
1095
1093
1095
1091
1095
1098
1095
1092
1094
1377
1140
1100
1096
1148
1095
1092
1095
1233
1095
1136
1101
1095
1094
1100
1113
1093
1101
1101
1103
1098
1102
1096
1095
1137
1095
1096
1101
1099
1095
1133
1145
1099
1093
1096
1128
1095
1100
1094
1099
1152
1094
1096
1096
1146
1101
1165
1094
1090
1098
1098
1094
1113
1095
1101
1096
1093
1094
1098
1099
1091
1117
1098
1096
1138
1096
1115
1097
1098
1094
1143
1096
1146
1149
1100
1099
1097
1101
1097
1094
1128
1138
1104
1116
1107
1107
1153
1153
1096
1097
1121
1096
1095
1099
1098
1139
1157
1097
1138
1096
1169
1101
1187
1097
1094
1137
1141
1099
1094
1092
1457
1099
1098
1100
1097
1097
1156
2872
1097
1101
1098
1095
1099
1154
1158
1095
1151
1103
1156
1096
1096
1117
1104
1088
1098
1133
1094
1095
1101
1098
1093
1162
1098
1142
1097
1097
1092
1267
1249
1102
1100
1099
1101
1097
1099
1095
1096
1104
1093
1096
1096
1100
1099
1159
1110
1101
1123
1099
1090
1131
1148
1095
1099
1149
1100
1133
1097
1099
1166
1099
1093
1094
1100
1149
1100
1092
1099
1095
1127
1099
1102
1099
1095
1142
1138
1152
1137
1160
1099
1137
1096
1093
1143
1094
1098
1142
1143
1088
1137
1145
1097
1099
1097
1098
1154
1102
1147
1091
1117
1141
1099
1098
1094
1094
1089
1098
1097
1098
1101
1094
1096
1097
1103
1094
1094
1101
1093
1100
1099
1150
1141
1092
1093
1096
1131
1099
1151
1139
1098
1096
1095
1168
1099
1095
1095
1094
1094
1097
1117
1094
1096
1101
1097
1096
1097
1147
1096
1101
1101
1095
1096
1102
1137
1098
1099
1109
1137
1099
1097
1101
1143
1098
1095
1114
1103
1142
1095
1099
1088
1140
1134
1094
1094
1093
1095
1106
1093
1096
1097
1156
1095
1162
1098
1102
1100
1094
1104
1127
1184
1092
1098
1099
1097
1171
1099
1102
1096
1096
1106
1098
1096
1099
1093
1097
1095
1096
1094
1135
1097
1099
1096
1100
1151
1135
1101
1098
1096
1099
1097
1098
1163
1094
1099
1185
1114
1095
1157
1119
1101
1101
1094
1102
1100
1094
1098
1103
1105
1094
1098
1096
1095
1100
1094
1099
1156
1094
1100
1095
1093
2065
1096
1111
1105
1095
1100
1098
1163
1472
1099
1095
1101
1100
1098
1095
1160
1096
1094
1095
1114
1777
1096
1088
1096
1101
1097
1100
1100
1140
1098
1099
1097
1544
1114
1100
1101
1096
1156
1097
1093
1100
1101
1099
1096
1094
1158
1104
1096
1111
1100
1103
1091
1151
1092
1095
1094
1095
1104
1095
1098
1094
1101
1097
1094
1848
1093
1106
1099
1097
1309
1099
1138
1105
1098
1117
1106
1093
1095
1127
1149
1098
1100
1098
1104
1092
1097
1105
1100
1141
1098
1093
1094
1158
1149
1096
1096
1100
1089
1097
1120
1175
1161
1164
1176
1097
1095
1135
1095
1099
1138
1504
1117
1098
1150
1118
1149
1100
1095
1117
1144
1099
1100
1100
1122
1134
1142
1094
1094
1095
1145
1097
1099
1179
1146
1097
1099
1101
1099
1445
1143
1097
1096
1101
1098
1111
1173
1096
1092
1122
1094
1094
1096
1095
1157
1097
1092
1104
1092
1099
1154
1108
1099
1098
1098
1099
1092
1103
1098
1151
1099
1099
1099
1136
1089
1095
1094
1096
1136
1094
1095
1108
1182
1098
1097
1182
1100
1101
1095
1140
1099
1121
1099
1098
1094
1100
1091
1149
1101
1101
1102
1146
1101
1144
1094
1105
1100
1100
1127
1099
1099
1099
1097
1159
1140
1098
1095
1097
1098
1096
1099
1133
1099
1098
1137
1119
1093
1093
1094
1143
1103
1092
1100
1182
1100
1132
1095
1093
1128
1093
1464
1101
1097
1105
1139
1097
1098
1448
1095
1098
1097
1170
1095
1098
1098
1096
1098
1102
1106
1089
1146
1095
1089
1103
1096
1097
1136
1097
1131
1144
1100
1098
1096
1098
1142
1095
1087
1094
1103
1093
1099
1098
1096
1173
1098
1102
1143
1101
1140
1094
1112
1136
1144
1147
1127
1103
1137
1092
1098
1096
1138
1096
1097
1096
1099
1101
1140
1098
1160
1135
1096
1102
1141
1099
1101
1122
1097
1097
1098
1117
1095
1118
1140
1100
1097
1094
1147
1096
1093
1100
1100
1099
1095
1099
1104
1096
1102
1103
1100
1172
1098
1131
1127
1145
1098
1094
1143
1098
1105
1112
1092
1095
1093
1095
1209
1093
1188
1093
1098
1095
1099
1098
1093
1141
1137
1136
1096
1104
1104
1097
1159
1148
1095
1095
1089
1095
1090
1099
1832
1096
1160
1099
1095
1098
1098
1096
1092
1110
1179
1105
1098
1189
1096
1101
1093
1099
1103
1095
1139
1094
1095
1099
1096
1094
1094
1094
1118
1104
1098
1103
1134
1094
1136
1108
1099
1146
1095
1140
1099
1100
1141
1152
1148
1096
1096
1100
1095
1101
1151
1116
1101
1138
1096
1145
1144
1099
1099
1099
1138
1100
1097
1094
1139
1093
1099
1093
1098
1098
1095
1092
1093
1088
1093
1099
1099
1104
1091
1169
1094
1159
1098
1137
1105
1096
1128
1099
1098
1101
1096
1150
1095
1096
1105
1113
1089
1089
1094
1100
1096
1099
1135
1100
1099
1101
1100
1142
1096
1154
1094
1105
1093
1095
1099
1095
1092
1093
1163
1096
1101
1148
1095
1093
1108
1416
2778
1099
2123
1129
1096
1101
1162
1092
1096
1163
1100
1097
1095
1129
1099
1101
1095
1098
1145
1137
1100
1097
1095
1104
1096
1129
1092
1102
1098
1134
1098
1142
1118
1153
1094
1139
1097
1096
1137
1099
1095
1095
1096
1095
1149
1096
1097
1101
1093
1094
1097
1097
1174
1096
1098
1095
1175
1101
1132
1130
1097
1093
1094
1134
1090
1094
1096
1100
1095
1096
1096
1093
1130
1094
1098
1095
1148
1100
1099
1098
1096
1098
1093
1103
1417
1094
1131
1106
1099
1150
1105
1145
1097
1105
1527
1096
1091
1095
1100
1137
1095
1149
1094
1089
1097
1111
1093
1099
1096
1100
1166
1284
1145
1149
1157
1094
1116
1094
1098
1094
1092
1095
1100
1099
1141
1102
1094
1096
1116
1101
1183
1142
1091
1131
1100
1095
1101
1152
1098
1090
1095
1099
1163
1096
1099
1100
1093
1161
1099
1125
1101
1093
1101
1196
1094
1099
1101
1098
1093
1137
1100
1131
1138
1150
1094
1099
1098
1097
1101
1094
1093
1096
1099
1184
1108
1093
1106
1157
1140
1096
1098
1097
1100
1123
1863
1151
1101
1106
1099
1102
1098
1152
1105
1093
1091
1097
1100
1101
1165
1100
1099
1086
1089
1097
1099
1100
1096
1096
1096
1142
1098
1102
1098
1099
1098
1159
1094
1098
1123
1099
1098
1108
1136
1565
1137
1133
1096
1135
1094
1095
1099
1096
1094
1098
1096
1098
1094
1094
1095
1098
1171
1100
1156
1095
1103
1096
1096
1102
1095
1095
1086
1093
1098
1085
1142
1093
1124
1097
1097
1100
1099
1099
1100
1093
1097
1099
1093
1095
1097
1096
1099
1098
1101
1091
1140
1093
1096
1093
1089
1094
1098
1100
1101
1105
1100
1139
1095
1096
1101
1105
1127
1091
1100
1097
1091
1177
1110
1099
1115
1105
1125
1103
1134
1136
1115
1095
1099
1097
1093
1136
1134
1103
1095
1166
1095
1141
1097
1098
1097
1136
1098
1101
1097
1097
1097
1096
1103
1148
1162
1094
1102
1139
1095
1142
1100
1098
1142
1097
1095
1093
1135
1092
1093
1099
1094
1100
1105
1096
1093
1152
1095
1100
1097
1101
1101
1100
1095
1092
1101
1098
1100
1097
1111
1097
1098
1096
1095
1097
1101
1094
1099
1099
1155
1095
1092
1101
1089
1099
1096
1099
1107
1099
1100
1094
1098
1098
1096
1139
1098
1097
1153
1101
1096
1124
1869
1168
1158
1097
1109
1102
1150
1102
1131
1143
1097
1100
1097
1099
1098
1101
1143
1142
1134
1100
1132
1098
1100
1099
1094
1097
1161
1101
1091
1099
1098
1100
1095
1097
1099
1093
1098
1097
1102
1128
1098
1101
1093
1097
1128
1098
1102
1098
1096
1096
1100
1136
1168
1138
1100
1784
1095
1099
1148
1095
1136
1136
1099
1095
1094
1136
1098
2209
1101
1184
1099
1096
1100
1096
1097
1095
1089
1092
1093
1094
1095
1098
1144
1096
2514
1099
1099
1107
1130
1150
2465
1093
1135
1095
1094
1140
1097
1145
1095
1158
1096
1095
1093
1096
1091
1411
2114
1102
1155
1105
1093
1145
1103
1095
1097
1151
1097
1158
1139
1097
1099
1137
1166
1098
1098
1089
1179
1089
1100
1093
1795
1137
1135
1107
1097
1098
1143
1095
1144
1093
1100
1103
1092
1094
1099
1161
1100
1109
1102
1097
1142
1117
1138
1089
1102
1098
1095
1115
1143
1090
1102
1095
1099
1099
1099
1092
1094
1097
1100
1093
1143
1098
1100
1096
1140
1099
1098
1140
1095
1098
1099
1098
1095
1135
1145
1127
1100
1106
1134
1097
1099
1093
1095
1098
1715
1089
1105
1148
1138
1139
1101
1128
1135
1095
1092
1095
1139
1142
1146
1097
1846
1091
1133
1099
1131
1099
1103
1101
1099
1099
1096
1095
1096
1148
1093
1101
1096
1098
1097
1099
1098
1133
1093
1097
1096
1091
1121
1156
1093
1100
1093
1136
1094
1095
1100
1099
1147
1093
1121
1161
1097
1144
1098
1097
1099
1098
1101
1097
1100
1142
1092
1099
1093
1096
1095
1094
1101
1095
1096
1092
1134
1097
1094
1096
1091
1102
1093
1131
1099
1144
1097
1110
1139
1105
1104
1100
1138
1137
1128
1135
1097
1093
1134
1098
1095
1096
1092
1094
1100
1097
1096
1148
1098
1098
1157
1099
1134
1097
1147
1097
1092
1108
1095
1098
1102
1155
1178
1147
1142
1099
1096
1146
1172
1100
1102
1097
1100
1235
1099
1096
1158
1096
1093
1094
1100
1101
1098
1094
1097
1099
1098
1093
1102
1096
1175
1096
1099
1101
1094
1092
1125
1094
1095
1097
1108
1105
1098
1100
1152
1092
1097
1149
1096
1099
1633
1096
1111
1096
1166
1135
1142
1095
1096
1151
1172
1098
1096
1099
1090
1089
1094
1143
1100
1136
1095
1093
1098
1095
1099
1096
1100
1105
1099
1094
1149
1096
1093
1099
1099
1107
1095
1100
1100
1097
1150
1097
1151
1134
1098
1093
1097
1149
1131
1091
1157
1100
2721
1097
1093
1152
1096
1099
1103
1095
1104
1097
1100
1098
1096
1099
1100
1136
1095
1122
1105
1100
1109
1100
1094
1095
1096
1100
1094
1107
1096
1099
1140
1093
1100
1101
1112
1093
1095
1100
1093
1095
1093
1171
1095
1099
1099
1099
1476
1136
1094
1131
1094
1151
1138
1097
1094
1095
1100
1097
1097
1106
1098
1179
1166
1170
1099
1099
1139
1094
1117
1095
1148
1123
1095
1101
1098
1096
1096
1153
1094
1100
1099
1100
1097
1100
1155
1100
1097
1094
1090
1095
1100
1096
1095
1102
1099
1140
1182
1099
1136
1095
1098
1096
1147
1158
1095
1185
1106
1113
1098
1100
1094
1104
1101
1102
1148
1101
1104
1098
1099
1155
1166
1152
1146
1099
1096
1098
1140
1096
1140
1134
1099
1141
1095
1094
1098
1095
1107
1098
1093
1095
1109
1101
1098
1098
1093
1094
1095
1097
1146
1101
1094
1093
1101
1117
1157
1247
1092
1096
1132
1094
1094
1097
1137
1253
1098
1141
1136
1096
1108
1099
1133
2400
1099
1097
1156
1098
1303
1143
1101
1095
1174
1140
1118
1094
1153
1105
1093
1105
1096
1094
1098
1094
1099
1094
1101
1099
1095
1096
1096
1093
1099
1100
1126
1096
1093
1094
1096
1097
1150
1098
1112
1095
1100
1092
1142
1143
1170
1099
1150
1099
1090
1139
1096
1096
1095
1098
1096
1095
1123
1707
1099
1097
1094
1093
1133
1101
1099
1098
1106
1100
1096
1137
1135
1098
1096
1137
1094
1095
1094
1138
1146
1100
1094
1138
1817
1143
1105
1099
1100
1096
1095
1107
1098
1089
1096
1096
1097
1095
1264
1160
1089
1095
1092
1133
1135
1098
1094
1175
1144
1097
1204
1099
1154
1104
1097
1098
1892
1296
1097
1095
1156
1090
1143
1101
1098
1157
1092
1096
1108
2082
1098
1095
1096
1095
1101
1097
1097
1095
1098
2033
1092
1141
1090
1097
1094
1095
1122
1096
1155
1097
1101
1153
1097
1092
1099
1095
1100
1098
1154
1095
1093
1094
1104
1098
1099
1095
1099
1577
1140
1122
1096
1098
1119
1097
1093
1090
1098
1097
1096
1406
1145
1100
1132
1096
1094
1097
1098
1098
1146
1118
1172
1095
1096
1096
1097
1094
1103
1098
1099
1095
1138
1156
1099
1097
1194
1094
1096
1105
1094
1098
1089
1094
1122
1095
1099
1103
1137
1096
1095
1096
1099
1099
1097
1095
1114
1097
1095
1131
1107
1096
1100
1092
1090
1101
1102
1095
1097
1094
1093
1119
1097
1097
1094
1099
1093
1097
1098
1151
1095
1098
1101
1105
1140
1135
1097
1098
1097
1133
1094
1181
1096
1135
1133
1101
1186
1098
1135
1099
1136
1097
1108
1093
1095
1141
1095
1102
1103
1102
1140
1095
1092
1098
1098
1134
1097
1164
1095
1097
1099
1100
1100
1143
1097
1152
1102
1095
1120
1099
1179
1142
1123
1094
1099
1093
1095
1163
1144
1135
1097
1094
1103
1096
1094
1091
1100
1772
1099
1122
1095
1098
1099
1125
1096
1095
1098
1095
1141
1099
1095
1096
1098
1092
1093
1094
1097
1095
1120
1150
1157
1095
1141
1098
1097
1094
1100
1096
1160
1095
1145
1100
1142
1098
1094
1144
1097
1142
1102
1171
1099
1108
1099
1095
1092
1102
1102
1101
1094
1093
1099
1132
1102
1174
1095
1098
1098
1174
1098
1099
1096
1133
1147
1098
1096
1154
1094
1096
1098
1102
1096
1099
1096
1097
1096
1100
1096
1099
1101
1097
1142
1117
1097
1141
1094
1095
1097
1096
1094
1101
1143
1154
1097
1096
1136
1142
1100
1125
1140
1094
1098
1095
1095
1101
1104
1099
1104
1094
1101
1142
1097
1138
1097
1094
1091
1096
1101
1099
1100
1093
1099
1097
1127
1099
1100
1098
1107
1094
1100
1096
1100
1094
1099
1091
1134
1097
1151
1098
1101
1096
1110
1098
1154
1098
1097
1103
1099
1096
1102
1091
1096
1099
1134
1100
1143
1137
1105
1099
1097
1150
1095
1089
1100
1106
1137
1092
1095
1139
1097
1094
1163
1095
1099
1137
1096
1099
1094
1098
1094
1093
1094
1094
1998
1098
1103
1172
1099
1096
1100
1099
1098
1100
1098
1097
1095
1141
1098
1095
1128
1092
1092
1096
1100
1100
1100
1124
1147
1097
1095
1101
1102
1097
1095
1098
1107
1098
1095
1099
1102
1098
1164
1144
1141
1137
1098
1097
1099
1100
1150
1094
1101
1096
1095
1101
1095
1094
1099
1096
1098
1099
1098
1110
1098
1100
1119
1097
1167
1100
1094
1097
1097
1094
1092
1161
1093
1093
1093
1133
1097
1101
1098
1101
1094
1095
1098
1097
1093
1099
1122
1092
1100
1095
1097
1097
1130
1095
1089
1098
1597
1100
1092
1100
1143
1097
1102
1099
1090
1138
1099
1121
1094
1095
1106
1101
1140
1106
1151
1120
1095
1105
1097
1095
1095
1098
1099
1097
1101
1155
1101
1098
1115
1098
1102
1105
1096
1138
1155
1171
1103
1099
1101
1098
1748
1100
1093
1095
1862
1100
1095
1097
1171
1098
1099
1097
1133
1100
1137
1148
1103
1154
1095
1103
1183
1102
1101
1095
1096
1094
1130
1093
1098
1149
1138
1104
1097
1094
1099
1100
1104
1135
1151
1096
1093
1121
1101
1097
1099
1134
1099
1142
1127
1302
1108
1137
1095
1101
1143
1098
1094
1134
1099
1095
1094
1094
1096
1095
1141
1098
1102
1157
1098
1145
1177
1422
1099
1098
1099
1100
1099
1101
1099
1097
1089
1097
1152
1098
1097
1097
1105
1099
1315
1094
1094
1101
1140
1095
1174
1096
1126
1098
1096
1099
1100
1093
1096
1158
1097
1346
1099
1125
1099
1094
1089
1149
1090
1099
1093
1135
1134
1097
1094
1144
1170
1097
1097
1094
1139
1404
1098
1096
1687
1099
1091
1098
1144
1096
1097
1096
1159
1099
1099
1100
1127
1099
1094
1105
1106
1144
1098
1098
1132
1098
1094
1092
1099
1093
1088
1107
1150
1103
1104
1096
1099
1098
1099
1095
1108
1101
1094
1109
1097
1101
1093
1096
1131
1098
1180
1095
1098
1099
1097
1096
1131
1096
1096
1135
1574
1148
1098
1092
1094
1099
1098
1093
1093
1141
1101
1154
1100
1094
1096
1100
1096
1097
1097
1097
1098
1098
1098
1150
1099
1087
1101
1398
1162
1129
1560
1133
1139
1137
1095
1097
1138
1099
1110
1136
1130
1093
1176
1137
1097
1145
1122
1143
1166
1097
1095
1133
1091
1100
1096
1325
1099
1137
1100
1092
1097
1099
1147
1141
1097
1088
1140
1092
1097
1096
1101
1135
1093
1094
1099
1088
1140
1099
1095
1150
1402
1093
1173
1144
1091
1096
1174
1100
1096
1088
1136
1101
1098
1098
1098
1097
1094
1100
1096
1099
1097
1103
1104
1115
1098
1093
1099
1097
1128
1096
1097
1095
1101
1096
1100
1138
1089
1122
1195
1169
1093
1095
1102
1147
1097
1095
1094
1095
1094
1141
1094
1099
1092
1093
1097
1095
1096
1094
1096
1102
1103
1096
1096
1147
1096
1104
1098
1096
1096
1090
1095
1099
1095
1095
1141
1158
1100
1096
1132
1096
1097
1094
1148
1153
1153
1097
1107
1092
1097
1101
1098
1092
1093
1117
1101
1096
1097
1099
1090
1093
1134
1096
1095
1101
1097
1117
1098
1136
1096
1103
1139
1135
1095
1106
1149
1140
1094
1142
1097
1095
1138
1098
1099
1139
1099
1099
1103
1136
1096
1095
1098
1095
1097
1100
1187
1101
1097
1180
1139
1097
1097
1141
1156
1102
1097
1097
1099
1093
1097
1096
1775
1093
1099
1094
1097
1106
1099
1095
1096
1141
1132
1096
1777
1097
1097
1095
1105
1099
1153
1118
1097
1103
1102
1143
1099
1097
1094
1100
1095
1100
1095
1130
1098
1158
1097
1098
1116
1153
1112
1084
1098
1098
1442
1138
1098
1089
1096
1094
1098
1165
1115
1106
1096
1089
1095
1094
1095
1107
