692
433
420
419
419
420
444
443
419
429
419
419
419
1111
423
429
423
850
955
425
419
422
424
430
428
419
429
420
423
426
419
419
419
476
422
419
427
419
426
419
420
420
419
420
426
419
419
419
424
419
432
424
471
419
424
1162
422
419
419
424
419
472
419
419
418
473
426
471
418
421
423
425
419
419
419
427
431
419
420
419
419
423
428
419
434
432
423
419
420
423
493
419
419
475
419
501
465
468
419
426
422
430
420
429
419
436
420
431
419
419
419
420
420
425
426
423
419
419
424
425
428
425
423
419
419
627
424
425
420
445
469
488
419
474
419
428
478
419
429
953
420
422
426
418
423
594
561
474
475
428
419
419
425
424
419
422
422
418
419
422
419
419
420
424
426
422
423
419
420
419
468
429
430
428
420
424
471
419
418
420
419
419
428
427
419
423
419
420
424
423
419
429
425
419
472
469
429
420
424
473
420
420
429
422
425
428
427
426
422
420
419
422
423
419
418
421
473
420
423
419
418
419
423
424
420
419
425
483
419
694
475
419
473
426
426
428
419
422
424
429
428
419
478
423
420
419
418
428
419
419
424
423
424
428
419
423
422
429
1152
422
425
419
419
422
419
419
473
463
500
419
425
419
418
419
472
424
419
423
419
423
419
423
419
418
433
428
420
420
420
422
429
470
428
473
431
419
419
424
419
424
419
425
454
431
425
420
429
419
423
424
424
425
426
419
472
422
422
418
423
425
419
420
420
472
419
423
426
418
425
422
420
426
954
422
423
420
425
423
423
429
426
419
963
418
423
422
470
419
425
419
419
422
423
419
419
421
420
419
419
438
419
509
419
423
420
419
475
422
419
428
419
419
419
423
426
426
419
419
426
419
419
419
427
419
423
425
419
419
419
420
418
420
427
429
428
419
420
418
419
428
423
429
423
428
419
428
424
419
419
422
428
480
424
431
428
419
419
428
425
425
419
422
478
419
429
423
418
422
425
427
419
724
419
433
423
420
425
471
422
419
428
418
418
418
423
419
429
419
426
427
419
419
423
420
420
419
426
419
425
442
418
420
419
430
426
419
423
472
455
419
426
421
445
423
423
418
426
426
425
418
427
419
419
418
419
419
1028
423
429
423
422
422
419
437
424
469
430
419
424
425
425
423
419
420
419
419
423
419
419
430
423
419
419
426
423
420
418
420
420
422
423
423
419
422
427
425
427
424
425
419
428
419
422
431
419
425
426
428
419
428
419
1022
418
426
425
423
422
420
419
423
425
419
423
419
419
419
425
422
419
425
423
419
418
425
419
429
419
425
419
419
471
422
423
429
418
475
422
419
444
429
422
419
419
475
419
419
424
419
419
419
423
418
419
422
425
430
418
434
427
419
420
423
419
423
419
419
425
475
419
479
420
419
419
422
426
729
425
424
427
472
420
473
425
477
419
474
431
420
425
426
419
422
1140
419
440
746
419
1052
430
422
420
419
419
426
418
440
426
425
428
426
475
423
419
419
427
425
419
422
419
419
424
423
418
425
483
434
421
419
419
420
428
419
478
419
420
422
425
805
419
422
423
419
424
422
425
425
474
423
424
420
419
419
419
469
424
423
419
419
419
425
419
419
419
428
419
424
424
503
422
427
419
419
420
419
431
426
426
427
419
1122
419
423
419
419
419
418
430
419
419
502
427
427
420
430
419
424
425
418
418
433
422
480
425
423
426
428
419
423
478
419
419
423
423
420
423
423
419
425
1215
481
419
424
427
419
419
419
423
832
419
432
427
430
425
462
419
419
423
423
419
425
531
419
418
429
419
426
419
425
426
430
510
422
425
503
423
423
425
429
471
419
418
428
419
425
418
419
427
419
419
419
419
464
419
1223
426
419
420
423
425
419
419
422
422
419
419
427
501
431
419
425
419
426
419
419
429
419
419
428
427
423
423
420
432
431
425
419
427
425
421
428
419
419
422
499
419
429
419
425
419
425
428
419
461
469
419
429
425
419
420
419
419
419
419
425
419
422
423
419
426
419
425
420
460
422
419
418
426
423
426
419
422
459
952
470
418
422
428
419
424
495
427
465
424
462
418
428
423
419
419
425
428
435
419
435
419
420
475
419
419
418
419
661
420
419
419
418
429
419
419
472
427
422
425
423
425
423
430
468
420
430
419
463
419
419
424
839
426
483
419
469
419
420
474
423
428
419
419
430
419
419
419
425
418
420
419
425
424
425
423
423
419
429
424
422
420
428
426
476
426
418
419
419
426
423
470
419
423
418
428
474
420
419
419
419
425
419
419
430
419
424
419
419
429
419
423
471
423
426
423
425
426
514
422
430
422
419
419
419
423
419
426
429
419
419
423
423
423
423
425
423
423
419
419
429
426
419
419
1224
441
419
425
420
419
425
422
428
425
419
419
419
430
423
427
427
419
432
442
419
418
423
426
431
429
423
423
419
453
425
425
419
419
422
429
420
425
419
428
429
460
441
419
419
419
424
429
423
425
1204
423
423
426
468
420
425
419
423
425
425
498
439
419
427
435
422
419
428
419
423
426
420
427
426
419
428
419
423
426
419
427
423
419
426
419
425
429
424
426
429
419
425
419
427
423
424
425
419
419
419
484
423
426
419
429
422
426
419
428
422
424
428
419
419
419
419
419
423
430
419
427
425
426
426
425
427
419
420
419
419
429
425
425
426
432
423
419
425
426
423
475
427
427
423
424
419
426
419
419
419
419
419
420
419
422
419
419
426
421
425
425
422
429
425
479
419
419
420
423
420
429
428
423
426
429
421
544
471
430
423
420
424
419
418
425
419
419
423
419
425
436
422
422
428
426
419
418
429
419
430
419
424
423
419
431
425
430
419
419
423
426
419
430
468
418
496
426
419
419
496
420
419
419
600
419
419
420
419
419
425
479
436
419
419
419
419
419
419
419
423
443
419
424
419
424
431
419
437
422
423
427
418
425
425
426
426
423
475
471
419
419
429
419
425
425
418
419
419
419
426
423
418
427
481
425
489
419
422
423
419
419
884
426
425
428
419
426
470
422
425
419
419
419
426
419
419
426
419
419
419
672
419
422
420
429
423
422
426
429
423
420
420
478
426
422
467
419
425
431
421
423
421
423
425
419
419
419
423
423
419
419
425
426
419
420
419
424
419
423
426
419
419
422
474
802
421
419
424
420
424
419
419
423
426
424
420
420
419
419
419
419
420
418
430
419
426
419
418
424
428
419
954
425
419
419
422
423
474
427
423
426
419
418
423
418
426
426
423
419
423
420
431
419
419
425
420
429
423
424
419
419
419
1219
419
423
419
425
419
424
419
423
426
428
664
424
420
419
430
425
423
419
419
425
419
427
428
420
425
428
424
429
419
420
473
419
426
419
424
423
419
429
469
423
425
419
419
434
419
419
420
422
419
589
419
424
418
419
419
423
426
423
419
419
430
420
430
420
419
504
426
419
419
418
419
419
418
426
427
418
419
423
419
420
420
426
420
419
423
423
1017
419
419
425
426
429
419
419
429
419
419
419
420
419
419
420
474
424
418
427
425
420
419
423
419
955
423
421
423
429
422
420
424
468
420
422
419
474
427
422
419
419
423
425
419
420
429
419
419
419
424
419
419
425
422
419
420
421
426
419
433
422
425
427
425
421
418
419
418
419
426
432
420
426
426
452
427
426
419
428
427
418
424
430
427
423
418
423
420
426
419
419
425
419
419
422
425
419
429
428
422
419
422
424
433
426
419
426
428
425
430
419
419
429
425
419
420
419
419
419
422
419
430
463
425
426
426
472
427
422
423
419
422
425
419
423
419
428
423
427
425
419
426
426
419
426
420
425
419
432
421
426
429
429
422
426
420
492
422
426
430
426
426
419
474
474
419
419
426
426
627
419
423
424
479
419
426
432
495
421
424
418
425
426
425
425
427
419
418
419
420
423
423
429
422
426
422
426
419
422
418
427
427
426
458
420
418
425
419
419
419
420
428
468
422
426
425
419
428
425
428
419
424
419
422
423
1225
424
423
422
423
419
426
424
429
419
419
472
419
419
419
472
429
427
420
423
425
420
419
427
419
425
421
425
419
469
419
471
423
423
422
429
419
424
426
418
419
426
419
420
418
422
423
419
425
462
472
429
428
423
419
422
423
419
425
422
418
500
418
455
419
478
419
423
419
428
419
419
424
420
419
439
418
419
418
420
419
1118
425
419
419
419
423
426
469
420
419
423
418
427
420
423
419
477
423
426
420
493
426
429
419
419
896
420
423
423
639
419
419
419
426
429
423
419
419
419
473
423
433
419
424
419
471
422
472
419
420
419
425
425
433
423
429
419
419
424
422
419
423
428
425
420
423
424
419
419
428
423
420
427
425
423
419
419
419
419
423
426
422
424
1026
427
424
419
620
419
419
418
419
419
418
423
420
420
470
419
419
748
429
419
490
419
419
452
429
419
419
426
419
451
419
422
419
427
424
426
423
419
419
430
493
419
421
422
425
419
420
419
425
419
419
427
473
425
418
425
419
426
419
428
460
420
431
419
419
428
419
431
419
419
419
419
468
426
419
427
424
431
424
428
429
433
419
419
427
427
423
423
427
425
428
419
427
419
419
419
419
424
424
419
419
426
426
438
419
426
420
425
419
427
425
419
430
429
419
426
425
419
419
419
425
420
425
419
419
423
420
419
425
419
475
425
419
420
492
418
422
425
429
425
422
419
425
425
419
427
1147
421
425
419
425
425
422
420
423
425
419
419
419
419
494
423
420
419
427
419
492
419
419
425
420
426
419
426
418
429
424
419
419
425
423
493
420
424
420
420
423
423
419
418
480
423
419
432
419
428
428
430
425
426
419
422
426
430
420
422
449
419
442
474
491
426
419
425
424
419
423
422
423
421
419
419
507
420
426
442
425
426
427
475
422
424
429
419
1139
423
433
419
468
425
424
419
425
421
427
426
468
424
432
419
424
419
429
428
419
418
418
419
420
419
419
422
426
419
427
423
470
475
419
423
418
425
423
424
418
419
419
422
420
419
423
419
429
425
427
426
467
425
419
419
428
488
426
419
418
419
419
430
498
418
471
424
423
428
420
419
423
427
481
426
452
419
418
426
437
419
426
419
419
426
424
426
419
419
429
419
488
419
422
419
423
476
420
419
423
424
419
424
565
428
426
419
422
420
426
426
419
420
419
423
426
419
419
421
419
419
423
423
419
419
423
425
429
419
419
427
418
423
429
426
419
423
427
419
419
419
431
419
419
426
419
419
425
420
419
430
420
419
428
425
553
426
427
426
425
471
474
428
501
422
419
422
420
428
422
430
426
418
426
427
435
426
426
419
418
419
424
426
430
418
420
424
426
429
426
419
426
470
428
419
419
425
418
419
425
426
419
418
627
419
419
419
420
419
425
625
426
438
467
419
427
420
602
425
422
427
427
419
426
430
424
419
465
419
423
473
419
419
429
425
419
425
426
426
419
418
423
485
422
422
424
419
419
419
419
477
430
422
419
419
423
473
426
419
425
420
475
419
479
425
419
418
419
419
423
426
426
422
419
419
427
429
419
420
424
424
487
422
421
426
419
419
422
419
419
419
426
427
419
425
474
419
419
425
419
420
420
426
422
418
424
426
419
419
420
426
478
423
1206
419
429
419
419
419
418
443
425
527
426
951
423
419
424
420
419
429
425
419
430
422
419
428
425
425
424
419
422
424
419
419
419
924
430
419
425
420
420
423
419
420
426
423
426
419
477
419
470
425
420
419
424
425
424
419
420
419
426
419
419
419
426
424
419
419
421
419
419
419
419
419
427
419
426
419
419
1231
431
426
419
425
480
423
467
419
419
420
419
420
425
419
428
419
425
466
420
430
429
424
419
419
422
435
419
478
467
944
419
425
419
420
419
419
427
419
419
420
420
419
419
425
424
426
426
456
427
473
419
419
419
427
429
419
429
425
425
424
867
419
424
489
419
419
425
425
419
425
419
419
419
472
466
420
426
420
419
470
419
425
424
452
422
490
423
428
424
429
429
430
422
464
419
420
419
425
419
423
418
474
426
426
423
462
419
419
471
419
419
423
423
508
427
419
476
419
419
427
425
419
425
419
419
423
423
426
453
422
419
419
419
426
427
426
422
422
419
423
418
423
419
419
426
419
419
419
419
430
419
424
427
419
430
423
425
433
419
470
422
431
419
426
425
1218
438
419
418
427
424
419
419
424
419
419
422
419
422
419
427
424
419
423
423
419
420
473
418
430
426
418
473
419
423
427
426
426
420
425
418
420
426
420
434
419
430
419
419
427
421
426
419
418
419
423
419
419
425
419
419
419
475
418
419
419
419
424
419
419
419
418
419
465
428
419
493
426
421
426
420
419
421
420
425
427
424
468
419
420
468
426
418
425
419
419
428
419
427
432
424
424
419
424
428
419
419
419
419
419
419
419
419
429
419
421
422
419
419
436
419
431
419
426
429
419
425
419
420
419
419
426
419
423
419
424
421
419
419
427
418
425
425
419
429
423
430
425
422
419
419
419
422
424
428
418
423
422
423
422
433
419
423
423
419
432
430
423
426
429
418
419
419
423
419
422
428
472
419
429
419
1232
419
419
428
427
423
418
1225
422
429
420
422
426
419
419
418
423
425
426
419
425
419
418
481
419
430
418
426
419
419
479
420
419
489
423
429
425
427
425
420
425
419
425
419
419
423
423
419
419
426
426
419
423
419
419
419
421
419
420
423
423
422
419
419
419
419
422
418
419
427
422
419
419
419
422
419
428
425
426
423
419
430
425
428
429
419
419
429
423
426
423
425
425
475
425
478
419
418
418
429
507
426
418
483
425
419
426
423
426
419
426
419
431
419
426
426
419
425
423
468
429
425
420
429
1226
419
420
419
422
421
419
419
425
423
419
425
419
421
430
430
422
424
419
422
423
419
419
422
423
429
428
424
419
419
422
419
425
419
423
428
426
424
427
429
419
439
423
419
461
419
425
428
426
425
419
431
421
419
429
429
481
423
419
419
419
419
420
429
429
419
419
419
423
430
427
420
424
419
469
419
420
426
420
419
425
419
423
420
419
419
423
419
419
476
430
426
419
420
424
419
429
419
423
419
426
419
419
420
418
422
482
427
423
422
419
428
419
419
419
419
467
419
418
425
422
425
467
428
423
428
429
423
419
419
432
419
420
439
422
427
486
484
419
433
419
425
470
429
423
428
419
419
426
419
429
419
420
419
425
419
422
419
418
423
423
425
425
418
419
481
423
424
419
428
426
426
427
431
419
419
426
423
419
432
419
424
425
1218
419
423
420
419
423
419
425
423
426
419
429
419
419
423
420
420
424
423
420
423
420
419
422
419
424
430
497
426
419
419
465
423
420
419
420
419
437
1123
422
428
424
439
424
419
418
418
418
427
422
492
474
421
425
423
420
419
426
424
419
426
423
419
419
419
419
419
419
425
424
430
475
424
418
426
421
448
419
418
420
426
419
423
422
425
425
420
427
430
418
596
419
419
420
419
419
419
425
419
420
423
418
418
420
426
425
477
474
477
419
423
495
418
419
468
425
428
429
426
419
421
430
427
1219
430
419
419
419
419
422
469
419
496
426
419
423
422
419
419
425
475
419
419
434
422
422
419
419
427
420
419
423
424
425
423
419
419
469
422
429
426
428
419
426
426
1227
419
426
420
423
425
423
430
423
463
418
419
419
468
429
476
419
423
499
420
419
422
425
499
419
425
419
439
477
419
419
430
425
419
419
418
423
851
429
419
418
419
429
423
427
419
419
430
420
419
422
427
469
477
470
419
433
419
431
419
431
525
1223
427
419
424
428
419
419
419
418
419
422
419
423
419
419
419
422
419
426
420
419
426
425
420
423
423
426
430
469
419
473
422
419
419
419
430
419
419
428
419
423
420
418
422
419
1222
1230
425
424
424
425
479
468
435
419
419
421
424
428
419
425
423
419
420
424
424
420
426
478
423
419
419
419
427
419
418
496
424
419
426
422
430
419
419
419
428
436
423
441
419
420
425
418
428
419
419
422
423
472
419
425
419
497
475
419
514
425
466
425
419
1217
428
419
419
477
419
419
419
423
419
425
419
422
418
423
428
422
420
424
426
419
419
421
426
418
426
422
419
461
418
446
419
419
426
421
425
423
422
419
423
419
422
429
498
423
425
424
422
422
424
419
438
425
419
419
422
419
419
420
424
426
428
420
422
487
422
420
428
429
419
420
419
419
424
419
426
423
420
461
425
426
423
423
431
426
419
428
425
422
419
419
424
423
419
426
426
426
428
419
487
423
428
420
419
428
429
422
422
419
420
423
425
434
419
419
419
419
474
426
419
419
424
420
419
448
423
423
429
424
427
425
431
430
775
424
419
423
490
420
420
430
419
425
423
419
420
433
419
419
426
420
423
425
419
419
419
428
423
419
418
426
419
422
425
431
425
423
419
420
423
420
419
418
424
466
420
419
418
428
419
426
419
423
419
419
478
425
419
426
425
419
428
421
420
419
469
424
419
419
425
419
420
424
427
425
419
424
418
440
419
420
473
497
419
800
431
423
424
460
426
428
419
426
419
419
423
427
429
423
419
422
418
465
425
425
426
419
419
419
423
419
428
429
419
476
429
425
427
419
420
419
420
472
419
419
419
419
429
418
425
471
418
419
441
425
420
422
425
424
425
419
418
419
429
597
425
429
477
422
426
422
419
423
419
419
419
419
429
418
472
419
493
428
422
420
431
419
420
425
470
422
422
429
419
419
421
443
427
425
425
432
423
423
419
427
419
419
430
423
428
429
420
423
478
419
425
420
419
419
419
430
1046
423
423
432
419
427
426
471
419
420
445
615
490
431
547
429
464
419
422
426
424
419
419
423
427
419
423
426
419
426
422
420
419
419
426
428
418
419
419
419
427
425
419
419
423
420
469
419
475
428
473
620
469
430
419
420
426
499
429
425
427
419
419
423
424
419
423
424
419
419
424
424
419
419
426
418
424
429
427
423
426
424
423
419
419
472
419
425
426
423
419
429
426
420
430
419
423
474
419
418
424
419
419
425
423
419
419
419
427
419
483
425
433
425
419
423
419
419
425
420
497
419
423
419
419
426
419
424
955
426
419
419
422
419
429
479
423
433
418
434
431
956
419
427
433
430
430
419
419
418
423
423
419
1104
419
419
418
419
426
419
472
422
423
419
429
423
419
430
419
424
1108
419
428
419
419
429
428
419
423
419
427
480
426
466
430
420
426
538
424
425
419
426
428
428
419
426
424
425
423
419
1242
422
426
420
424
601
419
419
425
419
419
419
419
419
455
420
426
422
427
430
419
420
429
419
428
423
429
430
419
419
419
423
419
429
428
419
993
425
426
426
428
468
419
427
430
425
423
424
425
477
419
419
419
419
474
439
430
567
426
419
430
422
425
424
419
426
424
430
420
423
419
419
423
426
419
419
616
423
419
463
419
426
469
429
470
426
432
419
419
423
419
420
423
426
423
424
423
423
420
478
540
431
419
419
491
419
633
424
421
419
420
425
419
419
1107
418
429
429
419
419
421
423
418
420
423
419
427
419
419
426
428
426
419
420
418
431
426
425
419
426
419
419
420
467
419
425
419
425
419
419
423
426
473
423
422
498
427
419
422
428
1179
424
426
426
419
418
425
419
419
426
426
420
425
419
419
426
424
419
420
419
424
430
426
419
423
426
428
423
423
425
419
419
421
419
424
426
419
419
419
426
479
419
420
429
419
472
482
420
426
419
474
467
419
423
428
425
427
426
419
436
423
419
419
426
425
419
432
419
423
419
430
426
419
428
419
422
423
419
425
424
420
426
427
419
419
427
419
424
419
426
419
426
418
426
419
419
473
422
419
419
425
419
467
423
419
419
419
420
423
419
423
424
419
419
423
423
419
426
424
419
430
420
419
419
427
419
426
419
420
427
426
427
423
435
420
425
426
419
419
419
423
425
420
463
426
431
431
419
427
419
419
474
472
419
423
426
430
426
419
426
426
419
472
426
418
425
423
425
425
419
419
423
463
426
419
426
419
429
425
423
430
420
422
425
429
423
426
423
419
419
498
419
418
474
423
420
419
475
419
418
467
423
419
419
420
426
419
427
419
420
418
429
418
425
423
419
422
422
430
418
441
425
419
424
426
426
419
430
420
422
419
424
1137
419
427
424
419
419
423
419
424
419
422
426
431
421
426
418
425
424
436
469
492
427
425
419
423
423
478
419
419
422
426
419
422
422
426
425
426
418
419
428
424
418
1223
425
418
419
420
419
675
419
426
428
419
425
469
422
419
419
421
438
423
423
419
419
420
423
426
419
427
419
426
420
429
419
429
418
429
435
426
419
422
426
424
419
426
423
425
419
418
419
425
471
424
425
428
430
419
420
419
419
426
473
422
419
425
477
439
419
420
419
429
419
419
426
468
418
428
436
429
419
429
805
421
429
419
419
424
426
425
420
419
423
425
485
426
423
467
419
418
423
425
419
419
422
428
428
419
419
419
420
419
426
432
419
426
427
419
424
424
419
469
419
422
423
419
423
428
425
423
419
419
419
425
425
428
429
419
430
429
420
425
419
423
419
423
419
423
419
1102
423
426
420
419
428
425
420
418
426
472
472
419
419
422
419
420
419
426
422
419
422
422
424
423
473
419
426
423
419
418
426
427
426
473
427
423
429
419
419
423
427
426
423
445
426
419
419
425
430
420
424
426
429
420
418
429
419
424
438
429
425
420
429
419
429
427
420
419
426
419
474
419
419
473
419
419
420
419
420
489
419
429
426
726
426
419
419
419
478
418
423
425
426
425
420
430
430
421
427
430
419
419
425
419
419
422
469
490
423
424
479
419
426
422
419
419
426
419
419
470
419
420
473
426
420
421
425
429
420
486
469
919
427
420
423
431
419
426
425
419
424
423
419
419
419
425
419
420
425
436
419
419
419
480
419
423
425
467
1267
427
426
425
420
425
419
473
419
493
425
464
419
472
418
420
425
469
470
430
419
418
419
428
420
427
419
419
419
419
428
426
420
419
426
418
419
430
418
422
419
419
427
419
426
430
419
420
419
423
424
425
419
422
790
419
426
419
428
419
422
425
418
425
423
426
429
427
464
431
429
426
419
419
419
425
423
422
422
422
425
420
428
426
426
479
473
425
960
420
419
471
418
425
422
428
419
476
419
420
475
419
424
419
423
420
419
419
420
423
481
418
422
418
419
419
1092
419
426
1144
424
419
418
426
419
424
419
419
958
419
425
419
419
419
425
423
420
424
425
420
419
419
419
419
420
428
425
420
420
419
419
419
425
423
419
425
424
419
478
423
426
491
419
423
426
419
426
420
419
429
422
423
423
419
421
419
473
426
419
429
419
422
425
419
426
429
422
430
419
425
425
420
419
423
425
424
423
420
478
422
429
418
1007
425
419
429
425
426
427
418
423
431
420
483
473
425
419
470
419
419
425
425
425
419
419
420
420
422
419
420
430
422
419
426
424
423
420
418
420
423
426
431
454
419
439
426
418
424
420
472
428
420
420
419
420
426
425
422
425
425
448
419
426
419
430
418
419
431
423
423
419
419
419
421
426
422
424
419
430
427
425
425
428
422
528
426
419
419
422
419
427
425
419
430
515
479
422
427
426
422
419
419
419
429
427
418
508
425
438
420
419
419
419
419
579
419
456
429
425
425
429
419
424
419
419
420
419
423
419
421
419
419
425
419
419
430
419
476
423
427
427
486
419
425
419
419
424
420
422
429
423
426
425
422
419
419
419
419
423
430
428
419
423
429
431
496
420
419
418
423
477
425
423
419
429
419
471
419
423
420
419
428
419
419
473
419
419
426
419
429
419
419
425
427
419
425
419
428
425
419
427
419
423
426
474
419
419
419
419
423
426
425
419
475
429
424
428
420
419
441
419
425
423
419
422
425
419
423
425
419
425
422
419
420
423
467
419
418
425
425
418
427
424
423
419
419
419
431
1090
426
418
424
424
425
419
419
419
425
594
419
1182
430
431
425
427
418
419
426
419
419
426
423
424
419
419
419
432
419
427
420
418
425
420
418
419
419
422
430
424
442
423
419
429
418
423
429
423
646
420
425
419
425
468
420
473
423
419
427
423
424
844
427
423
423
418
420
426
471
419
419
423
419
418
420
423
423
420
419
422
423
419
420
423
429
419
419
420
419
419
419
419
419
596
425
419
420
435
423
431
420
430
423
475
475
426
419
430
419
419
429
427
419
419
425
419
419
425
472
425
419
423
423
469
429
419
422
425
430
429
424
423
420
426
419
427
1174
459
421
419
419
419
429
419
422
426
423
419
469
419
422
465
419
427
426
419
425
425
418
418
970
469
418
419
419
423
496
441
473
420
419
420
426
419
430
420
425
427
419
419
424
425
424
461
427
419
426
425
419
430
425
422
419
428
419
419
419
423
423
428
419
423
422
425
422
422
423
429
425
418
428
485
473
430
419
419
426
425
426
428
440
419
428
425
419
419
425
419
420
421
1115
420
419
419
423
423
419
422
424
419
419
419
419
427
427
425
423
470
419
423
428
427
423
424
419
419
425
419
419
422
419
471
431
419
420
419
420
423
419
421
422
419
419
420
419
424
419
419
424
418
418
428
419
430
431
419
422
419
426
422
429
422
515
426
420
419
419
419
419
427
504
420
419
421
431
432
424
467
953
423
420
425
419
440
418
425
419
438
419
419
419
425
420
419
427
427
426
429
424
425
923
424
426
419
423
426
420
425
476
424
470
419
424
423
429
425
426
423
419
419
423
419
428
430
420
419
419
419
419
420
424
420
426
419
419
422
420
429
424
429
419
429
419
470
429
490
419
426
476
464
423
420
419
426
478
419
424
422
419
443
427
419
419
453
425
428
419
482
426
429
419
426
419
428
425
419
426
427
418
465
426
473
419
422
419
420
422
419
419
419
428
420
419
425
419
543
435
419
426
419
426
423
427
430
422
425
418
423
1231
418
498
419
418
426
423
425
790
423
419
426
428
419
669
419
418
422
420
426
418
420
425
419
1131
426
419
419
426
423
427
419
419
425
419
430
428
423
419
418
492
427
466
470
469
421
424
419
419
472
423
422
426
420
419
421
419
419
474
419
418
419
429
419
481
419
473
423
427
418
467
419
427
473
421
419
420
425
423
419
1186
425
423
432
420
421
429
431
427
419
426
419
428
425
426
419
424
427
424
419
424
419
418
419
423
419
464
427
425
466
429
423
420
433
425
419
423
426
423
426
419
470
419
419
419
418
429
427
424
427
472
426
423
419
419
425
430
424
427
426
419
640
419
419
426
421
419
418
419
428
570
428
426
423
418
430
425
426
419
420
419
430
428
421
425
430
428
423
425
419
422
422
426
479
427
473
419
423
426
419
419
430
1217
419
419
425
419
426
425
422
425
424
424
419
419
418
423
429
419
419
423
419
419
423
423
419
478
419
426
475
419
419
483
419
418
427
426
426
425
419
426
420
425
426
419
426
419
536
426
419
423
419
422
440
419
419
420
646
418
419
424
419
419
426
424
423
423
419
420
419
419
425
419
419
423
420
429
420
419
425
419
419
425
419
419
422
419
431
418
418
420
418
423
469
422
429
419
423
427
419
426
419
418
468
425
419
419
424
439
424
419
423
426
493
423
425
419
420
423
420
432
419
422
419
431
421
592
425
419
496
419
430
449
419
476
419
419
419
427
419
427
424
419
420
435
419
463
469
422
419
423
424
419
419
424
423
419
422
423
473
419
615
419
427
419
419
423
428
419
423
426
430
422
429
429
431
418
474
419
419
419
419
419
422
423
419
426
429
429
787
419
426
419
419
420
425
422
419
425
430
420
420
426
426
466
423
422
425
420
427
424
418
419
424
422
428
428
423
429
423
419
423
419
419
436
1221
430
425
424
422
419
419
425
904
427
422
426
423
419
426
419
419
419
423
424
458
419
428
419
419
1174
422
424
419
425
418
419
420
422
420
430
427
469
425
461
419
428
428
418
425
425
419
430
466
419
419
419
481
419
419
425
430
426
419
427
419
419
425
420
457
429
419
425
424
465
428
422
423
427
419
420
419
419
488
474
950
426
418
423
420
474
420
418
423
419
427
420
422
426
425
425
429
423
419
424
423
426
419
419
426
428
426
426
427
419
419
457
419
429
426
419
420
419
419
423
420
420
435
425
428
420
426
422
419
419
419
423
419
419
426
419
425
425
422
431
422
423
427
420
423
485
419
424
428
426
419
422
423
419
419
431
419
426
418
424
426
419
422
422
429
428
423
419
420
419
1152
439
419
419
426
478
419
419
426
420
424
422
423
419
419
419
419
420
425
466
419
419
470
426
419
430
423
422
419
424
423
425
419
424
423
443
418
423
424
426
419
425
423
427
426
418
419
425
419
419
526
425
419
435
422
425
419
424
420
419
425
425
418
419
419
419
475
418
419
426
419
423
426
419
425
419
419
423
419
419
424
428
420
422
418
419
425
422
428
423
419
438
419
428
476
419
426
420
427
419
425
428
425
426
418
419
423
424
424
425
428
419
497
473
419
425
423
419
426
423
422
424
424
423
418
419
424
419
425
476
419
498
428
499
420
424
419
423
419
419
419
426
419
419
419
424
419
466
430
419
426
424
419
466
427
428
419
429
419
419
427
420
422
432
430
419
423
419
464
495
425
425
419
423
422
419
432
423
419
419
587
423
521
426
419
489
506
419
480
424
419
425
420
420
419
426
427
419
428
426
422
419
419
419
419
420
418
419
428
431
426
425
419
422
424
420
426
423
418
422
419
468
419
425
427
422
420
429
418
423
423
418
428
419
419
424
419
425
425
419
424
423
419
419
425
420
438
418
419
423
419
419
463
425
425
427
422
471
428
492
427
419
419
422
557
476
419
420
423
419
419
422
423
419
419
425
419
426
425
426
427
418
429
424
423
426
493
425
419
426
419
420
437
419
422
608
423
419
425
423
428
422
419
424
419
419
424
419
419
423
423
430
436
424
418
419
429
422
419
419
423
526
418
422
422
419
419
419
422
419
419
424
424
429
419
425
427
419
471
427
423
437
432
423
420
427
427
419
419
474
423
426
419
471
425
426
419
425
424
424
418
426
473
431
423
418
419
427
423
464
430
419
426
423
423
419
418
424
419
419
423
419
419
423
419
427
425
419
491
429
424
422
419
419
425
424
431
429
422
420
419
426
419
419
425
426
420
426
425
419
419
419
418
425
419
419
419
419
420
489
419
422
419
425
426
418
422
822
419
426
420
419
422
428
426
432
1220
425
419
431
466
425
419
419
426
420
420
431
426
426
469
419
425
419
419
701
425
758
427
425
426
425
432
423
419
420
425
423
419
472
575
419
425
469
419
420
472
423
426
419
432
419
419
419
419
426
419
419
419
426
422
418
420
418
430
419
428
423
424
419
430
418
419
428
420
741
419
419
426
418
419
419
422
419
420
425
425
419
419
419
419
430
419
423
425
419
423
423
419
419
426
777
423
419
458
418
419
426
492
419
425
420
418
426
426
479
425
426
424
419
419
429
418
420
426
419
426
418
425
419
419
427
425
420
425
419
426
419
419
426
426
425
426
423
425
426
420
428
420
419
425
419
419
420
421
425
421
419
419
424
419
426
422
418
418
419
420
430
427
422
419
419
419
426
419
418
419
425
424
418
418
430
444
420
419
428
420
419
426
472
424
423
422
430
421
428
427
423
419
420
419
421
419
433
419
502
426
440
432
419
425
465
424
477
472
472
419
425
422
515
426
419
429
499
428
419
420
419
419
427
419
419
463
419
419
1191
422
811
419
462
419
419
430
420
422
419
423
423
497
420
420
466
419
423
421
419
429
472
434
428
419
419
423
419
429
419
419
424
420
419
431
423
436
419
427
418
426
419
431
420
428
419
424
424
430
428
652
427
419
420
422
419
419
423
419
420
429
474
425
419
426
422
419
424
465
425
429
469
423
424
426
419
419
419
423
469
419
419
419
426
419
490
419
423
420
425
1218
425
419
425
428
426
425
423
419
423
420
419
423
426
426
423
427
420
419
468
419
419
419
425
427
423
419
425
419
419
429
425
425
421
429
426
473
427
430
425
426
430
419
419
953
419
419
426
428
419
426
423
419
419
420
419
478
497
426
431
419
419
422
466
419
429
420
425
427
419
474
470
422
428
422
419
424
424
477
473
474
419
418
474
419
419
427
477
425
433
420
532
419
432
422
419
430
431
419
424
419
419
423
419
419
425
423
428
419
419
427
419
423
418
423
419
423
425
428
426
435
421
429
419
426
419
434
419
423
419
420
422
426
420
419
430
419
419
419
420
419
426
419
420
419
419
423
422
426
429
426
419
419
422
431
423
430
472
422
431
420
468
426
419
423
420
421
424
426
426
419
419
442
425
425
429
426
419
424
420
425
430
473
419
425
418
426
428
424
419
419
425
423
420
426
425
419
424
488
420
420
423
418
418
419
426
470
419
422
419
428
423
418
423
473
425
423
426
424
438
423
425
430
419
1124
419
425
426
463
425
424
423
423
428
429
418
424
424
419
423
425
425
509
426
426
419
467
475
425
419
426
424
419
429
424
419
419
419
424
430
419
427
500
419
423
697
427
419
419
420
429
420
427
419
425
418
423
419
425
419
419
420
429
426
419
430
430
420
424
424
491
419
419
418
423
425
419
419
419
428
426
419
419
419
419
419
428
425
429
474
424
427
420
419
426
463
426
424
419
423
419
419
427
419
420
510
419
422
425
419
423
425
419
419
423
425
430
419
422
427
428
425
419
471
428
424
423
419
467
425
419
419
424
426
420
422
418
423
426
418
425
424
419
422
424
499
428
493
425
432
510
423
419
477
421
419
418
420
419
426
419
419
425
419
1095
428
427
422
422
419
419
428
419
425
466
419
419
424
419
425
431
423
425
419
419
423
426
419
418
419
419
422
418
419
419
419
423
422
425
419
419
426
429
419
471
430
419
427
431
426
423
422
419
424
420
419
420
419
425
419
419
427
424
492
476
419
419
429
440
478
419
426
423
429
422
422
423
426
429
496
429
428
425
422
419
425
423
426
419
423
419
420
425
429
688
418
431
469
419
419
419
473
488
419
422
997
429
418
473
426
418
422
426
423
443
427
419
419
419
425
418
419
422
423
419
424
457
419
475
419
425
425
428
419
488
489
428
425
426
430
427
419
1220
418
471
475
419
426
426
473
419
419
423
419
419
418
419
419
419
419
422
429
419
419
419
419
419
423
426
420
419
419
435
419
419
419
425
419
426
423
419
424
419
470
419
427
422
425
422
496
424
424
423
419
435
479
419
419
418
425
419
426
428
473
425
425
430
453
423
419
474
419
475
430
422
419
420
429
425
423
418
426
422
419
440
419
418
419
422
419
425
422
420
425
418
476
418
423
429
433
423
462
419
420
419
432
419
422
423
419
429
419
424
422
470
423
427
419
422
419
419
419
419
430
425
432
418
419
418
419
1123
433
420
419
419
445
426
418
422
419
423
425
422
426
418
424
419
428
419
427
419
419
425
426
426
427
420
423
427
427
429
425
419
464
429
423
419
419
422
427
434
418
423
419
419
427
426
424
425
489
419
419
462
425
426
479
422
419
419
418
424
424
427
425
422
429
429
419
426
423
419
419
419
431
423
420
427
425
419
426
419
420
429
851
420
427
425
419
427
426
419
426
474
426
423
419
430
419
420
423
419
419
419
424
419
429
424
425
479
426
419
419
419
423
474
473
427
422
419
419
423
426
424
424
426
425
419
419
419
418
419
425
419
419
473
425
419
425
425
427
419
424
425
491
419
474
425
429
475
424
423
432
427
427
419
419
423
425
419
418
420
420
424
521
419
467
419
428
422
419
419
423
423
419
418
423
427
419
418
436
426
419
476
423
419
419
426
419
419
419
423
428
420
419
419
428
419
418
508
472
419
419
425
419
425
424
424
420
423
418
419
424
431
420
419
432
425
427
420
419
423
423
424
422
419
424
427
426
423
425
419
423
423
419
419
427
425
422
427
427
422
429
419
427
431
418
418
420
419
419
425
422
419
424
422
419
419
424
426
425
424
419
428
419
419
474
488
429
420
422
419
429
425
430
419
419
425
419
1027
427
425
427
428
428
419
419
419
423
426
425
469
420
418
419
426
419
429
419
427
419
425
419
428
470
419
418
425
420
419
477
468
421
423
430
423
423
429
428
419
474
426
429
419
426
419
428
422
426
419
419
418
430
425
419
433
419
419
419
596
426
423
419
425
428
419
423
512
426
512
418
423
427
471
426
427
427
841
429
423
424
429
419
420
472
419
419
419
420
1005
419
425
423
419
423
426
445
419
420
419
422
424
419
419
430
422
422
419
419
422
497
420
419
423
431
429
424
423
418
423
420
432
419
426
419
954
419
419
1223
428
427
423
431
428
423
423
420
430
419
419
419
422
427
427
420
419
419
426
428
425
423
420
422
420
425
427
424
419
429
419
427
419
429
419
425
447
430
430
426
426
425
419
419
420
418
426
418
431
423
423
474
484
426
420
431
419
419
420
419
420
491
429
419
422
425
419
428
419
420
419
419
423
420
419
470
425
432
420
419
423
418
419
423
477
429
429
423
419
420
426
425
426
420
474
426
419
450
693
419
419
419
423
419
429
430
425
432
430
422
471
419
419
472
469
419
419
423
426
423
421
428
426
419
419
426
419
418
423
427
419
425
429
426
429
419
419
419
425
425
431
419
418
467
421
419
419
429
419
425
426
419
419
423
419
485
419
418
419
425
422
422
425
425
426
425
429
425
419
427
419
419
418
419
418
423
419
419
430
419
418
483
419
427
419
426
422
422
424
419
423
419
420
419
431
419
422
422
426
429
429
426
419
426
425
422
420
425
426
425
426
429
423
423
428
425
425
421
419
420
421
422
420
422
428
419
418
424
423
419
424
420
425
418
427
419
419
429
490
423
419
628
419
475
473
419
419
419
419
721
471
424
429
419
429
432
428
420
426
419
419
419
420
419
616
429
476
425
425
425
428
424
435
419
423
419
425
419
470
419
423
425
430
427
419
419
419
419
419
426
424
419
475
425
426
427
427
425
427
426
440
468
426
445
419
419
419
512
433
423
430
418
698
419
422
426
426
429
424
419
419
423
419
429
419
425
495
470
466
419
419
419
423
493
425
425
424
472
426
424
425
423
478
419
420
420
419
419
1202
424
427
419
428
418
429
625
614
423
500
429
428
419
418
419
418
426
422
419
419
419
419
419
425
424
423
430
425
423
468
418
419
419
418
419
712
419
424
420
426
419
732
426
1220
420
420
419
419
418
419
423
431
418
419
419
425
427
419
419
418
418
423
422
526
419
422
426
423
419
1175
419
419
422
420
426
427
425
421
429
420
430
419
419
472
466
419
419
419
510
419
426
436
425
419
436
419
424
418
419
425
424
419
422
429
426
427
423
427
488
422
419
470
419
423
430
426
427
419
418
425
423
418
419
422
423
426
419
419
424
420
444
427
426
419
419
419
425
423
424
425
419
430
419
426
419
420
426
428
432
427
422
420
419
418
419
419
419
424
426
419
419
423
429
420
419
420
427
428
426
431
425
419
419
419
419
428
426
430
421
423
423
430
422
425
425
420
423
423
419
419
419
419
419
532
420
425
419
419
419
419
428
419
419
425
419
428
426
419
496
428
425
471
438
428
419
420
424
426
429
425
423
474
470
424
426
425
428
425
419
419
420
423
419
423
423
419
426
428
419
420
428
419
419
419
425
470
423
427
426
426
492
420
470
470
419
429
469
429
419
423
419
419
419
422
419
425
420
426
488
419
420
419
419
419
426
419
425
425
423
419
429
419
425
429
419
423
425
430
422
425
419
419
426
419
418
431
419
823
419
426
418
426
428
419
419
427
425
423
423
427
426
419
419
425
437
423
419
427
425
419
419
423
428
419
419
426
423
425
425
423
420
420
425
419
439
1098
423
430
496
419
425
469
423
425
423
419
419
419
419
478
419
423
482
420
861
423
426
428
423
426
591
426
424
419
425
419
419
418
419
419
425
427
429
424
470
419
423
423
426
419
424
471
429
496
429
428
426
428
419
419
470
419
423
419
419
424
429
448
419
423
419
431
423
422
419
428
463
419
430
423
424
429
419
426
420
420
426
423
419
431
873
426
470
427
425
419
419
425
425
422
423
423
420
428
428
425
423
430
419
420
419
424
440
419
419
419
426
425
426
427
419
420
420
424
465
419
420
419
425
419
425
427
421
424
426
422
430
420
427
423
427
420
425
424
419
419
425
430
419
427
424
427
420
419
426
419
419
420
425
426
419
425
423
422
419
420
420
470
419
422
419
426
425
424
419
422
424
440
419
420
419
419
425
420
431
423
419
419
427
423
419
428
418
423
495
425
496
420
502
423
424
419
419
419
424
720
428
482
422
424
429
426
422
419
420
419
425
430
420
425
471
418
429
426
422
427
429
420
430
419
427
424
427
426
425
419
440
420
419
434
427
419
426
430
423
419
467
423
426
425
419
427
419
426
429
425
420
425
424
479
429
426
422
419
494
419
427
426
419
429
423
419
425
424
419
425
429
419
423
427
427
423
422
419
419
841
426
419
419
419
418
428
419
419
429
457
428
426
431
423
423
431
421
426
423
420
419
423
420
427
430
419
424
1062
420
425
809
419
429
419
423
424
419
424
425
419
420
423
420
419
426
419
420
419
423
419
419
423
419
430
419
425
419
420
418
430
455
423
419
420
1319
423
425
420
419
422
425
419
421
423
419
426
464
473
476
426
420
430
427
426
477
419
419
421
419
419
418
423
423
419
426
419
419
424
422
473
502
419
424
429
424
427
419
444
430
418
419
430
423
426
427
419
427
422
419
423
425
422
419
422
418
419
431
421
468
420
419
424
419
481
424
425
421
419
429
419
419
423
420
430
419
419
428
426
429
423
419
423
425
427
419
420
597
424
419
423
425
419
419
420
424
424
425
425
419
419
471
425
419
461
419
419
428
425
419
419
419
471
420
425
462
419
429
419
419
424
468
418
430
424
426
419
425
425
495
424
481
419
419
429
425
428
427
424
432
419
423
470
425
418
423
419
1088
428
419
419
419
420
440
539
419
430
419
419
426
419
423
493
540
432
419
426
427
422
420
428
419
420
427
428
419
422
428
426
425
423
419
427
423
426
419
420
425
740
419
425
423
428
426
419
712
429
469
426
418
419
423
419
426
422
419
419
419
427
430
419
427
422
419
419
419
418
425
431
419
428
419
426
419
433
429
461
426
419
419
430
419
1121
423
433
471
428
419
507
419
418
426
441
419
426
425
419
424
470
424
419
419
428
472
423
470
419
421
424
428
426
423
430
419
421
465
419
419
425
419
419
469
426
469
419
429
420
465
419
421
419
429
429
424
419
430
422
419
426
419
420
429
420
429
423
421
425
422
419
429
419
419
424
419
429
419
425
427
422
465
1224
418
422
426
426
426
419
418
425
422
429
427
425
419
499
420
954
419
425
419
419
425
419
427
423
428
419
423
430
475
419
470
423
430
419
428
430
419
420
466
419
419
477
420
419
430
419
429
419
593
419
428
419
419
426
420
423
427
427
428
428
425
419
419
423
419
418
472
429
423
419
422
424
418
419
427
419
419
419
425
427
422
426
425
433
419
420
419
418
419
419
429
419
422
419
429
424
422
428
419
425
469
495
430
425
426
419
419
422
419
419
426
478
426
496
419
425
419
422
425
431
418
419
423
423
420
435
419
426
423
430
423
418
420
425
424
419
419
419
428
419
426
426
420
423
418
422
428
429
422
425
425
474
423
420
426
419
426
492
471
422
418
419
424
519
419
419
419
422
474
425
419
428
469
419
422
428
419
423
422
419
420
419
435
424
426
423
426
419
475
423
426
429
422
425
419
426
418
425
420
419
426
429
424
423
420
419
424
419
473
419
423
702
425
419
426
475
475
426
430
427
419
422
419
467
426
419
418
418
430
423
443
419
426
425
508
418
420
436
420
419
418
423
419
419
423
419
424
419
419
420
428
434
490
417
425
465
418
419
421
425
419
427
419
419
429
422
419
492
419
420
419
419
423
419
466
418
426
425
420
419
1073
420
482
427
422
424
419
422
420
420
419
426
465
419
426
421
429
427
423
439
419
419
424
466
426
418
433
428
418
425
419
427
419
420
427
425
434
422
419
428
425
425
426
429
419
428
419
419
467
424
419
469
427
423
419
425
423
418
474
423
426
419
419
419
425
429
425
427
430
419
426
422
419
426
419
429
419
426
496
420
419
430
427
432
433
423
432
419
420
426
423
419
426
441
438
431
466
427
419
501
425
419
419
426
419
422
698
422
419
442
425
429
422
418
488
419
419
419
426
428
423
422
422
425
419
424
424
419
419
423
423
428
422
419
419
423
426
419
426
424
426
419
419
749
425
419
430
422
425
420
419
426
423
419
426
419
420
429
419
423
419
419
425
423
419
420
428
481
430
420
419
473
471
422
419
429
426
426
428
428
466
420
419
427
424
418
419
426
419
418
419
420
423
428
421
419
424
478
471
422
424
427
419
434
423
418
997
426
418
419
422
427
419
419
419
425
430
419
477
419
470
424
419
418
420
424
426
429
422
419
425
424
423
426
426
418
419
419
430
426
419
479
423
426
420
419
426
423
420
419
473
420
420
423
430
419
419
424
419
419
419
473
418
428
427
424
418
428
423
490
430
419
423
430
419
423
1224
418
462
423
418
429
423
423
419
428
420
425
419
430
426
419
419
422
470
419
419
419
423
419
419
426
433
419
420
427
419
418
425
420
420
425
419
419
418
420
419
419
425
419
426
423
427
419
424
424
418
419
419
438
464
1161
430
420
426
422
474
419
452
420
419
519
473
419
420
419
419
419
419
423
419
420
419
420
422
440
419
425
419
419
427
418
419
425
659
473
425
419
419
419
428
419
468
471
425
504
419
420
426
424
426
494
469
422
426
629
483
690
419
427
424
422
426
420
419
422
419
426
470
426
428
419
419
429
473
419
424
426
419
425
424
475
419
423
419
418
419
418
419
426
426
425
418
423
430
430
420
425
472
420
422
419
427
428
425
752
424
419
426
425
1980
426
419
476
475
425
419
419
420
420
421
419
428
419
430
422
422
419
419
427
419
419
428
423
635
429
419
422
420
419
467
419
424
480
425
425
425
419
423
424
419
426
474
425
953
419
419
426
419
423
419
419
423
418
419
419
425
419
470
423
425
422
419
426
426
419
427
419
425
433
426
423
426
428
425
425
425
426
419
431
419
419
419
426
419
472
430
419
419
472
423
427
423
427
419
429
426
418
430
419
467
423
423
423
432
473
425
424
419
419
423
419
419
419
419
425
422
425
426
419
426
426
425
420
418
425
425
752
419
429
422
426
426
419
423
422
419
418
419
419
426
423
428
419
425
425
419
468
423
428
472
419
426
419
423
419
425
423
425
422
425
425
430
477
429
421
420
419
419
469
423
419
428
429
426
419
501
419
422
430
469
424
419
422
419
423
419
429
419
422
429
418
426
420
418
419
427
426
446
425
422
423
419
420
419
420
425
428
426
419
431
426
431
430
1073
472
496
419
421
471
428
430
419
423
418
426
425
422
425
419
426
418
419
419
419
419
419
472
426
425
425
474
419
419
425
423
474
500
419
425
430
425
419
424
420
423
419
420
427
493
423
419
424
419
425
419
464
419
467
471
423
467
432
420
426
468
429
425
428
427
419
426
422
426
486
418
425
429
429
423
426
426
419
425
419
468
423
475
419
427
423
419
423
419
419
426
429
422
420
419
1051
655
423
428
419
422
419
420
426
418
423
427
463
426
430
425
742
425
419
419
560
984
421
427
425
428
428
418
427
423
465
424
419
423
428
430
420
420
419
419
426
431
422
423
423
419
426
418
424
419
476
424
419
429
470
423
429
419
425
420
426
423
427
419
423
419
426
419
423
419
426
419
425
419
420
419
426
430
425
419
419
420
421
423
425
419
419
426
419
480
422
472
419
418
423
419
425
422
427
419
953
420
418
423
1217
419
419
419
469
419
421
423
419
430
436
420
419
419
419
419
425
419
418
422
420
428
431
476
419
430
419
419
422
436
419
427
478
419
419
419
419
813
419
419
418
423
419
436
420
423
418
428
423
419
419
418
425
421
434
420
424
419
420
419
425
424
420
419
426
429
430
425
425
418
423
419
424
508
426
424
429
419
423
467
420
422
419
425
419
427
426
434
419
429
427
425
420
428
419
426
419
419
425
419
419
419
419
428
427
425
905
419
420
432
429
428
480
423
418
419
419
419
423
420
426
419
420
501
424
419
419
428
419
419
420
423
423
419
426
425
418
420
419
419
423
419
420
419
419
429
424
425
1180
422
419
418
419
427
419
419
419
424
419
482
422
425
426
475
426
427
419
420
472
419
429
419
419
419
419
419
423
419
426
425
424
425
431
427
471
419
424
424
420
429
420
426
422
424
478
425
419
418
492
418
418
429
423
420
419
468
455
429
419
419
426
419
420
419
419
430
419
424
619
419
426
419
420
420
425
426
427
420
420
427
429
504
420
425
419
426
426
420
419
426
423
454
419
419
419
420
426
423
429
427
419
424
425
423
426
419
419
418
423
422
471
475
420
419
425
419
419
419
422
423
462
424
621
470
424
439
426
419
425
419
426
418
419
423
426
419
427
423
419
455
419
445
419
418
423
426
430
471
517
419
425
421
423
422
479
419
419
419
431
420
419
419
423
419
426
429
428
419
419
470
422
419
425
419
498
419
474
427
425
429
419
420
423
419
423
423
429
423
423
605
496
422
426
428
419
420
424
419
420
418
420
425
419
423
419
717
422
429
418
420
436
419
478
503
423
429
420
419
425
419
429
426
426
419
430
426
465
425
419
422
422
430
563
483
419
419
419
419
419
431
426
419
430
419
419
471
430
424
424
425
428
424
419
419
425
419
418
423
428
429
419
418
419
419
423
424
422
420
468
419
426
426
419
483
418
419
473
427
430
423
419
425
461
423
424
419
419
425
424
429
424
426
420
429
426
423
468
426
465
470
424
424
425
419
422
426
419
425
419
419
419
430
426
425
419
419
423
423
420
427
728
419
419
425
419
420
423
423
420
420
423
428
419
423
423
465
476
418
420
483
419
426
424
422
426
419
419
419
430
429
437
419
482
420
424
423
419
422
419
419
422
419
432
426
550
422
427
429
418
422
426
419
419
679
426
419
420
541
419
428
475
424
419
427
426
422
430
424
427
419
420
487
419
433
423
423
419
433
425
426
419
419
437
424
431
426
419
419
419
422
423
419
423
419
421
429
428
425
429
419
425
419
426
423
424
426
419
423
425
419
478
425
426
427
419
422
430
419
479
419
418
419
424
420
419
423
425
430
471
472
427
427
471
423
419
426
424
426
418
423
425
419
421
426
423
425
418
419
423
419
423
419
424
419
419
419
419
426
466
419
429
423
422
422
419
436
490
431
429
434
419
419
427
425
428
423
425
419
419
423
419
425
428
426
426
418
426
423
419
419
419
427
423
419
635
420
419
419
516
419
419
429
423
425
419
423
425
418
856
425
419
419
418
423
423
467
429
427
418
426
419
425
430
429
426
419
466
424
425
421
425
425
427
429
419
419
479
420
419
426
423
426
959
420
420
419
420
422
419
419
428
423
423
430
419
423
418
425
422
422
430
425
424
419
426
424
419
429
425
475
423
420
425
426
419
422
467
423
419
419
424
427
419
429
420
419
419
419
463
419
419
471
418
419
426
426
476
426
423
419
428
419
425
418
419
426
426
418
426
419
425
423
419
425
425
419
425
426
419
524
423
423
424
420
419
430
426
429
427
427
424
423
420
419
423
419
419
419
485
478
421
419
426
428
419
419
433
425
423
473
426
419
593
426
419
428
420
425
420
424
435
419
426
423
426
419
423
426
419
420
429
425
424
471
423
419
419
419
423
418
419
423
424
419
424
425
423
427
419
419
419
419
419
461
419
426
424
419
425
424
473
419
421
419
430
419
429
424
424
419
419
422
420
419
655
419
419
468
422
430
419
423
419
471
419
423
424
428
470
419
424
424
419
454
419
475
424
464
474
419
423
426
480
430
424
424
426
422
423
494
423
465
423
496
424
465
419
430
459
425
419
419
423
419
422
424
419
420
470
428
428
420
604
425
419
505
423
430
419
423
419
429
472
419
426
425
423
419
419
418
428
425
426
419
419
419
426
472
424
424
424
423
423
425
419
427
425
428
419
425
419
419
423
423
420
426
422
419
474
419
425
420
422
425
418
425
419
427
428
429
425
422
419
428
424
423
427
419
426
426
419
419
419
427
418
419
419
419
470
425
423
418
428
429
420
432
419
423
470
425
419
420
438
425
418
419
425
419
418
419
429
419
429
427
431
423
420
419
419
419
423
419
422
419
429
428
429
419
469
427
423
424
426
419
423
422
429
419
426
492
419
423
423
420
433
419
419
428
422
419
419
419
419
469
419
423
424
429
481
423
425
419
424
422
424
477
419
419
425
419
424
419
419
421
422
424
423
428
471
419
422
419
426
418
419
426
419
466
475
419
424
428
430
422
418
468
419
424
422
420
423
425
419
419
419
420
442
418
430
419
425
419
419
426
423
492
422
426
426
419
425
419
419
419
425
420
419
419
423
425
419
426
420
419
430
420
480
420
421
422
419
426
419
425
419
419
419
429
459
427
423
420
419
419
419
425
486
469
420
419
431
424
419
423
419
423
419
549
489
419
428
421
419
439
420
422
419
419
419
423
419
419
430
427
419
419
470
472
425
428
419
419
419
419
425
419
419
419
418
419
425
423
419
419
472
419
425
422
419
450
490
422
422
429
419
418
424
478
418
421
479
418
431
422
425
419
430
496
419
419
423
430
479
426
425
418
464
426
419
419
419
595
422
419
464
425
430
419
420
418
419
423
419
478
432
419
419
426
463
420
423
499
427
428
426
429
426
418
422
443
429
419
425
419
419
419
471
472
419
426
425
427
426
423
420
470
477
423
422
418
420
464
468
419
422
426
426
423
419
420
419
422
480
430
498
420
423
420
423
426
419
419
599
497
418
419
420
435
418
429
426
419
419
432
422
425
426
419
426
419
429
431
423
419
422
443
482
420
431
429
422
472
422
422
423
423
418
424
419
419
425
426
419
426
425
478
428
419
424
418
419
422
419
419
848
419
427
483
422
419
785
419
430
426
427
419
425
426
429
428
426
423
419
420
419
426
425
419
423
433
470
425
434
419
423
972
426
419
480
422
419
429
430
423
501
419
427
418
419
424
424
428
426
479
426
419
423
425
442
475
419
425
419
422
419
423
419
424
520
423
429
419
423
419
430
419
440
418
419
423
425
419
419
425
1071
419
423
425
432
424
419
426
429
422
424
429
419
426
419
419
419
427
422
429
426
418
419
419
426
426
429
430
420
425
428
419
480
426
419
426
419
429
419
435
419
424
425
422
426
419
422
423
420
428
424
426
419
424
423
421
759
425
421
419
428
419
420
430
418
430
428
425
423
422
418
426
495
426
425
424
424
419
429
428
423
424
418
1187
419
426
423
419
424
429
423
422
418
419
423
468
419
426
419
419
420
427
423
419
427
424
446
419
425
421
424
419
424
419
420
427
419
430
418
473
422
419
418
425
421
428
424
429
427
427
419
423
473
419
967
424
423
427
425
422
419
419
419
425
418
423
427
425
495
419
426
419
981
420
419
419
439
419
427
471
423
419
419
424
426
428
423
419
419
425
432
429
419
423
419
428
420
468
429
419
474
426
419
419
424
428
430
419
425
427
430
426
419
426
425
419
423
424
426
489
424
419
441
425
419
419
419
423
429
427
445
478
419
424
436
426
419
420
419
760
430
419
522
419
424
423
426
552
427
423
421
419
419
423
441
419
423
423
490
419
419
427
419
419
419
420
423
427
426
419
419
427
419
419
422
419
424
418
428
422
419
430
419
438
419
419
424
425
426
420
419
419
427
419
419
427
419
430
1078
425
429
419
426
424
419
421
430
419
425
420
447
419
432
419
424
419
1107
418
427
478
423
419
419
419
426
426
428
429
426
426
424
494
419
418
473
426
426
420
426
423
424
419
426
419
420
423
420
419
426
423
418
419
426
419
420
423
419
426
430
419
418
419
419
418
423
429
469
424
419
419
423
422
422
419
424
419
427
426
427
419
419
420
426
420
479
425
425
630
419
423
426
419
418
471
419
419
431
419
419
419
422
472
419
419
622
419
419
426
424
423
499
418
423
423
419
426
427
427
427
428
419
475
423
419
419
419
419
424
420
474
426
423
427
419
424
419
428
419
423
419
474
419
428
419
419
425
425
419
419
423
484
425
420
423
428
419
419
419
428
423
425
422
429
420
419
424
418
419
422
425
430
426
430
426
420
422
425
430
428
571
426
422
435
420
429
429
419
426
426
419
421
419
419
422
426
419
423
437
419
419
419
419
419
425
419
420
442
419
420
426
482
427
426
419
708
423
866
433
471
419
426
419
419
420
477
420
418
419
426
418
423
426
419
429
424
424
423
419
425
474
425
425
423
429
424
425
419
419
423
471
497
429
419
419
423
1138
419
419
423
420
429
419
419
468
426
422
418
418
425
422
418
433
419
420
419
419
419
424
425
429
423
419
425
419
423
423
419
423
419
423
419
462
469
428
426
506
419
419
422
419
426
430
426
472
419
472
419
419
481
419
479
418
422
424
419
467
420
419
426
1093
425
419
419
717
418
419
469
420
433
467
424
467
480
428
424
418
425
423
419
425
425
422
423
419
419
425
427
423
419
420
419
420
422
422
481
492
419
429
419
419
420
428
419
423
423
423
419
436
426
423
420
429
424
419
426
423
426
419
419
423
429
423
419
425
429
424
426
469
419
425
419
425
431
427
419
422
422
427
424
419
419
419
421
419
420
419
426
432
419
419
426
419
429
429
426
423
422
419
422
419
418
419
421
1234
426
423
419
419
420
420
419
422
426
419
419
426
420
423
469
423
427
459
421
425
420
646
419
429
419
423
419
419
430
422
419
419
422
419
419
423
426
424
1218
420
419
426
427
419
426
419
424
422
429
419
426
425
420
421
429
420
419
426
426
419
474
497
419
419
419
420
427
428
430
419
419
419
419
601
426
421
425
424
425
425
419
419
428
425
426
419
419
420
419
426
423
419
419
419
501
423
439
418
426
423
422
419
419
424
432
427
424
425
426
419
427
425
486
419
424
419
419
423
426
470
459
419
429
419
419
425
429
419
423
419
419
419
461
596
420
419
555
419
423
425
419
419
418
418
419
425
419
429
421
424
428
428
423
980
472
419
419
423
425
426
428
426
419
419
423
493
429
425
481
423
428
427
471
431
426
472
423
424
734
426
426
419
429
420
419
421
426
420
419
419
495
420
956
420
422
418
419
422
424
419
471
423
428
422
419
420
418
420
419
419
426
425
426
425
426
420
425
467
419
420
427
420
419
428
419
419
419
431
419
419
423
425
419
470
426
419
425
424
420
472
419
469
469
419
422
419
419
423
467
418
428
420
425
429
419
424
425
428
419
425
423
427
423
423
425
431
423
419
419
468
419
430
419
428
420
429
422
419
418
426
419
425
423
419
428
429
427
431
426
419
428
419
425
425
419
422
425
419
422
427
419
419
422
426
419
469
422
419
419
423
423
426
419
419
424
423
422
426
419
479
423
423
419
420
423
419
423
425
424
425
425
476
425
429
418
424
477
419
429
419
420
430
426
422
418
419
426
419
419
419
419
429
422
419
418
898
419
427
420
419
474
419
419
430
425
425
419
418
431
428
425
419
419
423
428
426
427
426
419
419
418
429
419
419
477
422
419
426
428
418
420
426
428
419
422
418
419
423
423
418
418
425
419
419
1219
422
419
425
419
426
427
425
471
418
419
472
419
420
423
419
419
419
422
418
419
419
419
428
423
420
469
419
419
419
425
422
1285
470
418
441
429
419
420
419
420
419
418
419
419
419
422
419
422
419
425
426
528
420
426
419
420
418
423
419
419
424
421
422
431
423
433
431
424
419
424
422
428
424
425
431
419
425
423
428
426
427
419
423
468
419
426
420
420
419
422
426
936
419
419
419
427
423
426
432
419
425
422
420
424
419
425
427
500
420
427
419
429
420
420
473
419
429
419
430
443
430
427
525
424
428
429
419
426
422
432
427
426
425
419
434
429
425
420
426
420
425
423
424
418
425
426
429
418
423
422
426
428
429
429
482
435
423
422
460
426
427
426
419
423
423
420
642
419
427
422
419
437
426
419
419
426
419
430
420
423
420
424
425
419
419
424
422
420
431
425
420
419
431
419
423
431
424
419
419
428
423
429
424
423
425
430
419
419
419
426
420
419
423
419
419
423
459
425
423
424
419
418
423
421
419
425
421
419
419
1217
419
429
423
419
419
419
425
462
420
419
426
427
423
1222
422
426
425
419
419
419
477
469
468
427
419
419
424
423
418
419
423
420
419
419
431
430
426
1219
425
420
426
418
419
425
419
423
419
608
423
419
432
471
429
419
425
423
426
419
425
419
419
423
420
469
420
419
422
428
419
424
423
419
430
424
424
419
426
422
419
426
423
426
419
425
427
425
428
422
428
429
417
419
419
419
426
419
419
418
422
423
428
423
418
429
419
422
428
751
418
419
419
427
422
427
423
425
419
422
419
419
419
467
419
423
430
428
419
426
428
425
419
418
425
421
419
422
424
420
422
418
419
423
425
419
420
425
420
426
425
422
419
425
432
425
419
419
424
427
419
418
425
419
419
420
427
426
419
422
419
431
500
423
426
478
939
477
424
424
420
423
418
422
425
419
425
419
419
429
419
436
420
427
419
424
423
419
419
473
470
430
427
419
424
419
422
423
429
425
426
428
426
419
424
425
419
419
425
430
429
423
424
426
419
469
430
419
419
470
427
421
425
419
420
422
419
427
419
490
425
429
420
425
428
420
425
423
423
423
419
428
943
419
423
427
426
423
425
419
418
428
465
428
420
419
428
428
423
423
429
420
418
420
424
418
421
423
419
419
474
419
419
424
422
419
419
423
419
419
435
477
419
419
491
423
420
419
418
419
419
419
420
426
419
419
427
419
419
419
472
428
425
424
419
419
424
424
419
424
423
496
419
419
472
430
424
419
422
419
959
425
803
419
424
423
419
420
422
418
419
429
474
420
419
419
428
419
429
422
1007
421
425
419
419
765
423
426
419
585
418
420
423
419
419
464
419
426
430
418
479
426
419
426
425
419
419
425
492
424
420
419
426
470
419
426
419
474
419
423
419
419
419
472
419
422
473
419
419
419
426
425
477
429
423
422
423
421
427
467
423
425
420
428
419
419
420
471
822
664
419
429
426
419
419
418
419
422
423
419
425
419
420
426
419
425
423
424
495
419
421
422
420
421
469
427
425
424
426
418
423
422
428
425
418
425
426
419
419
419
419
420
472
420
420
423
419
427
424
418
433
418
425
420
423
425
418
425
429
418
419
470
419
419
424
424
425
420
426
423
427
425
429
419
422
423
419
423
424
419
419
424
489
419
429
419
423
427
429
428
420
419
436
425
418
423
419
429
419
424
419
420
419
419
424
419
418
419
425
419
425
425
418
418
419
426
429
425
426
419
419
418
420
419
422
439
428
418
424
424
419
425
419
422
465
430
420
427
419
425
428
419
419
418
422
419
419
419
418
429
423
423
423
422
430
424
423
420
427
427
419
427
477
423
429
419
423
425
426
423
419
419
425
419
423
426
423
422
423
418
419
427
422
432
419
425
474
419
427
426
419
419
426
419
429
426
419
423
419
418
426
419
420
422
476
420
419
424
425
428
425
425
418
419
475
425
429
428
425
419
419
426
419
419
419
419
428
431
429
423
470
426
420
422
1221
436
432
422
419
943
427
468
474
429
423
420
419
420
422
424
421
419
426
423
425
419
419
423
418
419
426
419
426
438
419
561
419
419
762
471
419
423
431
419
424
419
419
422
480
468
425
419
476
419
430
426
468
423
419
419
425
429
419
424
419
419
423
425
433
428
596
425
813
477
424
423
428
423
424
419
425
471
426
419
419
426
420
420
425
425
430
419
422
427
418
430
419
426
419
425
420
427
469
419
425
426
429
479
418
419
419
425
425
474
424
425
424
423
425
422
419
431
497
473
426
423
422
419
428
419
419
419
425
419
426
429
419
423
419
418
423
420
420
419
424
429
418
422
423
473
426
419
420
418
419
427
423
427
429
425
428
423
428
428
428
419
419
423
419
504
419
423
419
423
419
425
431
419
425
419
419
424
423
419
419
424
422
419
427
419
419
425
430
419
428
429
424
420
420
429
420
449
419
494
426
426
419
426
477
421
430
567
420
419
422
426
426
419
423
427
428
419
419
868
429
425
1485
425
419
419
419
420
425
419
425
420
419
424
426
426
419
419
422
419
427
419
419
419
422
419
429
419
420
425
426
419
479
426
455
430
425
420
419
428
425
419
430
426
420
420
419
426
429
425
454
480
425
420
422
423
419
424
476
1220
419
425
419
474
427
423
423
419
427
419
426
431
423
419
423
419
427
429
418
424
419
419
430
429
425
419
429
419
431
420
419
425
426
515
419
419
473
430
475
426
430
419
426
426
424
429
423
420
426
876
423
424
420
419
427
425
418
418
426
419
420
418
425
426
420
426
419
419
422
471
428
430
427
422
419
419
425
426
428
423
420
419
425
423
422
419
419
426
439
425
419
424
420
419
423
419
419
430
424
424
1226
430
429
425
430
419
419
418
425
421
485
425
423
423
419
425
419
430
419
420
419
424
419
419
423
422
430
428
424
423
419
489
425
425
419
426
425
424
424
464
425
421
419
427
419
419
419
418
419
419
471
419
419
423
468
428
419
434
418
419
423
419
419
423
419
497
504
423
422
419
419
419
425
419
419
422
501
419
423
424
436
420
419
476
475
420
912
428
430
419
426
426
419
419
423
429
427
426
419
419
422
426
425
419
418
475
418
418
424
420
432
425
423
419
419
426
430
419
422
425
419
425
426
418
419
419
427
480
474
419
425
429
419
419
424
430
423
419
419
422
419
419
425
420
471
425
424
423
428
422
420
458
423
419
482
419
424
422
419
425
419
424
464
419
424
424
423
425
425
426
426
419
472
426
419
419
419
423
429
428
419
425
420
420
417
419
427
418
422
420
423
450
419
421
464
419
426
431
419
426
425
419
425
493
420
427
419
468
419
425
426
429
420
422
424
419
419
422
427
421
419
419
426
419
419
426
419
419
419
419
419
419
422
424
419
426
426
419
424
419
418
428
419
419
424
418
427
426
423
469
483
472
419
419
419
419
419
422
441
475
426
422
474
419
419
422
420
418
419
426
419
419
419
424
476
474
420
425
419
419
426
419
425
422
426
425
471
419
488
427
436
472
428
426
419
466
428
420
419
474
426
467
939
426
423
423
425
419
422
419
471
419
419
419
427
420
419
425
419
420
423
429
427
434
418
419
427
472
419
428
430
419
419
429
423
420
429
419
424
423
418
419
428
425
473
427
422
431
432
419
419
419
472
419
425
419
423
418
419
418
426
425
423
420
425
426
426
954
419
475
423
426
422
419
419
424
423
419
426
423
425
424
419
420
433
426
424
419
418
427
427
419
418
419
419
419
418
422
423
427
419
419
478
429
424
419
420
418
425
426
427
419
1178
425
429
419
423
420
419
427
425
425
423
424
425
425
419
477
425
425
424
419
427
478
426
419
427
418
423
425
419
422
423
419
426
425
425
427
426
431
422
431
419
419
877
429
419
468
426
470
419
419
419
421
485
419
418
418
419
424
423
450
420
419
504
431
430
429
426
468
424
419
423
425
418
418
480
428
465
420
420
426
419
425
1145
422
424
426
426
431
419
424
419
462
420
419
419
419
418
457
426
426
425
419
430
418
427
423
429
419
419
425
418
475
444
419
481
419
419
472
428
528
467
423
426
422
426
431
423
419
429
424
423
419
892
420
424
471
428
425
423
433
420
419
428
419
420
423
419
424
421
418
419
419
469
419
425
422
419
425
419
423
427
419
462
761
419
419
426
443
431
419
420
429
428
419
481
419
420
425
422
430
419
440
419
419
419
422
419
419
425
419
419
427
423
420
434
425
484
421
431
419
419
422
419
428
420
419
419
419
419
471
426
428
467
681
425
419
420
422
431
488
491
419
427
419
422
419
429
468
425
419
421
419
425
419
419
423
419
419
420
419
428
424
425
425
419
419
426
428
419
472
419
428
422
474
419
423
426
419
427
419
419
429
419
426
419
420
428
427
423
418
429
423
419
430
419
425
425
432
421
419
420
465
419
419
500
427
423
426
426
419
429
467
467
423
420
420
488
479
429
927
419
423
428
420
428
419
428
419
422
419
477
423
419
469
423
427
427
418
425
424
419
422
419
424
429
420
422
419
420
440
419
419
428
425
425
424
419
426
1231
426
419
422
426
420
425
426
419
427
468
422
419
419
419
419
423
420
423
425
426
427
423
477
420
420
420
475
419
428
419
419
419
419
504
474
423
422
419
419
425
422
419
423
471
428
419
425
426
419
424
425
419
1027
419
426
429
419
421
418
426
423
418
425
426
419
422
426
419
425
425
429
423
428
419
424
425
471
420
419
419
419
419
426
419
418
419
419
484
423
419
431
419
425
423
423
419
422
424
419
420
421
422
418
428
425
423
432
419
423
418
418
429
491
419
419
426
426
479
427
419
419
418
423
420
419
422
425
420
419
426
419
419
419
419
430
426
423
422
418
419
419
418
427
425
423
429
419
435
423
438
424
444
430
419
419
426
419
418
469
425
423
464
419
419
419
419
471
419
429
423
425
419
432
420
419
419
426
427
423
479
422
420
428
424
419
418
423
424
424
428
419
423
419
419
424
471
425
424
465
423
419
425
419
424
429
419
427
427
420
419
423
419
419
464
423
418
419
424
428
428
423
427
422
423
420
419
479
427
422
419
425
420
419
418
419
419
427
430
419
425
424
470
419
422
429
429
425
424
423
427
419
469
426
422
427
419
419
422
428
429
425
461
428
422
470
425
426
430
419
425
419
429
419
419
429
419
419
419
620
425
426
426
419
419
430
426
419
426
426
424
419
507
419
419
426
423
420
431
419
432
422
424
418
419
420
426
423
419
419
427
419
419
419
469
420
419
425
419
419
425
419
425
419
419
476
476
430
426
432
418
419
426
429
419
424
419
423
419
419
419
424
419
419
419
419
423
482
426
427
427
432
423
426
419
418
419
425
420
420
469
1041
418
419
422
424
419
424
418
472
419
424
488
418
425
422
419
821
422
419
441
419
419
460
418
419
420
419
420
423
426
430
423
426
427
419
429
845
437
419
425
423
419
419
425
423
419
419
463
419
425
419
419
425
429
451
441
639
443
419
472
419
428
475
419
430
419
419
419
419
419
424
418
419
423
426
420
423
426
419
419
427
419
466
429
425
419
419
425
425
419
478
426
430
425
423
422
419
423
421
426
428
419
465
420
423
419
422
419
422
423
481
428
438
427
419
419
418
426
425
419
859
419
418
429
426
426
425
418
419
419
420
428
419
466
423
423
428
419
419
426
423
426
423
419
527
423
427
419
430
419
419
419
429
423
425
430
419
424
419
419
419
425
469
426
421
423
419
426
429
419
423
423
419
420
429
424
420
419
499
654
427
425
419
420
418
436
425
491
430
425
418
419
419
426
430
432
423
426
430
423
434
419
419
427
423
426
477
426
430
428
419
420
426
419
425
427
420
427
492
427
419
419
425
419
429
460
419
437
423
418
426
424
425
425
471
426
423
419
426
758
423
425
493
423
425
430
430
425
419
419
463
469
419
419
436
1802
419
420
418
418
418
425
424
419
419
427
419
419
466
419
419
419
423
420
419
419
423
420
420
419
426
426
424
422
423
431
419
425
425
426
420
419
425
472
419
478
419
418
424
419
424
424
429
419
425
426
419
425
495
423
421
419
480
472
419
473
444
418
419
1226
422
425
425
419
420
425
419
470
419
457
427
419
423
420
419
424
419
474
429
426
425
419
419
418
468
419
432
419
425
426
420
425
429
423
420
419
419
477
419
418
425
419
423
426
426
425
425
426
419
431
437
419
440
428
427
430
419
423
418
419
504
473
424
427
425
468
427
419
507
419
431
419
419
424
419
419
419
422
425
423
879
419
423
419
457
424
425
419
426
422
480
430
581
419
429
426
418
425
425
425
419
419
419
420
426
419
420
423
419
419
430
424
429
426
429
430
419
429
419
426
419
425
477
419
475
430
426
422
423
425
423
423
421
425
424
427
425
467
423
420
422
419
418
419
419
422
420
431
423
424
472
484
423
424
427
430
428
425
426
425
419
427
426
423
419
418
418
419
470
479
419
422
419
497
420
419
430
422
423
422
419
421
419
424
418
423
1160
420
421
426
419
469
419
784
424
419
419
419
419
425
419
418
425
422
458
418
426
422
419
419
430
418
420
429
425
421
419
423
425
425
425
427
433
476
420
422
422
475
419
419
420
419
419
422
419
423
419
426
532
426
425
418
421
428
424
419
422
440
425
419
425
425
420
419
429
425
424
419
422
423
418
420
424
423
475
420
427
423
423
426
427
419
423
425
423
426
426
471
419
429
427
428
418
419
420
430
419
421
418
474
419
468
418
419
423
427
479
429
423
426
419
426
419
419
429
423
1298
473
419
419
426
429
419
423
427
426
465
423
423
419
418
426
479
423
427
426
428
419
495
479
422
423
423
430
419
419
419
435
419
419
425
420
419
419
434
422
421
425
471
425
422
419
429
419
419
424
419
495
423
419
419
471
426
426
428
419
425
421
419
865
419
419
419
423
419
425
422
433
429
425
419
424
419
419
420
430
426
420
419
421
419
426
425
426
428
426
1224
426
425
426
420
419
419
420
419
418
419
419
432
419
426
419
429
425
420
419
430
418
419
797
419
423
430
426
419
419
429
476
473
419
419
423
438
419
423
470
419
419
419
423
419
421
423
419
420
478
425
427
419
470
423
428
420
423
419
497
428
419
419
418
425
427
429
536
422
418
419
422
424
419
427
424
426
419
419
419
419
419
479
474
419
425
419
419
419
425
424
427
423
425
423
419
423
426
419
419
423
470
418
425
419
419
423
420
910
429
423
423
419
419
424
419
419
421
419
425
426
419
424
419
419
428
474
426
419
426
423
430
419
476
422
420
426
426
429
418
426
429
428
419
465
430
427
419
425
428
428
424
420
419
419
420
418
419
419
426
430
429
419
423
419
421
419
419
418
419
425
425
419
421
419
419
429
419
426
423
419
423
431
425
422
423
426
429
423
422
437
599
425
420
446
419
478
429
419
419
470
420
425
420
426
430
427
423
419
426
469
421
419
418
476
478
419
476
419
426
419
420
425
423
419
429
474
429
422
419
419
430
425
418
427
422
427
426
420
423
424
424
428
419
419
425
429
423
425
427
424
419
492
425
423
419
426
419
419
426
425
419
423
426
443
472
419
420
418
424
1070
420
419
424
419
422
419
422
428
422
426
423
420
429
420
429
429
426
428
419
423
420
419
430
426
426
419
428
419
419
428
418
426
425
419
420
418
419
423
426
418
419
423
423
419
419
422
425
425
425
423
422
419
472
425
426
429
432
426
470
421
423
419
420
420
424
424
420
419
473
421
424
420
419
417
419
429
422
419
419
419
419
425
425
422
419
420
422
423
430
419
462
429
428
424
419
422
428
425
425
419
419
419
425
423
426
419
422
424
419
429
423
429
423
429
419
429
419
418
420
426
423
425
419
428
421
423
419
429
426
419
425
424
419
424
419
419
419
419
514
419
419
419
428
419
424
420
426
419
422
418
420
423
430
425
471
424
511
419
424
425
418
429
423
419
430
480
471
421
420
427
434
419
429
427
419
419
429
420
423
419
435
423
436
435
425
422
427
469
424
423
419
418
459
419
941
471
422
418
430
428
419
692
419
420
419
469
419
428
423
471
419
493
419
427
423
436
427
419
419
419
423
419
425
419
419
420
434
464
426
429
419
420
419
419
425
422
419
422
427
428
419
427
419
438
419
419
423
428
442
424
420
419
420
426
420
473
420
419
532
419
422
419
419
418
424
423
419
419
874
425
429
427
418
428
422
423
418
419
423
423
419
419
419
422
419
421
427
874
419
427
422
423
419
419
423
420
419
425
426
419
430
419
429
431
424
649
419
425
428
423
418
419
425
419
420
420
423
418
979
423
432
419
419
419
419
419
422
419
424
418
424
419
424
465
424
429
419
431
418
425
419
426
419
419
419
426
425
427
425
425
419
419
419
423
418
421
1220
419
425
426
425
429
418
423
429
422
419
430
499
419
422
419
910
420
423
423
419
419
423
425
500
422
419
436
418
418
426
422
423
419
419
423
420
419
425
421
419
418
419
424
420
419
475
425
490
466
418
419
1059
423
425
425
425
437
419
433
420
492
424
419
419
422
423
477
428
467
423
427
516
419
423
432
424
444
430
425
419
419
991
423
427
419
426
426
426
426
424
475
425
419
426
418
426
419
425
424
433
434
424
419
444
419
426
419
420
423
427
423
422
423
419
424
426
420
422
422
419
470
423
426
419
421
419
420
427
429
431
419
419
419
422
419
418
427
422
425
498
419
419
422
499
422
419
419
419
429
419
418
418
423
419
419
419
426
1224
419
419
419
419
429
423
