994
570
626
527
512
512
511
492
525
517
516
520
582
519
496
549
509
573
515
1175
521
522
507
513
513
517
508
519
522
491
520
592
517
514
508
515
508
516
581
508
559
508
512
515
508
519
508
512
511
513
516
525
1481
515
518
508
516
521
492
517
512
514
518
512
512
567
490
526
521
592
548
527
520
516
525
515
522
517
528
523
515
516
517
508
515
517
511
512
524
525
521
571
525
507
507
511
532
511
570
518
518
520
567
520
521
576
533
508
515
491
526
571
564
507
515
570
507
512
522
573
573
508
570
526
520
509
517
508
511
508
508
512
568
523
526
520
526
523
516
594
517
519
515
495
522
516
522
1047
516
522
522
569
516
516
520
520
516
515
518
515
507
586
515
516
493
1099
515
515
515
519
525
526
564
524
517
516
518
566
585
515
508
521
516
522
520
516
519
520
520
562
516
520
516
512
512
495
516
524
522
522
516
525
516
516
535
508
507
518
508
508
508
583
557
509
508
507
572
498
516
520
512
508
516
512
496
520
515
526
560
492
513
522
543
508
515
513
513
519
514
513
517
516
513
516
491
491
521
520
492
516
512
563
509
514
527
516
507
516
539
568
511
517
520
518
511
516
509
508
561
512
561
508
523
524
521
515
508
507
495
580
580
518
491
521
521
517
509
500
516
514
519
1372
517
508
493
521
516
524
520
513
508
513
524
550
522
519
523
521
550
521
522
513
516
514
512
517
514
512
512
513
512
515
507
560
511
508
509
512
508
509
519
520
522
516
519
512
511
513
561
515
569
521
583
512
517
508
568
508
581
522
508
515
520
515
522
501
522
593
516
526
521
512
508
518
513
523
521
515
568
508
520
516
508
523
526
519
517
515
516
515
521
516
514
514
516
521
516
516
514
508
521
507
508
516
582
512
518
519
521
525
508
521
508
545
508
513
514
513
516
512
513
513
508
611
508
513
523
514
795
508
509
517
580
507
508
512
508
1500
508
517
515
520
512
590
520
509
513
517
498
508
518
503
511
514
564
513
513
507
514
517
567
512
561
515
561
526
508
511
517
492
534
522
522
517
521
521
521
579
513
564
599
507
514
508
492
513
516
508
511
517
515
516
520
517
526
518
514
508
521
517
490
521
508
516
514
513
511
564
490
517
526
521
516
525
509
514
512
585
522
515
584
573
515
516
513
511
522
516
515
516
509
508
495
521
519
511
512
745
512
512
512
518
516
511
512
508
512
508
507
508
521
521
522
516
520
517
515
521
511
526
523
516
515
655
523
524
520
515
519
519
518
509
521
516
523
521
524
507
508
507
511
508
508
507
509
509
513
516
518
520
519
516
580
524
514
511
512
512
507
511
519
514
522
515
514
513
515
581
526
511
514
508
507
509
512
509
513
519
508
559
572
511
512
516
520
512
520
507
520
495
507
1509
566
514
527
566
513
508
509
560
515
508
512
513
999
516
509
511
516
512
508
511
520
491
612
508
517
508
514
508
517
516
520
513
513
508
516
573
524
520
522
516
513
615
492
513
522
511
508
509
517
507
517
547
565
512
524
516
520
520
516
507
508
509
564
515
513
560
561
562
520
509
507
507
524
526
517
517
609
522
525
521
517
509
519
525
517
513
507
517
520
511
520
516
515
494
521
523
520
516
512
536
507
508
508
511
581
508
515
518
508
513
520
520
501
524
525
524
516
525
516
696
523
526
516
513
507
513
508
517
491
515
521
502
524
538
496
521
516
508
513
511
519
566
516
515
526
514
515
526
514
516
520
514
511
508
508
516
516
516
523
516
561
508
507
511
501
522
508
552
512
517
514
512
515
519
516
508
516
512
513
509
508
511
520
516
515
573
523
737
522
517
520
523
516
521
523
517
522
569
519
516
519
492
507
508
515
517
508
513
509
506
516
511
522
513
575
516
516
508
519
516
516
594
514
515
508
513
514
508
518
511
513
508
574
492
589
560
515
508
514
508
522
516
517
520
524
514
492
517
526
1092
520
491
521
516
523
525
516
521
513
508
562
514
511
520
508
519
541
515
527
516
522
520
528
507
513
507
515
508
508
564
514
1255
513
567
562
563
522
525
566
516
508
521
516
516
516
515
522
516
516
522
519
526
522
517
509
516
526
507
516
508
514
523
516
523
701
516
522
512
515
508
508
513
517
516
516
522
578
645
520
491
516
511
491
520
519
522
511
507
508
582
520
522
521
508
512
523
525
525
515
567
517
523
515
523
514
553
508
562
546
569
514
512
508
507
512
513
521
512
560
529
507
508
508
511
517
517
517
517
517
516
522
522
522
525
523
586
517
521
515
490
512
523
516
517
592
521
516
517
535
519
583
520
524
517
523
525
520
520
531
519
516
517
521
521
521
517
517
520
516
516
519
522
525
524
517
516
507
509
512
605
519
519
521
567
521
491
522
491
509
522
521
568
508
523
513
517
514
507
579
512
513
516
519
509
512
522
514
512
571
520
516
520
508
508
511
507
508
515
601
516
517
520
522
512
508
508
520
522
516
521
517
515
508
516
520
507
507
515
517
567
509
513
513
517
509
513
509
516
524
647
522
492
516
516
522
517
520
521
516
513
514
508
565
507
508
522
491
521
568
520
521
523
514
516
509
517
526
523
526
520
515
512
508
508
516
517
512
508
514
513
514
513
515
492
515
521
494
492
495
516
522
517
516
519
584
517
511
524
516
517
519
509
517
491
605
508
514
508
510
626
526
509
510
575
510
513
511
587
560
511
515
507
512
517
513
490
520
516
521
492
492
526
527
507
511
514
508
542
517
517
488
514
522
512
514
508
508
508
515
512
508
511
512
508
512
493
517
507
521
516
552
508
513
524
510
508
512
513
508
513
514
513
514
582
514
511
512
515
522
515
519
520
525
516
523
509
1136
508
508
514
509
513
499
521
508
511
508
560
517
512
891
517
522
516
516
575
521
516
516
519
517
515
508
512
512
562
538
571
513
514
526
499
515
516
521
521
516
511
574
521
524
522
569
513
507
508
512
1083
508
520
516
520
512
565
579
519
508
517
518
526
520
515
516
514
522
515
516
514
508
515
517
516
526
526
563
506
528
573
520
530
515
522
571
527
520
521
512
519
514
522
525
516
521
524
516
513
1064
524
514
519
1032
567
508
509
517
509
508
519
515
522
510
491
516
519
517
502
527
509
517
516
512
513
523
516
508
514
527
511
513
509
510
520
523
500
589
503
524
507
517
513
516
508
511
495
511
517
562
512
509
523
514
508
508
515
509
514
573
522
515
514
512
514
513
515
516
522
725
526
516
523
508
516
518
509
574
522
508
526
521
552
513
508
570
560
507
525
516
517
508
509
507
508
507
508
508
520
522
508
512
523
516
567
507
507
587
511
516
521
524
511
506
514
520
524
516
522
516
523
524
516
516
513
515
524
522
517
509
518
513
512
508
495
522
517
509
564
610
508
499
517
522
517
507
508
516
529
510
511
512
509
597
575
519
516
522
520
521
515
508
515
511
518
513
507
508
507
569
610
575
519
517
525
517
513
515
588
512
578
516
509
573
517
521
516
513
527
525
523
508
508
567
564
509
516
509
521
515
507
592
515
508
528
492
490
516
508
513
513
517
509
521
508
510
514
519
520
509
510
517
515
491
515
526
512
516
516
645
516
516
511
508
834
525
515
587
526
588
702
517
493
507
512
513
516
512
494
531
528
508
508
516
508
511
515
569
520
513
491
519
521
527
516
521
519
607
491
617
522
491
495
507
523
518
521
594
526
561
522
520
527
583
509
516
517
513
515
510
527
516
513
508
514
579
520
491
516
521
522
517
508
507
508
513
525
578
514
509
508
511
508
507
508
508
522
523
513
516
512
508
562
508
519
531
511
491
515
496
519
526
523
522
516
518
514
524
516
526
592
516
512
565
512
519
508
508
522
516
526
522
516
492
511
1028
574
517
517
512
509
517
522
507
512
508
516
513
514
507
509
517
508
508
515
507
507
509
507
513
514
513
509
569
513
514
512
516
511
580
579
1201
507
505
510
554
507
514
516
520
524
512
508
525
512
512
514
517
517
523
515
520
521
519
515
512
513
508
518
519
517
507
510
517
508
554
511
512
513
519
509
512
517
514
520
563
507
514
510
507
511
499
524
507
510
508
521
962
514
512
519
515
519
523
516
522
516
523
581
521
516
525
512
507
514
576
508
509
512
522
514
513
513
512
511
512
515
507
512
508
519
721
516
516
515
505
522
516
516
519
588
508
522
518
511
513
519
511
575
514
509
516
507
580
591
525
522
569
491
515
571
521
508
521
513
578
508
511
517
511
508
557
519
526
513
507
550
522
515
520
509
511
507
512
513
515
517
572
515
523
516
516
586
521
514
509
522
511
511
516
507
513
514
525
512
525
507
521
524
513
522
524
522
516
516
495
517
526
524
523
511
513
508
950
524
492
512
618
508
508
514
509
524
525
527
1487
523
522
521
508
514
514
515
507
517
508
514
507
508
514
522
505
512
513
515
567
512
511
514
509
509
507
520
520
522
518
517
516
521
519
520
522
569
523
516
1200
508
508
509
508
507
527
556
512
508
514
519
499
573
516
521
515
516
521
522
516
522
522
517
518
520
516
515
516
1148
508
517
545
525
509
508
514
508
508
523
559
595
525
491
516
514
522
516
517
516
516
515
520
515
515
517
511
514
517
508
521
522
516
516
512
528
526
520
514
516
508
512
511
518
530
519
510
516
521
523
510
509
520
512
508
518
519
525
491
515
507
568
508
519
521
516
525
513
516
570
513
512
507
513
511
513
563
508
512
517
527
518
524
508
513
512
566
509
508
523
553
509
516
512
522
508
513
564
512
512
508
527
516
516
512
513
508
514
507
509
516
513
513
507
515
513
510
520
520
516
526
521
522
522
517
515
514
514
519
517
516
515
579
523
507
513
512
513
508
508
521
512
526
526
512
512
492
515
520
508
565
514
508
507
508
520
515
525
509
513
512
508
570
516
512
516
514
509
513
517
521
519
516
525
571
520
516
516
516
515
516
511
514
514
577
521
559
527
519
520
581
507
516
561
562
512
508
513
509
580
519
509
1253
509
513
527
521
494
516
609
523
507
525
520
523
514
510
512
513
508
517
523
512
508
514
512
508
517
514
512
507
515
517
573
516
566
512
507
516
576
513
508
563
515
530
514
513
512
508
516
517
523
516
491
515
506
522
516
520
498
497
523
520
760
509
515
513
518
518
560
512
513
508
510
508
519
508
512
519
512
509
521
523
524
516
569
525
522
523
526
578
516
508
517
507
507
523
508
517
511
508
514
513
517
508
508
512
514
562
515
523
513
510
514
508
508
512
512
511
508
508
507
582
523
580
516
515
512
519
544
517
525
513
572
501
516
508
520
523
508
510
513
515
526
520
508
512
507
513
622
519
568
508
517
517
513
660
592
514
521
580
525
519
520
516
522
526
521
515
522
508
519
509
516
522
574
516
513
509
507
521
513
516
516
524
517
520
519
517
523
519
518
517
492
515
494
512
515
515
517
511
521
513
514
575
516
523
577
513
520
617
617
519
592
516
523
509
512
517
520
512
523
507
520
517
1041
515
520
572
508
507
508
509
507
513
536
855
515
522
517
502
573
942
515
492
516
520
516
493
515
507
508
515
516
511
515
507
515
508
517
509
514
519
514
508
558
508
512
495
515
507
507
511
525
515
593
514
507
511
495
516
524
517
517
516
516
511
514
563
514
516
569
517
510
495
516
515
507
562
507
509
513
509
507
516
541
526
521
495
524
508
492
524
516
509
521
525
526
526
491
517
521
520
491
511
512
521
519
509
512
516
516
516
508
521
531
513
512
515
512
513
517
517
514
1485
524
511
513
508
584
508
517
517
507
511
531
516
526
618
516
1025
507
508
524
526
515
514
509
562
512
507
516
508
508
507
512
497
512
509
508
512
537
514
511
507
572
516
526
570
521
523
516
491
516
554
516
521
516
491
527
573
531
516
513
526
520
1139
508
565
520
522
509
516
581
508
514
573
511
507
524
568
520
509
492
514
519
509
512
519
495
522
516
512
513
512
933
540
702
512
526
586
508
507
514
514
516
492
511
575
516
514
578
508
512
513
514
508
516
516
517
515
592
512
507
514
522
593
508
513
507
543
511
507
524
523
511
520
520
513
505
522
513
513
561
565
514
518
518
508
508
522
497
514
557
515
512
508
517
511
515
522
491
516
527
519
523
519
521
514
515
516
512
512
507
560
517
522
522
520
509
513
508
495
513
679
526
519
522
520
524
514
512
508
508
507
508
508
520
521
516
515
514
513
563
524
522
1377
507
514
521
522
525
508
513
517
509
577
517
568
512
508
519
517
515
513
517
522
524
516
517
516
522
509
511
515
507
517
512
522
521
517
517
508
491
514
515
516
517
517
514
513
508
507
495
514
527
521
521
516
520
514
522
522
572
514
509
507
517
532
522
512
511
559
526
515
514
514
511
514
508
509
508
508
491
492
496
520
517
523
557
512
517
511
529
512
515
760
516
697
520
520
522
1150
521
520
509
517
564
523
499
515
573
523
524
526
524
526
569
521
515
491
701
524
863
529
519
508
514
508
610
507
513
515
512
508
512
513
512
516
512
512
513
508
522
516
526
515
517
517
515
521
516
493
517
507
508
514
513
526
538
517
515
525
518
509
517
516
522
507
526
519
514
516
522
512
533
524
521
519
508
516
521
545
513
514
511
492
513
508
563
516
508
512
507
516
507
512
583
515
564
563
518
508
513
513
509
515
521
517
527
511
510
518
515
514
531
516
587
507
517
514
518
507
521
516
519
520
604
519
529
517
491
522
524
515
547
520
521
527
521
514
591
513
514
515
521
507
514
513
512
512
514
508
507
508
520
517
521
514
508
517
514
513
507
509
516
513
517
536
512
508
517
507
512
508
509
857
509
520
520
520
517
574
516
523
530
525
515
520
526
521
521
491
516
522
495
557
526
519
517
526
513
517
491
525
491
557
515
521
516
519
516
500
513
517
513
510
514
511
522
512
513
508
514
515
491
508
522
508
517
525
523
507
598
524
523
567
490
557
509
519
522
521
1255
513
523
513
512
508
521
522
508
508
517
514
512
513
508
522
509
511
515
525
579
513
508
558
525
508
521
516
521
520
525
521
521
569
523
515
521
520
517
562
511
1352
509
516
493
508
517
562
520
507
513
508
509
507
513
519
508
517
511
508
512
583
523
522
509
517
492
550
521
514
514
508
509
515
508
518
508
491
516
507
521
588
523
570
511
513
509
551
571
508
513
570
507
508
517
508
513
508
508
523
523
520
512
508
509
509
507
507
566
509
507
512
844
508
507
507
516
568
517
521
506
537
508
515
521
512
535
521
573
611
539
559
517
520
521
530
511
514
507
508
514
568
518
515
524
526
516
516
517
507
603
514
513
508
514
513
517
508
517
507
513
507
516
513
512
515
508
565
507
512
515
515
568
523
524
507
512
523
508
557
512
516
520
516
1236
511
492
521
525
522
519
525
522
522
523
517
512
507
507
513
511
511
513
513
512
518
704
516
513
509
513
512
512
514
515
519
568
522
571
595
524
516
520
517
508
516
521
516
517
516
508
515
512
508
516
585
517
510
519
510
506
520
525
527
517
946
523
492
516
576
569
508
514
513
508
507
511
521
526
516
512
520
519
526
579
509
575
508
498
513
512
507
516
515
508
563
508
507
510
508
507
510
592
507
518
586
525
581
516
512
513
495
526
491
513
522
516
522
521
518
522
522
518
500
573
492
522
492
522
517
514
492
512
512
516
772
1255
523
516
519
526
516
512
520
521
522
518
526
517
522
522
522
518
511
515
516
520
520
525
524
526
590
525
516
516
1035
522
516
516
520
491
519
518
516
521
799
653
522
512
525
522
517
518
518
576
516
512
520
522
517
509
509
563
524
519
517
507
518
512
508
509
516
511
513
508
514
521
518
520
508
500
513
538
525
523
521
522
508
573
520
519
511
515
521
516
508
517
508
614
521
509
514
512
508
511
514
512
887
562
568
563
591
519
522
520
526
499
683
526
547
517
517
518
495
520
523
509
590
507
495
513
513
565
513
551
513
513
509
514
513
525
519
521
521
573
508
508
513
561
508
517
522
526
519
516
525
583
495
1488
527
516
492
523
521
559
514
508
604
514
508
510
520
521
522
522
524
565
496
519
508
523
521
513
508
516
516
520
516
598
504
512
519
522
517
513
516
514
511
520
517
513
517
512
512
513
508
556
522
521
519
519
525
579
513
517
512
513
515
520
508
514
526
508
511
508
522
526
509
508
578
512
520
609
511
513
520
507
511
516
514
522
521
515
499
556
521
517
517
521
513
508
571
495
516
516
525
520
516
533
518
513
509
513
508
517
512
518
517
516
525
492
516
697
520
513
492
524
516
491
523
517
946
508
515
550
520
521
525
525
512
509
510
509
518
508
522
522
513
512
508
512
513
513
517
515
512
517
521
516
508
508
521
516
515
512
511
513
507
584
511
519
516
516
491
570
519
520
512
508
511
513
512
571
508
566
535
518
514
523
490
521
516
508
521
519
557
520
525
512
516
521
525
521
507
514
491
519
568
522
520
522
492
510
512
527
516
519
513
514
515
515
515
516
1516
515
522
521
525
520
516
516
492
508
518
507
513
518
511
515
507
559
516
514
509
501
513
507
513
512
508
521
523
519
516
496
520
525
525
516
521
517
525
519
515
756
516
519
1409
520
513
507
516
521
510
549
492
514
521
590
516
575
508
516
514
519
575
507
511
507
508
559
560
509
514
520
521
1294
513
511
519
516
495
519
508
516
513
522
522
521
514
507
509
509
514
515
513
534
508
523
521
519
507
518
513
513
517
524
537
523
516
513
520
507
515
514
513
517
521
511
560
524
521
570
516
516
578
517
517
521
524
507
521
523
525
522
517
520
515
522
515
522
522
522
517
522
520
516
525
515
516
519
523
516
524
526
520
509
521
521
516
524
516
523
521
517
516
521
495
517
514
512
509
509
561
512
521
522
522
508
514
516
508
507
520
521
516
508
513
521
574
508
522
544
512
517
508
512
507
515
507
507
513
508
518
514
512
522
1443
606
528
521
516
580
515
520
583
513
1310
521
516
507
508
508
520
522
492
513
517
507
512
517
514
507
524
508
607
515
508
508
517
514
515
495
561
517
508
522
496
496
516
506
516
591
517
523
584
522
511
526
508
513
512
519
600
512
496
570
515
508
513
513
521
508
523
515
517
512
517
509
509
509
508
511
512
515
524
508
587
508
508
513
521
522
525
514
513
509
513
521
520
507
527
520
516
519
524
525
516
515
521
513
518
513
523
522
510
511
567
523
518
522
553
514
589
523
519
516
515
520
571
517
575
516
516
521
508
515
507
560
515
517
512
514
550
518
525
520
510
517
588
518
516
515
508
595
515
518
1213
524
507
508
508
511
532
525
515
519
517
516
523
521
520
514
508
514
508
518
520
515
507
588
516
514
514
508
520
520
516
521
516
495
533
522
493
516
522
579
508
513
505
525
515
525
521
527
500
522
637
1164
516
518
515
514
508
517
513
522
519
507
520
508
521
514
626
531
672
522
521
519
517
516
520
513
508
517
512
492
522
519
516
508
509
517
520
507
507
516
511
492
516
514
509
521
520
1357
521
526
522
519
491
515
520
513
512
516
515
524
492
522
516
516
514
508
514
558
527
513
508
547
507
512
584
515
514
559
507
492
511
517
566
512
525
523
521
509
508
508
516
511
516
510
513
514
507
498
521
517
525
589
516
508
522
520
516
517
518
512
510
513
521
521
525
519
514
516
520
580
526
492
508
514
573
569
515
521
507
514
1216
522
517
514
510
516
508
511
511
508
516
512
517
517
512
514
514
516
495
515
493
504
513
491
526
522
512
518
517
516
516
501
515
495
511
1331
515
512
508
512
513
511
514
492
521
512
507
567
559
515
517
515
507
523
522
516
532
522
507
511
517
566
508
514
856
518
513
514
577
508
508
522
516
581
507
515
513
508
512
515
515
615
514
1142
509
508
516
514
517
508
508
513
553
521
513
507
523
593
490
516
525
508
550
508
500
586
490
533
517
522
494
516
510
522
521
515
525
521
516
573
521
516
526
526
521
522
524
491
508
515
520
522
522
523
516
521
516
516
522
532
509
514
514
508
508
519
509
562
513
508
584
508
513
508
513
556
602
511
511
517
508
576
520
516
508
513
507
508
511
508
507
514
515
514
527
507
512
512
512
509
566
516
521
570
520
507
555
520
526
580
515
522
491
516
495
592
517
526
512
525
512
514
512
517
508
509
511
827
508
509
586
522
516
521
520
509
520
520
511
521
492
511
521
518
602
523
522
512
508
522
508
518
508
513
522
516
525
515
597
525
518
523
511
524
521
524
521
516
520
519
509
509
515
521
513
508
516
520
519
526
519
520
516
520
514
518
526
529
522
515
526
520
495
527
516
521
511
516
496
496
515
518
516
522
520
513
522
521
989
527
492
526
508
523
561
510
509
513
507
508
508
516
518
513
513
513
517
513
561
513
512
514
507
516
508
517
507
507
521
516
523
569
507
505
522
499
512
513
508
507
523
519
524
520
516
517
516
1098
511
569
512
511
559
515
523
520
505
508
519
517
517
511
523
515
513
515
509
507
508
567
508
517
517
514
552
517
513
512
516
517
1039
513
507
512
574
508
517
514
508
508
512
516
521
867
511
514
507
515
521
512
508
515
608
520
522
515
509
512
507
563
513
507
515
512
511
535
514
511
514
513
520
507
505
521
496
522
520
528
516
514
517
533
512
517
584
568
522
522
516
520
516
516
520
521
517
491
512
521
525
523
521
570
525
514
559
560
515
512
515
516
521
516
517
516
522
517
515
515
520
523
517
520
491
515
515
586
515
524
526
520
513
508
514
520
516
515
515
514
496
508
512
512
508
515
508
509
520
573
523
516
520
520
508
511
507
520
517
521
574
521
516
509
517
523
521
516
525
520
501
514
561
496
517
522
516
522
508
508
520
509
515
514
517
516
519
521
540
516
565
492
521
523
512
521
525
518
520
520
521
509
512
517
518
513
512
559
603
507
511
508
507
516
516
525
524
520
513
508
511
565
511
507
514
507
517
586
521
519
517
521
520
516
571
516
516
521
571
524
515
516
522
512
517
522
508
522
516
522
1269
516
512
519
516
508
515
508
511
516
512
518
509
520
519
566
496
521
515
523
523
529
522
537
511
514
508
512
522
512
517
518
513
513
507
508
525
508
508
526
511
509
509
517
520
568
516
617
512
500
516
983
554
513
513
514
513
512
1305
519
521
516
521
516
521
523
522
526
575
512
491
507
512
513
767
508
562
513
513
511
522
516
511
511
524
507
522
516
586
508
513
512
516
509
496
521
595
523
521
520
511
526
521
524
492
522
516
516
512
524
516
525
512
510
517
514
507
531
516
581
520
517
523
512
511
509
513
513
508
508
522
517
525
519
512
1326
521
528
525
517
522
521
512
518
514
566
512
508
509
517
509
517
517
513
507
517
520
521
525
555
511
514
522
521
522
522
519
533
520
516
497
581
519
525
516
509
518
520
513
512
513
492
519
516
583
520
520
523
525
506
511
508
515
517
523
517
491
523
491
508
508
515
587
493
513
517
512
517
516
513
514
572
518
508
515
513
512
512
508
509
514
515
518
521
511
517
516
517
522
569
515
521
519
516
578
505
508
561
513
514
517
513
508
507
508
514
512
513
513
515
508
512
519
508
507
509
514
517
558
517
519
520
522
517
517
515
523
520
525
520
526
569
515
570
516
521
517
520
517
520
523
516
516
520
508
513
520
520
520
517
521
559
569
512
507
513
514
502
520
580
559
511
517
526
526
516
508
527
509
518
517
508
512
513
509
511
512
516
517
512
508
516
522
516
510
511
513
565
508
516
517
1453
517
522
511
568
516
521
522
594
515
514
507
508
507
515
508
513
516
508
515
571
515
507
520
507
508
507
514
511
581
507
496
520
516
519
517
994
511
515
519
514
511
507
507
515
527
511
512
516
527
615
519
516
516
509
515
527
538
515
535
491
520
519
528
524
514
516
523
519
515
520
525
516
562
513
520
526
570
507
508
508
517
522
519
509
514
525
521
517
509
517
509
519
492
494
515
516
508
516
514
512
546
496
523
526
525
509
511
523
512
512
569
518
514
515
509
491
511
508
518
517
522
490
491
572
572
516
521
523
515
508
516
516
516
517
520
511
516
512
521
515
522
516
520
516
524
515
508
511
512
507
508
517
509
515
512
508
491
517
516
520
511
519
518
514
492
509
509
515
509
514
516
517
513
511
508
516
516
521
566
511
513
518
509
516
519
515
521
1475
520
517
521
525
584
516
520
521
524
525
522
520
525
526
520
509
517
519
567
525
515
526
520
520
517
520
524
516
510
568
508
515
522
517
562
536
564
525
516
511
602
524
516
519
521
509
522
522
516
516
522
495
512
515
572
507
574
511
508
517
509
523
516
520
584
520
517
526
492
1400
508
597
511
520
508
515
498
605
527
584
525
508
514
507
517
524
516
517
525
506
521
520
508
507
513
516
518
513
511
516
516
508
508
517
516
521
520
516
521
522
528
522
508
508
516
576
525
571
520
520
518
565
492
513
507
508
514
518
513
516
515
516
521
517
514
509
512
507
570
517
516
522
524
507
508
1351
514
590
507
507
516
525
524
515
524
516
524
572
525
512
523
523
494
523
524
515
527
520
519
521
520
521
560
1038
511
511
665
516
520
516
526
507
516
563
508
522
523
516
521
526
517
520
513
514
571
559
512
562
516
519
492
572
515
545
516
573
517
513
507
492
515
579
520
508
514
518
515
507
520
523
516
559
520
519
515
512
508
509
492
512
508
507
522
521
502
515
569
507
518
512
523
507
518
512
514
513
555
563
521
508
520
521
508
507
513
563
518
517
516
525
525
525
520
515
580
516
513
513
512
509
507
507
560
516
522
516
511
505
517
516
516
514
516
516
507
513
511
508
514
517
521
517
515
508
510
508
508
523
520
516
504
517
524
522
532
521
515
516
517
519
514
507
508
494
521
526
512
514
508
521
517
511
512
508
512
508
507
513
508
508
514
624
519
511
516
518
513
509
516
617
521
516
520
521
518
516
516
519
492
562
508
512
514
508
511
508
525
522
570
520
517
522
568
508
513
517
512
517
507
512
522
517
516
509
513
563
508
508
526
492
508
508
570
516
516
514
527
524
525
496
527
523
521
515
509
520
516
516
517
521
562
496
521
517
520
508
515
507
508
512
514
522
516
517
515
577
912
516
522
508
491
516
521
521
509
603
516
522
521
495
520
533
548
568
516
516
517
536
524
571
526
527
526
512
508
508
942
522
516
525
516
516
512
508
518
514
516
516
509
526
516
520
528
516
491
585
512
507
507
519
515
573
522
515
571
520
515
523
521
525
521
519
565
526
524
511
508
512
522
518
509
513
520
526
521
511
492
522
520
519
492
517
516
519
521
1108
511
517
525
555
508
525
555
507
512
507
518
520
507
561
508
514
508
515
508
576
521
520
512
517
1074
527
549
508
512
508
508
512
491
517
509
511
512
516
508
511
513
508
508
507
576
511
521
516
508
508
514
512
495
506
579
524
519
520
532
516
547
492
516
517
510
521
495
514
517
517
517
519
516
570
508
562
508
511
509
575
516
521
520
516
1170
514
494
508
521
521
527
522
519
509
588
513
517
521
562
512
514
520
527
508
512
583
517
519
516
511
508
512
513
508
509
514
511
523
507
507
513
507
508
520
604
525
508
511
513
521
526
517
522
516
512
519
517
507
512
574
512
517
521
511
508
517
509
508
516
508
519
521
516
515
525
516
507
522
492
521
508
512
517
517
515
516
516
525
516
522
507
699
522
498
521
570
512
508
508
507
508
508
491
519
524
508
520
516
524
516
507
520
508
564
567
507
496
591
520
505
517
515
520
566
521
986
609
507
514
507
497
517
514
517
507
513
515
509
520
526
562
512
523
610
524
512
521
516
511
508
508
508
557
511
520
586
516
527
508
509
574
517
517
522
517
881
520
516
521
522
525
520
519
508
514
518
491
522
571
517
581
522
521
491
525
569
503
526
521
516
491
522
514
514
508
513
512
513
518
518
513
662
523
516
508
509
517
512
509
508
515
513
509
511
511
515
515
514
512
508
508
507
507
515
508
520
512
587
509
520
519
515
519
512
562
514
519
513
522
496
512
508
521
521
521
525
512
493
491
517
517
494
626
519
518
524
568
507
513
513
495
519
516
561
508
565
514
511
507
512
513
513
521
1030
512
508
525
492
516
519
522
520
523
564
516
563
516
597
525
515
508
514
515
508
522
516
522
519
522
525
492
535
508
516
522
523
709
512
512
508
524
525
522
519
507
511
520
523
513
569
511
513
523
510
513
516
568
508
515
515
497
519
507
516
511
514
522
523
520
525
516
495
511
518
512
491
513
507
508
507
529
519
519
520
523
524
572
571
507
513
494
517
516
565
514
561
563
517
514
596
508
515
509
492
508
512
524
509
513
554
517
511
513
509
508
508
517
518
519
496
523
519
509
512
490
497
553
515
512
519
518
526
524
513
511
521
568
515
517
521
522
521
518
519
523
516
516
508
517
517
515
506
516
490
516
553
494
520
521
490
521
519
520
511
516
516
492
493
554
515
568
507
508
512
523
516
514
518
507
513
522
495
522
521
522
516
520
509
512
507
581
586
519
517
521
520
517
522
942
611
491
508
508
521
1367
518
525
526
526
572
528
514
512
491
526
507
511
518
521
508
609
526
581
515
605
508
513
491
516
574
511
517
518
573
513
513
514
523
514
607
524
521
522
513
508
562
511
520
522
520
1236
513
524
517
517
513
514
511
508
512
508
516
514
508
508
517
523
516
516
522
512
515
524
521
521
532
519
525
522
569
517
522
516
509
520
523
525
516
508
516
511
520
536
507
527
496
515
515
522
517
517
511
1198
516
491
495
520
491
497
523
508
508
511
509
557
507
513
515
513
517
522
512
508
571
520
512
502
519
730
523
516
507
512
525
515
568
576
491
523
492
501
522
507
513
516
508
513
511
557
510
512
508
515
512
511
514
513
514
509
516
520
522
516
521
518
519
508
511
513
522
507
520
566
507
512
520
806
511
512
508
517
514
567
515
520
494
517
518
1276
514
507
515
508
511
516
520
521
520
516
521
512
508
514
512
518
516
522
580
516
526
521
523
521
525
522
492
695
516
517
516
517
516
518
526
520
520
521
578
523
519
522
513
518
514
512
509
577
517
589
507
515
522
518
519
512
523
507
513
520
517
590
580
536
516
515
511
496
497
508
507
520
516
522
507
509
508
513
519
515
520
512
516
518
519
524
522
530
515
516
508
517
522
491
598
514
519
514
508
508
512
512
509
512
511
513
509
509
512
513
514
510
524
508
514
513
511
508
518
514
517
522
506
570
507
508
517
507
513
523
513
515
517
568
512
513
586
522
508
495
508
510
512
512
513
507
511
513
508
508
508
507
507
511
513
509
518
512
507
559
517
517
516
508
514
513
516
517
510
519
523
508
937
507
519
518
492
511
510
507
516
508
507
580
513
508
513
511
509
512
508
513
512
509
564
509
521
574
522
521
516
516
522
522
519
519
509
514
599
513
508
517
513
591
516
526
1199
517
527
492
522
520
516
520
575
508
514
561
513
508
517
511
565
509
514
509
556
509
517
519
515
523
511
522
519
508
517
518
507
522
538
513
522
526
512
524
516
578
508
521
508
512
518
508
516
571
507
1374
514
508
510
509
560
499
522
522
519
513
491
512
561
517
510
522
516
507
511
513
508
508
511
513
508
519
520
516
508
512
514
516
513
508
522
526
516
516
521
525
521
517
508
513
560
514
513
512
520
520
507
577
507
523
514
516
514
510
513
512
515
520
517
517
516
518
521
508
514
519
503
517
513
514
513
509
516
515
508
508
521
491
495
523
512
511
523
524
521
522
524
578
517
519
507
515
522
515
517
511
575
514
508
518
516
512
492
517
523
559
524
521
522
521
517
521
521
560
508
508
1152
513
508
516
517
512
516
520
574
516
574
498
517
583
518
509
529
507
523
522
515
522
522
516
581
520
508
516
516
515
530
515
521
513
516
508
564
508
515
513
556
517
516
516
515
492
492
496
508
508
513
508
518
517
517
511
574
518
507
495
508
507
511
1093
522
513
501
511
509
508
513
522
521
508
512
518
519
517
514
508
508
515
521
517
517
559
518
508
507
521
523
526
494
521
508
507
519
516
515
575
516
522
516
523
509
694
512
518
507
521
511
516
516
525
516
492
551
593
521
516
512
514
513
592
520
517
520
493
513
520
509
568
570
508
567
512
508
571
509
561
512
565
508
514
516
510
516
509
508
526
521
574
521
511
515
509
511
513
517
508
511
516
626
516
518
516
508
508
512
516
517
577
508
512
512
548
507
513
511
509
563
514
507
517
507
516
516
491
516
521
522
515
516
513
513
514
507
522
517
568
508
519
515
513
662
527
526
521
515
519
507
507
670
524
525
560
508
563
508
495
507
650
522
522
532
520
514
575
523
515
512
516
512
522
557
513
521
513
507
507
512
518
516
511
521
564
561
516
518
510
508
550
520
509
513
522
508
521
515
530
522
508
513
513
511
512
508
515
564
500
525
517
519
516
513
514
515
513
562
519
521
509
518
518
520
524
508
514
528
517
763
514
512
507
508
514
520
521
513
512
509
517
572
516
515
513
514
508
515
514
517
508
511
513
517
512
562
507
561
515
577
526
490
569
525
516
567
521
525
522
519
523
516
516
521
516
517
522
525
517
512
573
520
517
516
504
524
521
522
519
519
519
516
495
519
516
511
522
520
510
491
574
507
516
517
494
521
517
513
567
526
521
512
508
513
516
569
508
522
568
520
521
516
516
521
518
512
512
517
513
512
509
514
514
513
511
513
516
513
514
525
566
578
520
510
512
514
513
513
508
515
516
512
512
515
513
562
518
554
700
520
517
517
513
507
513
507
517
515
515
566
571
526
516
522
571
516
519
517
509
514
523
879
513
515
508
507
513
513
517
510
515
515
508
509
520
516
508
517
520
574
520
522
520
517
519
512
559
525
513
513
529
525
520
560
508
514
569
522
516
522
514
508
507
564
508
516
563
522
506
515
516
514
508
508
508
514
509
508
511
511
513
512
507
511
561
511
511
508
508
513
513
518
516
513
555
508
512
520
525
517
517
569
525
526
552
509
515
516
521
524
517
590
524
543
517
516
514
516
508
576
511
517
565
508
507
516
521
552
511
511
514
517
514
557
512
565
517
515
1204
517
738
509
516
514
508
512
522
569
507
508
507
510
508
508
516
495
570
530
521
492
492
492
513
517
517
609
521
557
517
572
520
574
525
516
521
517
565
492
523
525
507
563
513
530
524
527
520
515
521
521
507
492
521
520
516
514
508
521
516
525
527
508
519
516
524
522
522
516
513
523
577
516
522
522
527
517
587
525
516
521
508
537
585
515
517
508
507
513
508
517
515
508
520
516
526
517
516
515
523
517
515
513
517
515
516
521
520
521
537
505
523
517
515
513
518
515
519
523
513
516
522
516
519
515
645
518
522
526
529
513
582
614
508
514
563
525
522
519
496
508
522
563
520
622
523
519
508
512
513
526
525
522
503
508
560
514
559
980
514
496
515
492
507
522
517
514
513
515
509
522
516
516
516
520
521
516
520
525
507
509
515
568
511
511
521
523
526
514
512
509
518
512
492
516
515
521
512
569
513
512
515
493
523
509
525
526
521
570
517
524
520
508
509
512
512
509
526
513
520
523
588
516
516
562
568
521
516
525
517
512
508
512
514
507
518
507
584
509
508
508
513
609
508
517
521
516
521
521
519
517
522
512
515
511
512
508
508
513
511
511
1152
511
511
508
507
508
523
589
552
520
525
517
516
495
519
522
534
522
515
516
492
522
508
507
573
515
528
515
519
511
581
515
514
516
521
526
518
560
513
514
516
508
508
508
511
520
561
508
517
508
514
501
516
522
520
526
517
510
509
519
491
535
509
515
524
512
512
512
514
508
509
508
509
514
518
532
523
522
521
516
514
508
508
509
512
577
579
516
511
523
514
563
565
519
516
516
520
512
516
515
2364
567
525
520
520
521
516
527
518
525
520
514
512
508
491
519
523
491
520
522
522
526
507
508
517
508
516
527
517
516
574
521
516
517
521
606
522
507
508
517
514
515
509
511
566
522
579
513
514
518
513
529
537
511
524
566
515
509
519
522
523
525
509
514
516
516
508
507
510
519
516
522
521
513
522
516
516
559
517
526
535
517
515
515
513
525
508
512
526
522
522
523
525
524
570
520
516
516
516
513
513
520
509
525
527
507
513
525
525
566
500
512
507
512
508
525
525
517
517
515
518
594
493
508
512
521
539
524
538
525
517
512
516
521
556
519
523
529
492
509
519
508
511
512
507
512
507
522
562
519
514
512
507
512
514
521
520
513
512
509
512
502
516
523
516
567
494
510
507
508
515
517
517
515
524
509
514
509
516
520
520
522
516
525
522
525
521
516
520
516
523
517
520
527
522
515
516
564
508
509
492
518
966
561
493
558
514
515
527
519
512
515
579
516
1280
515
507
514
501
508
511
512
562
516
509
504
516
516
509
559
514
516
512
561
509
515
508
491
516
521
522
523
520
522
517
515
521
516
525
510
509
511
516
520
512
513
518
508
513
513
1259
512
514
518
500
512
574
519
513
508
579
561
512
508
507
515
602
514
517
513
563
517
512
514
515
521
569
518
517
521
522
521
510
507
508
522
508
519
520
525
523
508
512
513
509
520
525
515
509
511
517
516
563
512
519
492
927
517
508
515
508
529
513
525
522
552
513
521
512
516
596
500
523
517
573
520
515
514
578
512
511
517
509
512
521
512
512
513
617
508
563
508
512
512
512
508
573
517
577
526
525
523
522
507
508
512
508
509
562
513
508
513
521
512
517
554
522
526
525
494
515
528
516
524
521
521
516
508
511
516
553
522
524
598
521
575
507
508
519
520
521
522
513
511
528
513
514
514
520
513
508
517
508
604
570
508
508
510
507
507
559
491
515
526
520
522
530
562
522
521
507
516
521
516
520
496
521
515
517
523
521
516
520
609
491
491
520
517
516
507
513
508
509
509
527
519
524
516
517
500
508
522
509
513
507
513
508
508
579
511
512
513
516
513
516
516
525
508
520
579
535
510
519
525
525
492
515
508
515
526
515
523
514
583
519
507
508
514
516
515
522
512
507
516
520
514
513
512
772
513
513
516
520
517
508
508
509
513
512
511
513
518
558
515
509
508
513
509
508
500
515
523
500
511
508
508
514
516
552
518
512
512
527
524
509
1368
507
511
508
561
565
508
508
492
512
492
520
490
491
527
523
585
512
521
516
516
517
522
524
525
587
503
517
516
511
513
515
507
523
521
515
519
520
517
513
522
568
511
523
507
513
517
520
522
516
511
511
491
507
798
508
518
542
512
518
507
520
520
522
526
521
519
568
517
521
513
516
516
524
517
518
515
516
517
564
521
519
516
522
508
509
514
559
511
518
522
573
614
517
521
519
526
519
522
513
517
522
522
514
517
520
992
563
509
511
520
517
526
522
524
568
512
513
514
508
509
514
507
513
1037
512
508
553
695
516
517
519
516
499
612
521
522
516
516
526
523
1483
523
522
509
514
501
508
520
512
495
513
560
520
522
515
516
507
516
511
513
518
571
520
559
561
508
514
509
517
509
513
511
513
519
508
524
523
523
519
566
491
512
512
508
511
512
508
511
562
524
492
509
513
508
561
491
516
491
521
521
508
516
508
520
513
508
517
517
516
516
520
520
519
528
520
535
517
508
509
516
1106
580
524
513
515
509
508
508
521
512
520
567
507
514
579
518
507
516
507
521
512
514
561
500
521
607
514
516
516
521
522
520
513
508
518
513
519
509
509
521
516
520
512
519
508
512
508
560
520
562
519
518
513
558
517
518
514
518
509
508
520
508
569
518
600
566
508
522
522
525
516
512
508
1073
512
508
521
508
571
491
507
516
519
516
516
522
516
506
1196
548
524
517
517
522
522
508
516
495
511
602
521
521
1502
507
615
556
516
512
515
516
527
508
522
520
515
521
508
553
508
518
516
519
526
525
526
521
521
515
963
509
514
508
508
512
519
516
516
608
521
523
521
508
564
516
518
520
507
511
517
512
518
508
496
522
508
514
512
517
508
512
514
513
508
513
521
526
516
518
501
570
522
516
524
515
521
514
507
508
514
517
509
512
511
514
517
515
512
491
523
515
526
520
522
513
507
508
516
508
507
509
508
508
492
523
520
509
567
512
507
510
563
508
517
561
520
524
524
516
511
515
525
521
519
521
509
514
514
518
508
512
514
508
513
515
519
514
515
512
508
517
522
491
574
520
509
516
571
512
518
520
519
522
525
520
515
512
517
519
516
516
522
522
523
516
517
519
521
570
507
521
522
515
501
516
492
493
510
510
515
513
513
511
505
517
518
508
507
517
517
522
508
513
523
522
509
530
508
565
576
515
518
515
492
513
512
514
521
523
526
517
511
502
507
560
508
1666
508
519
512
511
519
512
513
513
508
514
509
513
512
507
507
516
527
492
625
517
521
516
516
523
513
522
522
516
557
519
516
515
517
515
513
520
596
517
491
508
517
511
521
507
521
492
519
517
521
516
560
514
512
514
514
522
516
670
523
509
521
605
519
516
572
529
517
521
517
516
513
513
513
508
516
514
517
511
508
508
516
521
520
515
525
516
525
497
515
517
525
500
521
520
507
516
508
516
508
520
519
517
519
521
517
521
569
515
516
581
516
524
516
521
516
507
521
598
516
521
606
519
508
491
525
524
524
589
516
519
517
518
511
523
526
513
516
517
516
524
515
515
520
513
606
517
514
514
507
514
516
512
508
559
520
563
518
518
515
508
508
521
509
510
510
523
520
563
521
519
525
521
571
523
521
520
522
521
515
519
522
517
606
567
509
508
517
516
526
516
516
535
491
516
514
492
530
520
515
519
516
491
511
508
515
518
491
495
518
534
517
508
509
493
522
521
521
522
491
526
523
493
522
515
523
520
513
519
520
527
521
580
521
513
513
514
514
524
526
568
526
516
523
549
515
515
511
560
509
1242
515
509
516
495
511
515
509
511
524
516
573
515
511
510
512
509
517
522
520
517
544
575
520
524
509
512
524
543
509
522
524
516
519
510
523
519
515
516
508
492
508
524
509
491
580
567
517
509
513
576
508
512
495
508
514
512
508
516
515
526
516
522
522
511
519
531
512
520
590
522
512
567
519
558
512
509
509
515
511
581
522
522
520
509
521
520
556
522
574
511
559
512
513
515
508
581
523
522
524
537
561
508
577
513
507
514
570
509
511
508
501
515
516
508
512
512
605
593
615
507
1482
511
511
516
865
521
516
571
521
520
521
524
520
588
516
492
585
522
508
511
514
528
515
507
519
562
508
515
519
522
516
522
508
509
508
513
507
516
512
511
517
514
508
518
525
521
519
508
523
1132
523
523
516
520
517
513
517
514
508
509
518
524
526
511
508
508
491
512
524
517
510
569
617
520
508
511
509
512
512
582
508
514
508
562
508
508
508
514
513
512
508
518
512
558
513
525
572
520
521
516
520
493
509
508
512
511
509
522
521
521
522
622
511
605
516
508
512
508
557
1220
508
521
512
512
509
516
512
508
514
516
558
506
507
513
510
507
492
520
521
520
558
512
521
516
497
521
514
508
508
577
514
568
512
527
507
977
514
511
513
566
508
517
515
509
513
563
508
514
519
514
517
674
509
514
512
513
513
511
514
508
556
513
509
513
513
514
513
507
516
521
605
564
512
512
508
505
513
522
527
527
514
508
518
516
517
513
491
567
514
509
509
507
508
526
512
509
510
509
522
516
519
517
508
511
512
515
508
514
515
514
514
511
512
495
520
518
510
512
745
513
508
519
519
515
522
515
517
513
507
514
561
515
513
516
555
512
563
514
606
522
521
507
512
518
508
513
513
516
514
576
514
508
508
525
581
516
516
513
509
508
518
522
516
508
513
523
516
514
514
517
507
522
513
514
526
508
522
516
511
522
521
525
515
512
517
521
508
517
508
577
507
587
507
509
527
522
507
512
508
508
508
560
507
516
523
512
492
491
516
516
514
513
519
514
509
509
881
516
517
504
521
515
508
526
513
522
520
522
523
522
508
507
508
508
523
508
514
507
491
516
521
513
514
557
513
512
502
517
521
511
507
517
507
537
514
546
512
508
518
525
512
515
518
509
508
514
580
512
521
509
509
508
508
514
511
515
512
513
514
513
514
516
518
562
516
517
513
507
564
513
508
508
514
508
561
515
516
560
511
516
524
512
514
508
511
518
516
517
519
514
515
561
520
568
572
516
516
526
499
523
507
525
511
513
507
508
760
520
525
516
512
514
516
515
517
515
516
517
520
517
515
517
506
523
634
516
520
516
528
508
514
518
581
513
513
516
516
522
525
523
516
616
575
572
522
516
516
522
516
525
525
522
618
516
519
516
491
522
520
517
513
508
513
507
512
514
558
507
516
515
514
507
508
1148
562
510
513
511
508
552
561
517
507
511
514
513
524
511
505
508
523
507
817
583
517
522
516
516
516
512
513
491
507
516
509
514
512
509
522
521
521
517
514
520
523
517
513
513
516
508
515
555
516
507
513
514
508
520
518
509
507
522
525
570
524
513
517
516
512
510
515
508
512
511
508
552
491
519
516
510
517
521
574
520
491
516
521
516
570
521
516
513
520
525
527
525
524
492
521
512
491
528
515
519
520
508
512
516
492
497
520
570
513
491
515
509
517
516
519
522
508
507
512
577
511
511
508
515
513
521
516
522
521
520
521
521
521
579
508
515
512
491
525
520
516
522
520
511
515
516
521
523
526
569
516
525
506
601
517
516
492
512
513
556
560
507
513
520
516
508
508
507
513
584
513
508
564
512
508
522
508
517
517
528
510
516
514
555
517
517
507
515
561
514
508
514
518
565
512
512
508
511
517
512
517
512
513
565
513
515
524
516
511
516
507
511
512
523
516
507
512
564
516
508
508
557
516
512
514
508
519
521
512
507
515
513
509
517
509
519
507
516
517
522
515
513
563
511
509
513
518
526
516
561
517
602
521
552
509
516
517
520
1320
516
562
514
519
511
571
509
508
507
509
509
512
514
508
508
573
512
509
509
514
507
517
511
513
512
518
513
514
507
569
507
508
573
508
510
522
516
519
569
516
512
512
514
491
519
522
517
507
516
508
517
516
522
508
515
527
516
521
507
516
560
508
555
562
508
511
648
508
514
511
515
576
584
1075
521
508
564
509
513
522
543
508
516
507
561
492
521
522
511
513
508
520
521
493
522
525
642
498
516
519
492
513
491
516
508
509
512
512
508
492
512
512
522
522
495
575
513
517
519
515
521
512
513
526
520
508
517
512
491
520
512
508
581
515
520
524
517
512
515
519
516
512
514
757
541
508
518
1167
519
519
525
1033
566
516
524
521
517
507
517
509
513
561
507
512
514
509
512
513
507
509
556
514
562
511
521
517
521
565
534
522
507
605
509
492
515
517
1514
517
517
511
509
509
508
509
517
511
584
514
563
518
508
563
508
508
509
515
515
527
528
503
521
516
516
525
572
520
524
522
520
512
521
511
515
516
549
520
524
516
522
1089
515
491
520
519
520
522
518
583
515
508
512
516
517
492
507
514
526
516
521
516
510
521
522
525
513
513
514
510
516
520
520
515
521
521
521
509
513
515
508
537
508
511
515
590
522
511
515
513
508
508
508
522
579
507
502
512
513
508
524
523
516
517
521
514
520
508
508
507
525
526
512
508
513
508
512
508
566
520
523
508
525
528
525
526
1176
523
516
607
577
508
508
513
513
515
517
514
511
507
511
514
521
491
515
512
525
523
524
520
524
519
513
512
523
517
521
523
511
522
534
516
517
527
517
518
517
521
522
683
521
520
563
516
522
524
525
522
519
521
525
520
517
522
517
517
506
579
601
539
519
518
517
521
515
528
539
521
522
522
511
512
516
1058
1120
514
518
557
496
516
518
515
507
513
507
1057
513
514
508
512
563
513
508
516
511
598
509
508
508
517
513
513
505
516
508
590
570
560
516
522
523
582
610
513
523
522
515
517
525
523
505
492
525
516
516
526
520
519
492
513
600
513
527
527
517
525
524
509
633
508
510
519
512
514
520
560
512
516
491
574
523
509
519
522
509
518
501
516
557
515
562
517
517
526
633
585
508
513
520
513
1302
514
512
508
514
511
520
517
512
512
520
508
522
524
520
508
579
511
518
565
516
516
516
526
516
539
517
522
513
575
522
517
513
508
513
512
526
517
520
524
508
514
562
517
524
522
515
525
522
508
579
526
523
516
515
521
570
511
507
522
521
512
512
508
512
509
507
508
565
525
516
515
511
595
539
524
536
525
546
514
521
518
509
513
523
516
509
497
515
516
490
523
515
525
492
512
578
509
520
581
522
508
516
512
520
508
520
517
507
508
587
517
491
516
523
573
570
543
523
516
521
516
509
517
508
508
519
513
521
516
521
508
522
508
512
511
521
500
516
522
521
524
519
514
507
517
517
508
508
513
521
564
523
508
519
521
512
517
539
525
516
509
520
519
521
512
508
516
1005
508
526
522
517
516
494
519
520
516
509
519
516
521
522
526
520
517
514
515
519
521
509
512
523
508
513
525
490
517
512
506
525
519
537
523
516
515
517
507
520
1019
514
509
516
516
516
507
513
517
510
566
513
601
507
508
516
507
522
521
516
527
518
516
525
1295
516
525
520
523
497
519
520
521
512
509
507
508
521
521
513
516
521
516
571
1486
502
511
558
508
509
536
511
514
516
521
513
508
514
512
507
509
509
594
1251
516
512
509
514
513
514
522
510
517
608
508
580
611
513
516
569
538
509
512
513
511
513
520
520
525
517
515
516
516
522
579
508
517
521
521
507
492
523
511
520
526
569
514
508
491
512
785
516
512
520
1423
515
514
514
516
512
552
516
516
522
509
516
519
512
494
518
508
496
584
517
523
520
508
516
512
512
508
516
496
516
516
508
507
507
507
514
513
695
522
516
521
509
508
510
513
508
516
514
515
515
518
515
511
515
507
516
516
508
508
514
508
508
524
522
516
516
511
529
517
521
507
573
508
509
508
514
521
516
513
531
516
573
514
513
514
513
519
507
517
571
516
516
495
517
586
495
520
598
518
522
522
516
491
508
515
508
511
521
682
516
522
569
573
522
522
515
526
523
518
525
511
511
560
500
504
516
613
521
512
507
522
565
570
517
513
512
508
509
509
513
565
512
513
617
508
517
522
519
517
572
524
529
519
569
525
517
522
508
507
516
512
512
495
516
519
510
509
508
513
515
516
575
510
524
517
523
516
525
521
522
519
508
513
514
515
518
513
517
508
513
514
508
491
508
516
703
527
522
509
525
508
520
503
492
509
512
496
516
519
524
525
518
519
522
515
510
514
510
508
1151
515
525
522
513
513
508
512
512
519
508
514
512
512
520
508
516
509
512
511
507
514
508
508
508
510
523
496
517
516
523
514
508
584
508
528
520
523
594
521
525
523
518
516
514
509
523
490
520
513
494
491
535
517
525
516
514
523
516
516
520
509
508
522
524
508
508
514
507
508
513
512
570
516
519
524
520
507
512
508
564
513
508
508
513
507
518
508
507
511
518
508
513
508
536
507
507
509
517
571
496
512
509
515
515
516
523
522
522
515
907
522
522
516
563
516
518
520
522
523
516
514
514
512
507
512
514
517
512
515
559
518
512
517
517
524
522
521
518
517
508
578
520
517
521
525
521
512
514
508
508
512
508
512
513
508
508
511
511
515
516
516
520
516
520
522
517
525
513
494
521
523
521
508
518
510
512
504
508
512
513
516
568
516
572
513
508
520
524
524
515
517
516
518
515
511
519
512
511
508
512
507
511
1376
513
512
507
511
513
516
576
520
516
594
516
513
514
513
516
500
520
570
508
525
511
522
565
514
521
517
514
512
512
523
511
559
508
508
522
514
517
515
513
512
517
491
515
516
539
520
516
512
512
508
592
515
507
518
508
543
525
516
517
519
509
527
492
510
522
526
512
512
508
525
513
523
517
520
519
520
534
507
513
491
522
519
562
513
513
516
524
520
520
572
515
517
516
563
497
522
516
582
580
512
514
512
513
511
508
508
508
513
565
514
508
513
520
524
587
516
526
520
520
519
516
516
520
492
520
517
522
522
523
516
511
1074
508
510
513
515
492
523
506
515
520
514
508
517
519
492
516
584
595
516
516
521
521
515
524
508
508
507
507
511
518
518
516
522
492
516
513
496
508
517
516
519
517
519
520
512
516
513
525
573
516
492
513
534
495
517
522
520
513
515
508
519
521
517
521
517
519
525
516
513
508
518
505
520
523
495
507
516
523
513
516
519
578
516
523
525
522
559
522
518
517
519
514
507
521
522
570
568
515
515
511
895
496
521
559
511
566
584
532
513
517
517
515
525
517
520
522
518
507
617
512
521
519
520
495
515
511
523
525
574
513
508
509
864
517
503
519
511
508
524
520
531
515
515
507
508
517
508
508
515
508
508
516
517
508
508
508
516
525
491
728
517
508
512
520
523
521
569
499
520
512
512
509
516
512
508
523
521
513
517
509
572
508
564
512
514
514
509
508
508
507
510
518
511
521
520
513
524
514
567
524
521
512
514
517
515
519
508
519
522
521
510
507
506
493
507
516
516
511
508
513
508
517
523
499
515
513
563
512
507
524
520
508
511
508
509
519
572
527
521
521
517
574
520
524
522
517
519
523
558
518
510
509
513
520
507
517
507
519
508
523
514
515
517
513
509
521
517
522
507
508
507
518
512
517
508
514
562
515
1263
509
516
512
512
507
509
513
562
508
515
491
507
562
563
569
516
520
522
520
515
507
510
517
526
525
521
525
521
520
521
526
512
566
516
508
507
509
519
495
508
515
513
508
508
507
515
521
493
510
520
514
507
507
521
508
522
516
579
516
516
526
511
1070
525
516
520
516
508
519
493
522
517
515
516
508
511
512
508
509
514
513
512
555
513
576
567
521
522
496
515
517
514
512
517
511
516
522
507
513
517
515
526
511
520
515
519
522
524
517
508
523
522
516
575
516
513
508
518
520
521
574
523
521
508
518
512
513
582
515
511
703
522
518
521
517
507
514
507
503
526
511
555
511
512
512
517
507
520
520
527
520
515
515
515
522
527
516
507
517
516
518
511
585
513
491
507
496
517
512
512
511
513
512
508
525
517
513
507
510
508
514
516
516
513
512
501
510
507
514
515
525
524
521
512
514
780
581
576
513
508
518
513
577
519
508
517
514
516
511
513
519
515
523
508
517
580
512
512
517
521
516
520
522
515
522
518
517
520
501
521
512
522
508
522
521
521
519
565
513
513
513
509
512
520
558
573
535
516
786
572
514
517
513
520
507
514
516
508
515
517
507
514
513
517
994
508
513
508
520
560
522
526
1207
507
516
515
516
508
520
513
511
513
563
512
508
508
508
516
516
508
511
523
514
516
511
517
518
1374
512
507
509
521
508
509
508
1133
516
513
511
511
514
519
514
512
583
508
578
525
521
507
514
515
509
511
558
509
520
608
518
515
507
518
521
516
510
520
520
521
519
520
525
518
524
515
523
516
492
526
517
508
516
516
517
519
517
513
509
508
513
514
517
524
521
523
579
513
507
517
509
512
513
517
510
507
509
574
512
508
511
518
495
513
514
513
522
515
518
495
512
513
511
520
517
508
566
512
596
823
515
520
516
565
513
516
571
516
523
508
514
508
523
521
517
525
512
518
564
514
514
516
516
514
517
508
509
511
507
514
516
515
508
508
513
513
513
511
512
508
507
512
511
518
508
530
525
513
508
520
515
508
585
512
507
516
508
513
582
566
513
615
515
518
561
520
526
509
510
508
508
516
512
514
512
523
512
564
508
572
580
508
507
509
520
521
520
602
519
655
568
519
529
492
523
510
509
511
514
508
512
523
516
521
520
516
517
520
519
516
517
522
522
517
524
512
507
518
556
521
526
516
515
564
516
516
519
515
521
515
525
729
517
507
513
508
517
516
523
525
516
522
519
518
507
509
493
508
515
519
562
508
511
512
507
508
491
520
515
550
495
513
696
518
565
518
520
511
525
517
522
512
508
507
516
513
508
514
519
520
523
492
512
514
560
529
519
520
516
521
522
519
828
521
519
524
562
518
508
513
520
511
521
516
516
605
515
525
516
565
508
511
513
1068
516
507
508
508
512
513
508
508
509
615
510
518
508
521
521
522
515
516
513
522
522
519
555
508
509
512
518
573
507
517
508
512
511
517
516
521
492
516
520
522
522
515
521
516
521
517
512
578
579
509
580
516
520
533
774
511
513
511
512
517
590
522
526
518
519
513
574
513
507
742
578
520
500
515
831
516
869
513
511
521
563
566
513
493
525
516
520
522
526
518
522
509
569
507
521
521
522
522
521
512
515
512
514
516
512
550
516
562
523
516
524
520
493
491
511
513
508
513
512
507
508
513
508
513
513
513
511
514
515
512
521
525
523
516
526
525
518
517
508
507
512
513
515
509
525
516
520
509
520
563
519
590
519
517
517
580
517
600
516
527
522
520
523
524
520
515
515
521
508
515
508
522
511
514
491
521
517
522
522
520
519
526
522
522
519
515
516
525
521
511
511
519
516
516
521
586
516
520
519
557
522
499
495
523
516
512
516
521
516
526
516
517
507
520
501
518
541
553
524
512
509
522
570
509
517
506
513
492
515
504
520
522
511
524
526
516
503
534
494
522
523
519
508
512
579
513
507
516
526
514
523
594
525
521
516
508
513
509
513
508
550
512
572
507
511
508
600
518
532
590
537
510
508
512
508
517
576
518
526
587
512
514
508
514
526
516
507
514
520
515
521
507
513
514
513
507
509
515
515
516
516
526
590
513
512
514
511
517
510
509
1451
507
523
507
492
521
522
573
520
527
520
517
518
513
512
514
515
512
508
508
515
512
516
517
508
519
521
521
521
702
522
516
507
511
517
562
512
509
510
519
521
512
513
509
522
577
579
522
513
518
583
508
508
508
512
507
520
508
519
508
579
513
511
508
513
1225
510
512
520
517
520
590
508
558
512
561
515
522
524
512
516
513
514
507
522
519
526
521
516
516
509
516
516
520
521
526
516
508
510
508
513
515
508
564
513
512
508
519
507
1488
512
508
508
507
514
514
513
513
509
507
525
521
510
605
516
517
525
522
509
515
517
513
518
518
517
555
507
521
670
525
508
516
521
516
508
509
512
516
533
509
578
519
512
518
574
560
495
526
516
520
588
517
507
513
508
512
522
520
518
509
515
514
517
579
519
520
521
526
512
515
517
516
520
509
492
514
508
516
564
508
512
508
508
514
508
513
511
508
561
516
507
507
513
511
507
508
562
507
508
515
515
517
517
564
514
510
518
518
512
519
514
989
508
508
515
513
494
491
512
521
515
517
511
507
514
516
513
513
529
523
514
517
525
519
523
510
511
512
516
507
518
519
492
512
526
668
508
708
519
521
508
1287
518
508
513
520
520
516
520
507
513
527
564
508
512
508
567
517
507
510
507
522
514
513
516
508
492
520
521
516
520
521
516
491
519
517
532
521
520
516
508
512
514
508
525
516
517
540
509
514
509
621
518
508
507
511
558
511
518
513
521
517
516
513
490
527
526
516
522
525
520
503
515
508
517
516
516
514
523
521
508
517
580
491
565
512
508
508
512
515
512
496
518
513
508
514
517
533
508
513
496
508
513
522
516
517
585
521
525
517
512
509
508
513
513
513
508
508
1318
508
511
508
511
513
514
515
518
521
512
563
604
514
507
1058
516
605
516
516
519
512
517
508
493
513
507
581
562
523
508
525
522
508
562
582
513
516
509
508
508
516
517
513
514
558
517
520
576
518
523
512
519
515
513
523
525
520
520
524
521
521
556
508
517
522
516
559
564
519
516
516
516
508
514
509
564
512
511
521
521
521
492
516
518
511
507
516
512
508
553
512
514
508
990
492
525
504
517
514
520
521
517
492
511
516
521
521
516
515
495
526
516
512
513
511
492
563
508
511
513
553
517
512
517
523
513
498
511
515
517
513
509
578
517
716
517
508
496
521
516
515
493
507
509
508
518
516
517
523
520
516
517
516
512
522
516
591
524
560
507
492
524
509
512
514
514
508
520
516
524
507
508
520
517
508
521
531
583
562
515
531
527
523
517
517
921
519
517
524
520
523
522
516
520
517
521
513
507
523
515
522
521
492
511
507
518
513
520
508
517
511
511
508
507
508
538
507
510
521
536
516
593
520
566
516
525
512
508
508
513
514
513
526
516
521
516
515
520
521
526
515
522
525
516
525
512
517
1007
511
515
516
511
521
508
517
572
516
516
517
517
516
523
511
516
508
515
513
524
522
533
511
508
512
513
514
516
514
675
519
516
515
513
507
520
520
517
518
508
512
512
509
508
515
509
518
508
508
574
508
508
515
566
519
517
516
520
521
520
570
574
519
521
1248
521
561
513
508
508
526
513
517
561
515
512
513
511
517
513
511
605
518
512
514
515
523
517
527
513
508
514
508
521
523
512
521
561
511
508
515
515
523
521
517
524
566
567
526
526
601
531
526
517
516
517
608
494
495
522
491
492
516
518
509
514
509
508
514
514
561
522
512
517
511
522
512
503
511
561
515
522
514
491
507
513
513
507
515
508
512
522
520
519
514
513
540
521
522
516
522
591
516
525
514
521
523
525
516
526
520
521
508
515
516
507
513
605
515
521
517
516
527
535
524
516
519
514
513
513
699
507
509
507
515
516
516
519
517
515
513
565
512
615
520
509
517
523
522
513
515
524
520
513
508
507
514
514
567
522
520
525
516
520
497
508
526
519
508
507
508
562
560
525
516
522
516
512
513
517
517
570
558
516
512
522
508
511
521
580
508
512
515
518
508
516
516
516
527
565
492
563
516
516
513
517
511
508
525
513
511
507
508
681
512
519
521
521
519
521
508
508
509
510
526
513
507
508
508
510
518
517
508
517
516
525
527
517
513
500
520
520
518
558
512
521
507
521
513
509
513
511
519
516
507
522
508
562
507
517
521
581
492
510
1004
515
508
517
512
514
517
513
507
514
514
507
513
509
511
508
517
507
574
512
513
576
514
514
511
519
513
516
517
519
1360
515
513
1140
514
507
515
509
511
507
508
513
517
526
515
522
521
516
497
517
515
526
521
516
507
564
516
525
579
514
514
508
496
523
516
516
522
517
516
517
517
504
513
514
508
516
563
572
508
508
507
512
511
509
515
513
508
511
513
492
526
523
516
522
567
511
507
508
510
520
522
492
522
495
521
493
508
508
517
825
516
510
518
509
567
513
514
509
508
560
515
513
511
516
512
511
517
507
512
515
560
509
509
511
516
507
508
512
516
520
566
691
513
509
520
491
527
513
525
515
514
512
516
515
494
508
516
509
512
561
512
521
512
518
516
520
519
508
514
513
521
517
507
510
513
523
521
519
512
516
509
507
518
517
508
580
496
496
513
520
516
559
509
512
511
508
570
508
520
567
515
512
507
515
509
512
515
522
508
513
522
517
511
508
517
516
581
493
525
556
562
509
513
519
508
508
508
516
511
508
513
513
508
507
508
492
516
517
520
512
517
532
516
521
525
508
515
516
508
508
516
514
517
567
512
522
518
514
512
519
515
581
524
516
521
524
523
568
522
520
527
514
516
583
516
510
509
520
508
523
536
516
517
515
522
508
503
509
515
561
511
514
526
520
517
525
514
516
510
511
559
518
512
512
509
509
508
508
576
513
604
513
509
514
520
526
572
520
521
512
513
508
517
507
508
515
522
516
516
516
521
520
1305
514
519
516
509
512
512
508
511
509
516
508
512
508
508
516
515
516
511
522
516
563
520
508
508
507
511
511
550
562
511
512
508
508
512
516
508
512
515
515
513
514
626
526
510
572
516
511
509
520
519
527
1269
522
522
515
491
567
493
492
513
507
564
561
509
507
519
512
520
566
514
507
513
508
518
517
508
509
563
563
508
517
511
514
513
491
523
601
512
507
508
518
545
517
519
516
512
527
509
517
514
517
512
512
514
512
512
518
508
508
508
516
520
515
516
516
523
516
521
523
564
512
523
514
529
516
514
491
580
509
520
511
509
509
507
522
508
514
508
507
525
522
517
515
507
509
520
526
526
520
519
569
512
507
514
514
517
518
512
566
521
525
508
516
516
511
492
729
509
491
512
513
509
513
519
509
522
521
519
525
589
516
514
508
518
511
513
515
516
512
522
527
509
513
515
524
508
512
559
517
517
521
516
522
516
524
496
526
522
520
598
520
741
515
522
513
508
508
521
522
516
507
515
510
509
513
509
512
507
515
513
508
563
1475
497
508
564
511
515
524
491
520
492
516
521
492
512
516
492
511
516
522
514
511
512
590
512
602
508
513
516
525
515
513
492
517
527
521
528
491
517
509
514
492
521
518
517
525
520
697
521
521
512
512
518
517
520
512
517
508
509
519
491
492
508
512
516
512
514
784
517
523
512
514
514
508
497
513
509
514
509
513
514
513
519
508
522
524
508
512
509
842
501
516
508
513
518
513
517
501
516
495
515
521
521
516
520
541
513
513
508
516
522
515
520
520
520
513
924
514
515
593
589
519
508
507
513
524
520
495
522
516
516
511
560
522
510
509
511
522
508
1201
520
515
526
515
514
513
513
571
514
513
513
508
509
511
509
507
508
511
558
507
507
521
514
516
496
493
1484
515
524
526
515
523
522
510
513
518
508
507
559
522
521
517
527
505
521
514
520
516
589
521
519
562
1482
509
510
559
515
517
521
516
522
521
515
523
523
522
521
567
514
508
491
516
516
570
515
513
525
491
495
514
516
516
510
514
518
507
1488
492
516
584
521
518
507
514
514
508
508
512
519
518
508
515
520
520
1284
516
518
520
494
508
516
590
522
516
515
511
492
490
1482
520
524
509
527
521
498
514
518
513
717
509
521
508
525
559
567
526
519
516
521
516
527
654
517
508
507
516
520
495
519
508
507
513
512
521
523
511
513
563
508
517
509
575
514
495
491
513
512
520
582
516
520
491
521
521
507
517
513
511
504
522
513
511
517
517
509
511
492
491
520
516
520
513
491
517
1349
520
512
562
508
507
507
516
521
522
521
516
518
521
515
594
514
510
513
508
511
507
561
508
571
521
520
515
520
522
597
509
523
515
516
519
776
515
1350
516
516
551
514
515
517
565
512
606
511
524
524
525
508
511
517
522
518
513
517
517
508
508
513
514
564
518
565
521
515
526
519
516
516
553
518
516
524
521
1317
516
520
535
509
508
508
512
522
537
493
491
522
521
515
522
571
516
1061
511
551
524
524
511
512
525
516
516
520
513
492
516
516
507
517
515
591
516
538
491
590
516
512
508
584
519
521
538
571
508
508
508
508
516
531
516
525
521
516
526
703
519
492
511
560
517
513
515
517
507
563
511
508
509
511
521
513
513
509
513
512
515
515
511
513
517
507
511
508
513
512
508
513
512
512
508
508
562
562
490
538
516
517
523
515
523
519
523
520
516
507
512
508
509
512
513
517
513
516
516
516
526
521
523
523
521
520
513
516
594
515
522
516
582
561
514
512
508
509
507
571
514
512
504
521
512
516
506
510
511
518
511
514
559
491
514
520
516
515
494
579
516
509
512
509
564
509
512
508
517
564
522
516
519
496
589
516
516
527
491
523
522
517
512
522
521
520
509
519
515
560
517
514
520
519
519
519
512
492
523
526
523
515
527
508
1097
507
509
512
514
512
507
514
513
514
505
500
523
516
683
507
508
566
514
512
514
585
515
560
507
513
516
1318
517
513
507
511
513
507
525
847
511
524
515
507
508
523
809
591
508
514
513
513
522
516
519
516
521
574
521
519
513
519
513
512
511
511
509
512
516
527
522
522
518
521
516
527
521
523
508
524
517
523
491
517
515
493
516
528
525
508
516
512
569
512
960
1275
513
565
511
512
512
552
519
518
514
515
520
521
521
521
522
508
518
519
529
511
512
514
512
513
507
512
509
512
508
513
509
554
507
517
515
516
507
492
520
517
494
516
530
519
582
508
512
513
514
512
516
520
523
512
516
522
523
514
508
516
521
523
516
514
514
562
515
515
509
516
515
491
515
516
516
517
515
521
520
524
517
520
563
514
514
511
513
564
509
513
513
547
495
520
520
570
513
511
508
513
508
551
518
511
509
507
525
512
515
516
513
520
523
518
1058
514
508
508
508
524
569
602
516
605
568
522
522
601
521
511
508
508
515
514
508
514
512
520
516
516
515
508
584
580
522
524
525
514
508
520
522
519
526
515
516
516
517
508
512
510
568
492
508
520
512
509
508
519
516
522
526
524
572
520
510
596
520
526
521
521
517
521
521
513
567
509
521
508
508
508
511
514
513
561
521
512
1361
517
509
517
522
516
520
522
520
513
1129
513
507
525
512
515
508
517
508
514
492
508
553
509
509
512
508
549
516
521
525
507
509
562
516
515
522
575
516
522
521
522
520
516
516
524
497
520
515
521
522
524
525
520
517
516
524
523
515
513
515
520
525
526
522
516
493
528
523
502
516
525
557
515
491
507
509
520
520
517
496
515
522
504
516
504
575
571
508
517
600
508
507
535
508
508
520
519
518
519
520
512
521
511
508
517
527
522
522
520
516
517
520
492
517
522
518
526
499
522
570
516
522
516
519
498
518
525
512
513
513
513
513
516
1219
512
516
522
525
561
511
565
512
512
518
1156
572
507
521
520
517
508
560
608
492
513
519
523
508
511
512
509
524
520
516
516
516
518
508
510
512
512
514
512
516
522
519
700
515
508
516
515
514
508
516
514
512
516
522
512
514
514
511
511
517
559
515
491
516
520
520
517
517
512
508
508
517
511
1328
520
522
516
513
563
526
512
516
554
583
524
509
523
540
513
508
508
509
517
516
513
511
582
514
511
510
518
512
511
509
508
513
509
586
515
505
520
523
517
522
1433
512
514
511
502
521
578
520
514
518
521
522
516
513
512
508
518
508
560
514
500
539
509
832
515
520
507
512
508
561
513
512
517
517
518
509
522
563
520
615
516
492
512
523
522
512
507
526
527
508
514
491
512
518
516
501
516
519
508
509
507
518
508
597
521
515
515
517
520
507
516
521
516
521
522
867
559
553
517
514
508
516
508
515
516
513
508
513
511
565
516
522
521
521
521
499
521
508
507
517
498
520
525
517
516
520
524
520
522
526
508
525
515
517
527
525
511
516
513
521
524
525
561
519
568
521
522
521
517
516
589
575
515
918
592
517
492
508
519
516
511
516
513
510
513
507
515
518
519
515
516
519
516
516
525
509
514
513
511
512
516
515
567
512
518
513
513
513
507
514
511
508
511
508
508
509
517
515
522
527
522
507
516
513
519
516
517
512
508
513
520
508
519
495
567
491
519
516
512
585
511
507
508
520
521
516
525
561
520
506
512
585
522
516
566
508
518
514
523
492
520
524
532
507
515
514
508
565
511
508
523
508
514
507
517
566
511
493
517
520
531
512
983
568
521
519
518
512
508
517
513
515
564
510
520
515
515
512
518
518
514
521
522
521
521
525
521
521
522
525
517
508
562
508
514
556
517
509
513
512
508
520
495
523
516
509
523
517
528
521
561
508
516
491
490
491
513
513
513
517
886
508
507
526
519
513
517
517
509
514
514
507
564
513
519
511
511
510
512
564
512
518
508
513
519
498
522
525
509
511
507
508
525
516
524
509
508
513
539
526
508
576
513
514
515
515
513
516
567
508
490
522
517
508
509
514
588
516
590
515
512
513
563
511
522
520
517
569
508
508
514
512
509
510
520
519
570
510
495
613
525
572
516
519
520
519
579
515
510
511
509
514
514
511
512
507
507
511
508
512
513
507
520
524
512
516
511
495
520
516
496
498
521
508
513
587
571
527
526
521
516
544
519
511
507
508
512
520
1438
585
495
512
508
515
516
508
513
517
519
516
517
516
516
526
514
567
517
517
521
573
523
507
514
507
517
518
522
516
508
513
513
508
512
512
507
514
508
512
512
511
521
525
516
521
523
573
525
557
511
509
516
509
509
511
515
517
508
515
513
507
518
588
522
524
515
507
509
519
518
528
587
512
518
507
511
509
514
578
512
513
508
511
508
514
568
509
517
508
508
561
517
518
565
516
516
508
507
508
517
518
496
491
522
520
516
522
565
511
518
517
525
508
511
519
520
524
522
568
522
516
525
528
522
522
573
511
511
510
512
515
508
509
507
512
512
512
595
521
515
516
516
507
509
511
515
517
509
515
600
512
521
521
515
518
535
513
508
491
522
513
524
508
509
514
508
512
514
524
521
515
570
561
523
527
507
521
493
512
527
517
565
517
575
513
562
509
509
515
507
508
507
559
518
579
594
508
524
511
502
517
516
524
520
516
507
560
512
580
508
508
511
521
519
511
520
516
515
521
511
565
509
519
516
513
508
516
520
521
526
516
525
520
516
516
523
566
509
517
516
569
508
510
516
522
516
517
518
517
508
507
514
509
526
525
516
508
520
522
512
517
521
513
586
516
573
517
517
510
508
513
517
514
512
518
513
514
562
516
507
499
516
519
520
577
517
515
515
517
515
522
492
508
608
520
525
513
513
520
526
491
515
517
515
588
585
517
517
521
520
525
515
537
513
517
514
508
513
517
509
508
512
513
509
520
516
527
520
515
520
516
526
577
521
515
520
511
509
513
509
511
517
518
508
513
509
508
508
513
517
585
586
513
509
509
522
517
521
636
516
518
508
507
514
492
521
517
513
560
519
516
516
594
520
525
513
512
517
516
513
599
508
507
518
614
508
512
508
559
509
517
507
508
509
508
514
514
512
511
508
567
523
520
523
516
567
516
526
511
508
516
553
513
557
525
517
496
516
513
522
516
526
515
495
508
516
521
519
516
525
514
507
512
515
565
516
491
512
509
509
514
516
518
515
513
513
507
517
513
522
525
507
563
509
511
512
508
516
513
516
517
509
516
508
511
515
627
494
521
545
513
516
508
513
512
573
507
557
508
568
532
569
516
516
515
561
516
512
517
525
519
568
519
509
526
521
576
522
517
514
508
525
524
522
516
516
512
563
514
517
508
515
507
518
519
517
518
588
496
516
523
523
593
519
522
495
523
508
517
512
493
525
520
512
514
509
508
530
509
493
523
520
525
520
515
515
516
587
569
521
521
568
516
517
520
508
513
515
492
520
517
564
513
513
508
511
558
561
509
535
514
507
514
508
533
570
871
605
529
521
508
512
508
507
520
515
594
516
521
491
521
512
522
574
522
519
574
512
601
518
513
512
513
508
563
569
509
514
519
515
514
517
517
514
508
518
519
578
509
490
568
495
601
508
513
508
519
509
511
521
516
491
516
492
514
585
519
491
523
570
508
521
506
585
514
518
508
522
512
509
520
519
524
520
522
516
522
512
514
513
519
521
579
518
512
560
508
508
518
524
516
515
522
511
498
521
515
521
516
516
522
517
517
508
508
515
511
514
512
517
508
559
508
516
508
507
516
599
516
533
516
516
517
512
522
512
584
579
513
496
514
589
512
572
515
516
516
521
543
516
517
522
515
517
525
520
514
518
517
511
512
516
508
504
519
520
495
515
515
516
570
516
527
519
519
508
518
569
524
519
575
516
515
519
520
514
520
513
526
522
522
516
581
519
514
508
516
523
525
519
577
522
516
516
517
517
514
583
1039
578
516
496
523
493
523
513
512
507
520
521
508
515
510
524
526
525
515
515
579
513
514
508
581
516
521
522
508
508
508
517
588
518
581
491
508
513
522
526
520
508
509
508
511
572
521
522
522
519
509
510
513
520
526
508
525
514
492
507
520
522
524
516
507
512
512
508
512
564
884
512
521
513
516
512
508
514
520
517
512
507
522
526
508
514
538
508
508
513
512
515
563
513
516
525
494
516
514
525
512
515
516
521
588
517
526
516
512
514
513
493
519
495
516
607
495
495
525
516
521
512
507
513
510
516
509
583
508
508
507
522
516
838
512
515
520
491
520
516
513
508
512
511
510
509
515
516
570
519
521
517
519
519
516
512
514
511
509
1012
522
521
517
565
517
524
521
519
520
516
524
562
521
522
512
518
516
524
519
521
525
520
516
525
517
508
512
516
517
573
522
516
522
522
516
619
522
516
524
513
512
514
521
495
527
520
521
512
512
514
511
507
508
509
522
524
507
520
526
519
519
498
520
520
523
567
508
495
512
519
514
512
508
508
518
517
508
509
516
508
514
515
519
519
492
516
515
520
507
565
516
508
509
522
522
513
525
516
519
520
513
581
513
512
511
513
508
558
560
515
512
1234
512
625
512
507
516
492
521
515
511
513
512
509
513
599
516
518
521
516
508
511
506
792
514
508
524
516
520
522
509
564
513
569
512
1149
509
493
512
514
513
519
507
513
513
508
495
510
513
508
509
576
507
514
509
516
517
512
520
514
524
496
581
514
512
511
511
508
505
515
491
516
515
520
515
519
521
509
516
521
569
576
498
516
528
623
516
517
512
512
517
521
517
508
509
