1351
1363
1370
2614
1354
1428
1476
1364
1379
1508
1343
1353
1374
1365
1755
1355
1359
1364
1355
1386
1353
1357
1362
1354
1361
1370
1355
1356
1365
1391
1363
1379
1365
1352
1362
1367
1351
1363
1402
1435
1363
1356
1407
1425
1382
1352
1408
1354
1417
1355
1367
1368
1364
1417
1360
1408
1384
1352
1394
1365
1375
1357
1401
1396
1354
1359
1355
1354
1469
2686
1368
1442
1371
1360
1411
1419
1356
1352
1553
1381
1365
1359
1386
1400
1387
1381
1365
1357
1354
1365
1350
1354
1357
1356
1425
1382
1404
1397
1356
1419
1368
1354
1351
1367
1354
1405
1366
1373
1352
1379
1362
1363
1354
1362
1399
1355
1352
1367
1351
1352
1356
1365
1376
1450
1353
1391
1352
1402
1371
1352
1370
1379
1403
1392
1368
1355
1363
1356
1356
1358
1371
1392
1365
1357
1353
1380
1358
1359
1429
1355
1357
1356
1369
1403
1358
1352
2386
1360
1375
1356
1353
1390
1407
1357
1353
1363
1408
1363
1367
1362
1350
1396
1363
1401
1460
1368
1353
1396
1356
1402
1417
1399
1364
1355
1351
2348
1409
1363
1357
1353
1357
1360
1346
1403
1357
1352
1433
1412
1393
1356
1353
3145
1427
1449
1351
1357
1358
1376
1355
1356
1360
1370
1365
1419
2102
1355
1368
1413
1365
1360
1351
1348
1356
1366
1352
1392
1360
1354
1391
1397
1357
1360
1401
1356
1409
1370
1394
1361
1406
1357
1394
1352
1366
1383
1356
1352
1404
1357
1399
1361
1383
1351
1366
1418
1372
1353
1354
1355
1364
1353
1353
1364
1354
1353
1357
1355
1368
1371
1842
1432
1461
1362
1364
1371
1352
1365
2616
1372
1357
1356
1370
1357
1365
1369
1378
1401
1420
1364
1355
1434
1354
1359
1366
1381
1356
1356
1360
1355
1399
1369
1355
1368
1351
1349
1368
1351
1365
1359
1356
1357
1400
1356
1351
1368
1393
1432
1423
1376
1364
1384
1352
1409
1358
1352
1367
1354
1669
1360
1356
1547
1364
1385
1366
1368
1363
1421
1363
1368
1390
1382
1357
1362
1368
1354
1354
1419
1362
1363
1369
1351
1381
1361
1395
1373
1430
1354
1354
1366
1367
1356
1363
1400
1460
1419
1357
1382
1356
1442
1364
1362
2390
1397
1937
1358
1366
1359
1365
1360
1364
1359
1397
1359
1356
1369
1363
1356
1382
1366
1362
1369
1410
1357
1361
1385
1362
1369
1371
1447
1361
1370
1368
1373
1397
1357
1384
1353
1357
1389
1419
1400
1402
1364
1389
1352
1362
1355
1364
1430
1422
1393
1389
1356
1356
1353
1395
1397
1468
1391
1360
1395
1352
1388
1395
1352
1356
1363
1366
1372
1364
1351
1354
1440
1403
1398
1355
1358
1396
1389
1354
1354
1401
1363
1380
1390
1355
1414
1401
1353
1359
1352
1387
1392
1405
1394
1354
1355
1352
1392
1350
1401
1351
1359
1358
1419
1376
1353
1362
1354
1354
1361
1364
1390
1352
1403
1355
1363
1367
1394
1386
1353
1369
1356
1370
1354
1364
1362
1363
1449
1354
1359
1355
1356
1353
1371
1389
1371
1371
1909
1366
1436
1400
1353
1353
1367
1364
1357
1356
1354
1382
1411
1367
1356
1367
1356
1371
1356
1360
1452
1395
1358
1491
1350
1358
1408
1388
1356
1368
1399
1369
1422
1353
1353
1391
1370
2167
1361
1360
1364
1351
1378
1362
1351
1371
1393
1396
1352
1362
1384
1398
1409
1370
1393
1391
1385
1351
1364
1357
1366
1367
1352
1356
1355
1414
1400
1356
1370
1413
1356
1412
1354
1354
1354
1353
1354
1358
1351
1353
1353
1408
1356
1358
1367
1354
1404
1396
1372
1405
1413
1370
1407
1453
1386
1394
1353
1351
1386
1365
1365
1435
1430
1352
1354
1355
1406
1370
1353
1365
1367
1413
1390
1364
1406
1363
1353
1415
1416
1383
1358
1458
1352
1397
1413
1356
1394
1366
1354
1379
1397
1386
1393
1351
1356
1368
1357
1465
1373
1395
1367
1355
1355
1399
1357
1353
1424
1361
1451
1376
1394
1385
1391
1367
1356
1359
1362
1379
1371
1399
1375
1371
1358
1362
1406
1352
1426
1410
1432
1442
1352
1351
1354
1359
1357
2079
1421
1357
1350
1400
1360
1351
1357
1353
1370
1349
1398
1424
1357
1461
1429
1358
1367
1448
1386
1364
1355
1366
1367
1367
1397
1401
1354
1355
1353
1353
1355
1350
1353
1362
1359
1367
1354
1360
1447
1366
1353
1366
1414
1424
1380
1399
1351
1358
1398
1363
1355
1362
1356
1456
1366
1367
1351
1392
1441
1360
1351
1366
1406
1389
1354
1357
1412
1356
1354
1363
1351
1357
1363
1363
1362
1353
1369
1361
1352
1396
1354
1353
1383
1362
1369
1454
1357
1787
1359
1357
1410
1397
1410
1417
1364
1401
1351
1363
1414
1356
1381
1363
1399
1404
1350
1364
1369
1368
1362
1353
1352
1399
1364
1359
1360
1389
1357
1402
1394
1405
1412
1365
1354
1371
1367
1363
1357
1359
1355
1354
1437
1390
1363
1420
1380
1359
1402
1391
1356
1419
1355
1352
1357
1446
1354
1354
1372
1353
1363
1357
1389
1366
1355
1355
1378
1352
1401
1392
1385
1382
1353
1355
1358
1366
1363
1367
1367
1373
1357
1360
1412
1443
1388
1399
1355
1359
1441
1353
1357
1363
1366
1426
1402
1406
1438
1405
1365
1361
1353
1354
1356
1353
1405
1360
1356
1351
1357
1389
1384
1407
1388
1357
1357
1354
1358
1356
1353
1366
1355
1367
1355
1381
1350
1355
1367
1406
1388
1355
1372
1451
1355
1367
1351
1430
1355
1355
1349
1375
1404
1371
1389
1354
1358
1398
1472
1351
1356
1368
1373
1356
2010
1369
1401
1366
1365
1352
1366
1400
1361
1357
1360
1357
1354
1360
1360
1382
1364
1356
2248
1414
1352
1364
1354
1411
1366
1370
1367
1371
1365
1364
1403
1414
1369
1356
1353
1403
1357
1396
1356
1824
1353
1356
1366
1375
1366
1388
1354
1371
1364
1390
1416
1360
1355
1389
1354
2485
1404
1402
1384
1465
1366
1374
1354
1367
1357
1417
1353
1367
1351
1353
1391
1369
1382
1365
1383
1353
1387
1382
1366
1367
1357
1352
1362
1391
1351
1362
1357
1353
1368
1381
1354
1363
1366
1367
1388
1355
1367
1416
1416
1351
1358
1351
1584
1357
1385
1356
1363
1357
1439
1367
1360
1358
1459
1356
1357
1350
1350
1355
1354
1373
1351
1355
1361
1421
1352
1411
1381
1674
1371
1348
1366
1390
1364
1352
1370
1369
1367
1366
1363
1367
1352
1412
1366
1365
1425
1353
1355
1356
1359
1365
1356
1394
1806
1386
1357
1387
1356
1349
1356
1397
1351
1363
1355
1397
1363
1352
1405
1360
1371
1354
1359
1364
1361
1403
1348
1356
1379
1356
1364
1414
1354
1420
1361
1396
1401
1355
1361
1355
1420
1378
1396
1355
1387
1441
1363
1352
1368
1362
1352
1352
1350
1383
1353
1353
1369
1350
1351
1351
1352
1444
1360
1362
1400
1356
1355
1352
1403
1370
1362
1391
1353
1394
1395
1355
1408
2083
1372
1400
1372
1366
1352
1353
1365
1356
1391
1359
1501
1364
1355
1357
1376
1353
1358
1389
1370
1349
1355
1462
1353
1383
1376
1359
1390
1351
1355
1353
1405
1371
1368
1356
1348
1370
1364
1354
1408
1366
1448
1383
1369
1364
1400
1353
1359
1366
1366
1416
1370
1359
1387
1358
1367
1347
1355
1366
1392
1356
1442
1371
1518
1391
1357
1365
1364
1366
1386
1355
1350
1365
1378
1431
1534
1407
1354
1352
1362
1431
1350
1352
1353
1353
1354
1419
1397
1450
1362
1581
1366
1363
1383
1397
1354
1354
1357
1364
1352
1355
1359
1381
1432
1357
1357
1462
1381
1403
1352
1349
1358
1357
1352
1353
1355
1393
1354
1368
1371
1401
1394
1368
1361
1361
1364
1402
1353
1352
1356
2380
1422
1369
1395
1352
1354
1384
1353
1363
1355
1397
1356
1362
1351
1358
1355
1351
1358
1363
1351
1359
1352
1401
1376
1403
1366
1356
1366
1362
1361
1353
1357
1365
1353
1354
1351
1353
1372
1361
1364
1419
1367
1353
1352
1363
1353
1351
1404
1357
1413
1366
1352
1364
1412
1402
1386
1365
1394
1362
1358
1358
1359
1352
1358
1434
1376
1394
1426
1356
1355
1482
1352
1388
1367
1388
1366
1355
1360
1356
1362
1367
1356
1423
1404
1353
1356
1366
1367
1352
1369
1389
1366
1354
1356
1365
1382
1419
1379
1365
1358
1378
1371
1352
1357
1389
1404
1352
1375
1352
1357
1368
1355
1356
1366
1355
1358
1355
1357
1357
1352
1355
1354
1352
1358
1405
1401
1360
1391
1344
1398
1369
1406
1366
1412
1376
1363
1352
1400
1349
1365
1400
1394
1366
1391
1354
1357
1375
1376
1461
1412
1367
1352
1359
1371
1361
1352
1397
1355
1351
1351
1355
1458
1352
1364
1359
1376
1356
1431
1369
1353
1422
1403
1354
1502
1437
1351
1355
1363
1404
1353
1351
1351
1351
1399
1422
1352
1366
1353
1394
1354
1394
1355
1366
1353
1356
1355
1367
1393
1357
1438
1392
1351
1368
1400
1354
1372
1419
1371
1355
1356
1357
1416
1404
1897
1412
1364
1363
1429
1366
1351
1352
1413
1399
1382
1403
1352
1356
1398
1360
1367
1365
2068
1392
1358
1420
1415
1359
1361
1363
1360
1864
1363
1401
1364
1390
1355
1408
1351
1353
1350
1577
1447
1365
1424
1396
1408
1352
1365
1367
1394
1356
1424
1364
1348
1364
1355
1368
1401
1443
1356
1367
1359
1364
1366
1351
1366
1411
1369
1361
1402
1353
1377
1355
1352
1369
1355
1414
1364
1353
1396
1355
1367
1367
1398
1362
1362
1368
1413
2451
1838
1366
1395
1351
1410
1366
1353
1361
1351
1350
1352
1364
1393
1356
1358
1366
1359
1416
1366
1370
1438
1357
1412
1384
1348
1358
1397
1364
1382
1351
1360
1385
1415
1365
1353
1355
1399
1429
1416
1362
1354
1371
1414
1368
1365
1399
1356
1355
1368
1352
1350
1349
1392
1369
1352
1370
1357
1366
1352
1356
1366
1368
1345
1362
1353
1353
1355
1440
1371
1395
1384
1433
1372
1367
1366
1398
1348
1406
1362
1357
1375
1373
1380
1419
1367
1364
1429
1409
1407
3000
1447
1355
1357
1356
1355
1365
1431
1357
1355
1397
1356
1354
1359
1359
1391
1354
1419
1353
1356
1413
1363
1363
1395
1387
1370
1365
1350
1361
1412
1366
1391
1428
1366
1392
1358
1353
1370
1351
1356
1354
1366
1361
1357
1351
1403
1364
1356
1357
1468
1414
1403
1366
1383
1388
1409
1363
1367
1353
1407
1366
1367
1369
1389
1393
1394
1368
1365
1371
1366
1457
1385
1368
1373
1451
1374
1367
1352
1358
1367
1373
1356
1359
1352
1355
1354
1367
1402
1367
1365
1380
1367
1382
1409
1387
1420
1360
1478
1365
1368
1352
1366
1368
1413
1354
1352
1397
1378
1355
1368
1354
1362
1354
1356
1353
1403
1360
1386
1361
1411
1387
1376
1365
1397
1357
1369
1405
1358
1348
1433
1353
1366
1355
1352
1352
1369
1364
1357
1357
1364
1419
1381
1390
1353
1390
1352
1353
1354
1374
1379
1396
1404
1351
1391
1397
1357
1354
1359
1353
1420
1405
1389
1369
1362
1356
1357
1392
1357
1355
1353
1618
1413
1386
1356
1357
1361
1354
1413
1383
1501
1369
1355
1359
1361
1354
1404
1351
1356
1426
1351
1376
1351
1442
1466
1389
1394
1367
1402
1366
1403
1360
1351
1354
1356
1363
1427
1352
1363
1358
1370
1370
1414
1354
1354
1379
1388
1352
1353
1354
1366
1363
1363
1424
1363
1391
1359
1402
1410
1416
1360
1352
1354
1385
1393
1361
1350
1389
1352
1353
1364
3709
1360
1353
1351
1353
1402
1401
1540
1414
1372
1356
1356
1353
1365
1370
1368
1371
1411
1395
1380
1417
1355
1463
1351
1424
1388
1387
1354
1512
1351
1378
1392
1353
1356
1359
1410
1428
1356
1365
1377
1437
1405
1386
1403
1397
1396
1395
1394
1371
1367
1355
1354
1370
1353
1356
1363
1367
1394
1363
1366
1368
1368
1371
1363
1429
1372
1376
1368
1434
1349
1406
1353
1402
1353
1372
1351
1363
1431
1405
1366
1358
1370
1349
1404
1380
1366
1372
1357
1356
1353
1364
1355
1393
1355
1381
1354
1351
1409
1413
1353
1356
1366
1412
1356
1354
1387
1356
1392
1352
1392
1404
1402
1367
1404
1363
1353
1363
1351
1364
1356
2542
1421
1356
1421
1363
1357
1366
1354
1351
1356
1450
1353
1354
1363
1357
1355
1397
1415
1360
1403
1354
1411
1369
1372
1365
1355
1357
1357
1352
1401
1389
1366
1366
1352
1386
1351
1351
1354
1355
1432
1379
1368
1361
1380
1358
1354
1366
1359
1350
1356
1365
1356
1408
1365
1370
1456
1365
1420
1373
1367
1356
1368
1356
1367
1440
1456
1353
1374
1356
1357
1378
1399
1394
1354
1392
1409
1355
1355
1357
1388
1368
1417
1403
1350
1365
1352
1362
1352
1406
1371
1352
1355
1379
1358
1351
1368
1361
1368
1358
1354
1355
1358
1353
1353
1366
1405
1367
2139
1366
1371
1684
1406
1469
1363
1362
1420
1371
1351
1355
1366
1660
1354
1366
1384
1373
1460
1352
1367
1360
1354
1365
1355
1364
1358
1363
1422
1355
1352
1356
1352
1372
1370
1399
1364
1560
1354
1355
1371
1391
1353
1387
1362
1387
1396
1353
1352
1721
1381
1356
1369
1353
1394
1367
1361
1350
1395
1702
1363
1399
1355
1402
1360
1353
1383
1354
1385
1406
1379
1349
1353
1352
1413
1404
1358
1368
1421
1356
1356
1356
1352
1354
1363
1366
1423
1355
1359
1355
1354
1355
1400
1368
1352
1418
1406
1402
1451
1363
1440
1355
1354
1368
1352
1393
1350
1391
1355
1359
1447
1364
1365
1399
1366
1378
1399
1422
1449
1352
1398
1438
1356
1389
1355
1363
1448
1363
1398
1356
1411
1365
1359
1370
1375
1398
1390
1354
1354
1355
1427
1353
1367
1357
1365
1386
1355
1379
1355
1364
1353
1394
1358
1351
1366
1401
1352
1362
1354
1373
1373
1355
1359
1402
1363
1352
1349
1427
1371
1367
1367
1355
1363
1429
1371
1389
1432
1356
1355
1369
1355
1423
1371
1362
1461
1423
1361
1387
1410
1382
1358
1379
1353
1384
1365
1356
1365
1451
1402
1369
1355
1398
1379
1365
1420
1378
1421
1374
1356
1354
1400
1431
1399
1357
1371
1901
1352
1359
1378
1366
1385
1357
1397
1381
1362
1356
1354
1401
1422
1355
1365
1360
1382
1460
1373
1407
1390
1450
1370
1362
1351
1354
1365
1353
1406
1372
1353
1356
1353
1353
1404
1420
1406
1384
1360
1383
1408
1369
1355
1385
1390
1364
1353
1419
1380
1359
1363
1354
1427
2045
1431
1405
1386
1390
1356
1371
1376
1371
1433
1423
1401
1353
1362
1357
1354
1541
1358
1353
1385
1391
1359
1352
1367
1352
1657
1363
1354
1406
1394
1358
1356
1385
1355
1414
1354
1361
1367
1515
1357
1383
1449
1355
2043
1383
1355
1365
1362
1355
1362
1411
1374
1356
1368
1376
1366
1351
1413
1381
1387
1351
1354
1367
1364
1352
1365
1414
1358
1388
1355
1404
1363
1356
1356
1357
1353
1355
1388
1353
1366
1364
1356
1448
1355
1769
1366
1352
1485
1363
1379
1367
1389
1353
1367
1409
1352
1351
1395
1403
1359
1445
1372
1377
1362
1353
1379
1357
1396
1406
1422
1441
1369
1367
1395
1367
1407
1397
1402
1398
1427
1347
1357
1404
1356
1352
1369
1371
1362
1355
1388
1356
1356
1402
1390
1398
1357
1353
1355
1363
1351
1353
1378
1353
1365
1397
1396
1381
1364
1715
1353
1410
1358
1370
1357
1360
1397
1383
1355
1352
1389
1366
1366
1352
1354
1351
1417
1356
1361
1363
1354
1363
1390
1398
1389
1356
1355
1353
1352
1354
1405
1378
1367
1357
1401
1398
1351
1393
1355
1426
1364
1721
1359
1393
1383
1373
1363
1391
1357
1357
1362
1352
1455
1434
1366
1370
1355
1365
1356
1365
1371
1398
1368
1358
1358
1350
1363
1376
1353
1365
1370
1380
1361
1367
1352
1370
1357
2064
1365
1351
1396
1394
1351
1404
1355
1368
1417
1353
1398
1363
1419
1462
1351
1356
1353
1354
1351
1356
1364
1359
1563
1358
1399
2168
1405
1367
1382
1353
1366
1584
1352
1367
1354
1363
1400
1413
1357
1497
1402
1414
1352
1348
1362
1369
1431
1354
1365
1369
1354
1403
1369
1370
1505
1353
1353
1362
1358
1417
1353
1360
1362
1430
1388
1353
1363
1366
1360
1413
1421
1360
1404
1353
1390
1373
1356
1367
1353
1395
1353
1366
1363
1413
1413
1357
1357
1388
1377
1357
1473
1411
1364
1377
1358
1371
1362
1352
1367
1357
1353
1371
1363
1352
1353
1358
1355
1363
1352
1372
1359
1380
1438
1394
1352
1376
1366
1366
1409
1389
1353
1370
1408
1354
1411
1353
1413
1358
1375
1354
1412
1358
1362
1352
1362
1359
1370
1359
1356
1365
1430
1369
1387
1355
1355
1351
1355
1355
1401
1409
1382
1414
1351
1363
1351
1411
1356
1357
1353
1361
1353
1403
1366
1366
1363
1358
1364
1355
1412
1356
1373
1413
1416
1377
1389
1402
1381
1368
1394
1351
1366
1353
1391
1357
1364
1355
1363
1358
1430
1362
1359
1354
1352
1355
1371
1582
1376
1367
1371
1367
1368
1355
1365
1384
1359
1364
1355
1407
1356
1352
1387
1396
1368
1351
1398
1419
1394
1365
1363
1356
1351
1352
1363
1354
1426
2047
1356
1357
1371
1429
1352
1400
1442
1373
1367
1352
1411
1351
1367
1356
1424
1357
1413
1427
1354
1368
1352
1364
1366
1462
1362
1358
1378
1354
1367
1411
1597
1370
1368
1407
1352
1360
1355
1353
1365
1360
1356
1415
1357
1352
1354
1357
1385
1356
1363
1381
1363
1367
1372
1550
1356
1355
1354
1407
1377
1351
1420
1357
1388
1383
1582
1362
1399
1387
1391
1392
1352
1353
1433
1352
1375
1372
1357
1399
1360
1405
1357
1370
1372
1363
1351
1368
1357
1357
1360
1406
1357
1364
1358
1358
1356
1421
1358
1413
1349
1367
1358
1376
1404
1392
1364
1398
1463
1402
1373
1354
1402
1401
1357
1356
1393
1367
1360
1363
1356
1351
1356
1357
1370
1359
1356
1381
1371
1373
1357
1356
1380
1352
1365
1370
1441
1355
1452
1351
1357
1443
1368
1388
1354
1417
1434
1441
1437
1361
1348
1400
1383
1367
1371
1383
1392
1410
1366
1404
1352
1352
1382
1403
1362
1402
1356
1357
1356
1351
1414
1457
1356
1365
1367
1413
1352
1358
1381
1384
1363
1343
1367
1440
1985
1389
1362
1463
1362
1350
1389
1355
1359
1386
1395
2363
1371
1380
1376
1372
1420
1356
1366
1453
1352
1356
1409
1412
1403
1356
1370
1368
1410
1398
1404
1350
1383
1353
1365
1351
1408
1361
1370
1418
1358
1398
1400
1355
1364
1386
1357
1355
1387
1355
1357
1356
1445
1367
1368
1398
1353
1355
1351
2292
1390
1366
1376
1357
1352
1385
1364
1398
1357
1355
1409
1353
1356
1358
1369
1354
1359
1396
1367
1359
1356
1361
1381
1419
1439
1376
1447
1363
1369
1351
1356
1401
1362
1357
1398
1367
1376
1405
1447
1399
1352
1459
1398
1371
1414
1352
1366
1434
1353
1357
1410
1362
1364
1362
1354
1354
1411
1410
1344
1365
1401
1352
1371
1387
1364
1366
2301
1345
1365
1360
1351
1367
1356
1363
2036
1367
1357
1351
1367
1375
1353
1421
1421
1392
1355
1367
1401
1354
1400
1351
1380
1404
1355
1356
1351
1385
1430
1357
1355
1355
1400
1434
1354
1361
1366
1392
1360
1366
1411
1353
1394
1353
1356
1363
1387
1398
1377
1388
1354
1397
1448
1363
1449
1354
1501
1400
1355
1358
1355
1356
1367
1357
1356
1356
1372
1426
1356
1461
1365
1366
1359
1373
1404
1358
1375
1361
1354
1397
1403
1355
1385
1360
1355
1412
1357
1463
1355
1377
1356
1428
1356
1358
1375
1353
1396
1411
1355
1353
1356
1430
1362
1351
1356
1425
1427
1352
1413
1399
1351
1362
1354
1395
1357
1365
1356
1355
1406
1353
1395
1400
1376
1361
1355
1363
1357
1394
1353
1358
1362
1353
1359
1401
1353
1369
1367
1370
1408
1360
1411
1414
1409
1394
1355
1394
1368
1358
1357
1357
1353
1393
1355
1392
1483
1390
1355
1355
1398
1364
1365
1356
1366
1396
1355
1384
1362
1352
1401
1423
1402
1363
1401
1351
1356
1355
1375
1368
1354
1392
1388
1393
1362
1418
1406
1356
1351
1431
1385
1371
1371
1375
1365
1355
1354
1403
1429
1356
1355
1377
1372
1355
1351
1391
1362
1384
1356
1391
1352
1403
1356
1389
1356
1363
1351
1403
1358
1355
1410
1417
1359
1356
1397
1349
1400
1444
1476
1354
1395
1426
1362
1351
1360
1407
1360
1385
1356
1362
1354
1439
1403
1396
1350
1461
1351
1360
1359
1363
1352
1354
1401
1392
1399
1352
1366
1397
1429
1439
1353
1351
1355
1353
1356
1371
1363
1356
1361
1356
1355
1369
1357
1355
1355
1399
1352
1359
1388
1356
1357
1356
1359
1355
1365
1373
1409
1351
1356
1364
1355
1357
1362
1356
1351
1356
1406
1351
1354
1361
1357
1358
1353
1358
1425
1352
1361
1367
1359
1372
1422
1370
1370
1364
1397
1356
1402
1356
1375
1479
1370
1414
1382
1372
1368
1364
1387
1950
1366
1668
1411
1355
1352
1353
1356
1362
1418
1412
1357
1361
1361
1428
1408
1363
1355
1360
1371
1366
1353
1354
1354
1351
1352
1387
1348
1402
1363
1371
1372
1359
1351
1399
1366
1352
1361
1358
1369
1416
1369
1368
1385
1356
1357
1359
1368
1382
1368
1351
1414
1357
1366
1378
2041
1370
1363
1417
1388
1410
1355
1364
1470
1356
1377
1355
1358
1388
1416
1367
1462
1373
1372
1402
1403
1382
1362
1363
1432
1372
1378
1558
1397
1362
1391
1355
1379
1352
1380
1356
1354
1356
1420
1354
1815
1354
1369
1354
1367
1366
1452
1362
1354
1361
1411
1388
1354
2405
1354
1397
1371
1405
1352
1440
1367
1392
1354
1354
1520
1356
1356
1356
1405
1453
1363
1360
1366
1366
1355
1372
1356
1359
1393
1405
1393
1384
1363
1404
1353
1379
1387
1430
1355
1353
1365
1380
1379
1367
1354
1367
1357
1355
1363
1429
1352
1364
1357
1414
1373
1381
1374
1362
1358
1371
1438
1372
1371
1352
1353
1385
1350
1414
1431
1352
1395
1398
1356
1356
1358
1359
1383
1404
1357
1352
1446
1371
1367
1353
1434
1354
1360
1353
2091
1353
1355
1442
1438
1402
1374
1368
1357
1389
1356
1393
1352
1354
1364
1513
1357
1434
1355
1411
1352
1361
1356
1365
1381
1369
1354
1352
1367
1394
1348
1351
1357
1381
1410
1352
1453
1359
1434
1390
1405
1362
1392
1355
1374
1366
2367
1362
1362
1362
1361
1395
1386
1355
1367
1353
1366
1406
1358
1360
1354
1414
1545
1461
1376
1351
1354
1351
1361
1393
1364
1362
1351
1354
1393
1353
1358
1367
1519
1354
1356
1353
1355
1367
1363
1352
1364
1407
1350
1357
1363
1351
1925
1419
1353
1406
1351
1913
1397
1357
1354
1409
2080
1353
1389
1360
1359
1402
1351
1397
1388
1369
1387
1396
1366
1354
1360
1390
1372
1366
1355
1356
1344
1351
1347
1352
1387
1351
1355
1367
1366
1374
1398
1369
1353
1365
1364
1394
1362
1367
1357
1434
1459
1433
1361
1367
1369
1359
1423
1357
1400
1351
1381
1408
1353
1356
1365
1367
1399
1353
1371
1370
1362
1378
1390
1360
1361
1398
1508
1371
1354
1366
1361
1356
1358
1388
1378
1361
1396
1351
1360
1361
1367
1353
1359
1479
1380
1394
1382
1355
1362
1358
1361
1355
1400
1404
1362
1366
1356
1418
1409
1363
1369
1353
1354
1404
1358
1362
1370
1360
1357
1355
1359
1365
1358
1358
1351
1353
1353
1355
1410
1350
1366
1371
1354
1382
1357
1352
1425
1354
1383
1359
1380
1357
1366
1363
2072
1344
1359
1353
1360
1351
1356
1414
1771
1375
1367
1364
1389
2286
1362
1363
1354
1354
1349
1356
1360
1366
1364
1470
1393
1352
1392
1353
1356
1355
1416
1355
1356
1361
1353
1393
1358
1352
1353
1368
1382
1357
1355
1354
1355
1408
1362
1356
1356
1394
1355
1357
1362
1419
1363
1358
1369
1352
1355
1358
1371
1356
1357
1441
1356
1355
1347
2595
1358
1360
1425
1359
1353
1367
1351
1392
1358
1398
1389
1454
1352
1355
1449
1395
1368
1393
1363
1356
1401
1458
1365
1354
1391
1405
1360
1353
1381
1392
1392
1416
1397
1378
1387
1352
1419
1369
1428
1361
1376
1361
1353
1441
1363
1360
1351
1360
1355
1420
1352
1357
1353
1425
1357
1379
1352
1360
1388
1355
1367
1361
1439
1354
1352
1352
1373
