63
63
63
195
63
63
63
63
63
63
64
63
63
63
63
63
63
62
63
78
63
63
63
63
63
63
63
62
64
63
73
66
64
144
73
72
64
63
64
63
63
63
65
63
63
180
121
70
63
62
63
63
64
63
63
64
63
63
63
63
64
62
63
63
63
64
63
63
63
64
63
63
63
63
64
63
63
64
63
63
63
78
64
63
63
63
63
64
63
63
63
63
63
63
63
64
74
63
63
64
63
63
63
64
63
63
68
64
77
62
64
63
63
63
63
63
63
63
63
63
63
63
63
63
63
63
63
63
63
64
63
63
63
63
63
63
63
64
63
64
64
63
63
63
62
64
64
63
63
63
74
75
63
63
63
63
64
63
63
63
63
63
65
64
63
63
71
63
63
63
63
62
64
62
64
62
62
63
63
63
63
67
63
63
63
63
63
64
63
63
63
63
63
63
63
63
63
63
64
65
63
63
63
63
65
72
63
63
63
63
63
63
63
63
64
64
63
62
64
63
63
64
63
63
62
63
63
63
63
63
63
63
65
75
63
63
63
63
62
63
62
62
62
63
63
63
63
63
62
63
62
66
66
64
63
158
63
63
64
63
193
63
63
73
63
63
63
64
63
63
63
62
64
73
63
63
62
62
63
65
62
63
74
63
63
64
63
64
63
74
63
63
63
63
63
64
63
63
63
63
63
63
63
63
64
62
63
64
79
63
63
62
63
63
62
253
63
63
63
63
63
63
63
63
62
63
63
63
63
63
63
63
63
63
63
63
63
63
63
62
63
63
62
63
64
63
74
64
63
64
63
62
63
63
63
63
63
63
63
64
64
63
64
63
63
62
66
64
163
64
62
63
63
63
63
63
64
63
63
63
64
64
63
63
63
63
62
63
63
62
63
63
62
64
63
63
63
63
63
63
75
64
63
68
71
63
62
71
63
63
64
63
62
63
63
63
63
62
63
63
63
62
65
184
63
64
63
75
63
74
64
64
63
63
63
63
65
64
63
63
65
63
63
67
64
64
63
95
63
63
63
63
63
63
64
74
63
63
63
63
66
63
72
62
63
62
63
63
72
62
63
63
63
184
62
63
71
63
63
63
200
64
63
63
62
63
63
73
63
64
63
63
62
62
63
109
63
63
63
66
64
64
63
63
70
64
63
63
67
63
63
65
63
63
63
62
187
153
63
63
73
63
63
63
76
63
64
63
63
63
63
63
63
62
63
64
63
63
63
63
62
63
63
64
63
64
62
184
63
74
63
63
63
63
63
64
63
62
64
63
63
64
144
63
63
62
63
63
63
63
63
63
62
63
66
63
62
74
63
63
63
63
63
63
63
64
63
63
63
78
63
63
63
62
63
63
63
62
71
63
80
74
63
62
63
64
63
64
63
63
63
63
63
63
63
79
62
63
63
63
64
64
63
63
62
63
63
63
64
62
64
63
64
64
63
63
63
63
63
63
63
64
63
64
63
63
63
63
63
63
147
64
63
63
63
63
63
65
63
63
62
62
63
63
63
63
63
62
66
63
62
66
63
63
63
63
63
64
63
62
64
74
63
63
64
63
63
64
63
63
64
63
64
63
63
64
63
63
63
63
64
158
63
71
74
62
63
63
63
63
63
74
63
63
72
63
63
63
64
64
63
159
63
63
63
63
63
64
63
63
62
63
64
63
63
63
62
63
63
63
63
63
63
76
63
63
63
63
64
63
184
63
63
63
62
63
73
63
64
63
62
64
63
70
63
63
62
63
63
63
63
63
62
63
69
63
157
62
72
63
63
63
74
74
64
63
63
63
64
64
63
63
64
72
63
63
63
63
63
64
63
63
64
62
63
122
63
63
63
63
62
62
63
63
63
63
63
63
64
63
63
63
63
63
63
63
64
63
74
63
63
63
74
63
159
64
64
63
62
62
74
84
63
63
63
63
63
63
63
63
63
63
63
63
63
64
64
63
64
63
63
63
182
63
62
63
65
64
62
63
63
63
64
65
63
63
63
63
63
63
74
63
63
63
66
63
63
62
63
63
63
63
63
63
63
63
63
63
73
63
63
63
62
63
64
63
63
63
63
63
63
63
141
63
67
63
63
63
62
63
72
64
158
64
63
63
64
63
63
63
63
63
64
63
63
63
62
63
63
63
63
184
63
63
64
63
64
63
63
64
63
63
63
63
63
62
63
63
63
64
63
63
63
62
64
207
184
63
62
63
64
63
64
63
63
74
63
63
63
63
67
64
64
64
63
63
63
72
63
63
63
63
63
63
63
63
63
64
63
64
62
63
64
63
64
63
63
65
63
63
64
64
63
63
63
67
63
63
63
63
64
64
63
115
64
63
63
74
63
63
63
64
63
63
64
63
63
63
63
63
64
63
64
64
63
67
63
64
63
63
64
63
63
63
63
63
64
63
63
63
63
63
62
63
63
63
63
63
63
63
63
63
63
63
63
63
63
63
63
110
63
65
158
63
64
64
63
63
63
64
63
62
63
64
63
63
63
63
63
63
62
62
63
63
64
63
64
64
64
63
66
64
72
63
74
63
73
63
64
63
63
62
63
63
63
118
63
63
63
67
104
63
62
64
63
64
63
63
63
63
64
64
63
63
196
63
63
63
63
63
63
62
63
64
63
63
64
63
83
63
62
63
63
67
63
63
63
76
64
75
63
63
63
63
62
63
64
63
73
63
63
63
64
63
63
67
62
179
63
63
62
63
63
63
63
64
64
62
62
63
63
63
63
63
63
63
63
95
64
62
63
63
63
64
63
64
64
63
113
63
63
63
63
63
64
64
63
70
64
63
73
184
63
63
62
63
62
63
63
63
64
63
63
63
183
63
63
63
63
63
63
63
63
63
63
63
63
63
63
63
63
64
63
63
63
65
64
63
92
63
67
63
63
63
63
63
62
63
63
62
64
62
111
62
63
63
63
63
64
63
63
63
64
63
63
62
63
63
63
63
63
64
63
63
63
63
63
63
63
63
63
63
63
66
64
63
63
63
64
63
63
63
62
63
64
63
62
64
65
63
63
63
63
63
63
64
63
63
63
63
74
62
63
63
63
62
62
63
63
64
145
63
63
63
63
63
63
65
63
63
154
64
62
63
63
63
62
63
63
63
63
64
63
63
63
67
63
63
73
63
63
64
63
63
63
63
72
74
62
63
63
64
63
63
63
63
63
63
63
62
63
63
63
64
63
63
63
63
62
63
62
63
62
63
63
62
63
72
66
63
62
64
63
62
64
77
63
76
63
63
64
63
63
63
63
63
63
63
63
63
64
73
62
63
63
63
63
64
63
63
63
74
63
63
211
65
63
75
63
63
63
73
63
63
63
63
63
63
63
63
63
63
63
63
63
62
63
63
63
63
109
63
63
63
64
64
63
63
64
63
62
72
64
64
65
62
63
63
63
64
63
71
63
63
63
63
63
62
74
63
63
63
63
63
63
63
63
63
62
64
62
63
63
63
63
63
63
72
63
63
63
62
64
63
63
63
70
63
64
63
63
75
65
63
64
63
64
74
64
63
64
63
64
63
64
76
63
65
63
63
63
63
63
63
63
63
64
63
63
65
63
62
62
63
63
64
62
64
64
63
63
63
63
63
63
63
63
63
62
65
62
63
63
63
63
63
64
63
79
63
63
64
63
63
63
63
64
63
63
63
73
63
64
63
63
63
86
62
64
63
63
63
63
63
184
63
67
63
63
63
63
62
63
63
63
63
63
63
63
63
64
62
64
62
66
64
63
64
63
63
63
63
63
63
63
63
145
64
64
63
63
63
63
63
62
63
63
63
79
63
63
63
63
86
64
63
63
63
64
64
63
63
63
62
63
63
64
63
63
64
62
64
63
62
63
63
63
63
67
62
63
63
63
62
184
63
62
62
67
64
114
63
63
64
63
68
62
63
63
63
64
63
63
63
63
64
74
63
63
74
63
64
63
70
63
63
63
62
63
63
62
63
63
184
63
74
63
63
63
63
63
64
63
63
66
63
76
63
64
63
63
63
63
63
63
63
64
63
63
63
62
63
63
63
73
64
63
63
63
65
63
93
63
64
63
62
63
63
63
63
64
63
63
63
64
63
64
63
62
63
64
63
63
76
72
63
64
63
67
63
63
63
63
63
63
74
63
63
63
63
62
63
63
186
63
63
63
73
64
63
63
63
149
110
63
75
65
62
62
113
63
63
63
63
63
63
62
73
63
72
64
63
63
75
63
62
63
63
63
63
63
63
63
63
75
63
63
63
63
63
63
63
63
63
63
63
63
63
63
64
64
63
63
63
63
63
63
63
64
65
63
63
64
64
63
63
63
63
63
63
63
71
74
64
63
188
63
63
63
63
63
64
63
63
63
63
63
63
67
64
63
63
63
64
63
63
64
63
63
70
63
64
63
64
63
64
75
63
63
64
65
63
63
63
63
64
63
63
64
72
63
63
63
63
62
63
63
75
64
63
63
64
63
64
63
62
63
145
63
63
63
64
63
63
63
63
63
63
63
63
64
63
63
63
63
63
63
64
63
63
63
63
63
64
63
63
63
63
62
63
63
63
64
63
63
63
62
63
63
63
63
64
63
63
63
63
64
63
63
64
63
62
63
63
72
74
64
64
63
63
63
63
63
63
63
63
63
62
64
63
63
63
63
63
63
73
63
63
74
63
64
63
63
63
63
63
63
64
63
63
63
63
63
63
63
73
63
63
63
63
63
63
63
63
62
63
63
63
63
63
63
63
63
63
63
64
63
63
63
64
63
64
63
63
63
63
63
64
64
63
63
63
63
64
95
63
63
64
76
63
63
72
184
63
63
63
63
65
63
63
70
63
62
63
63
63
63
63
66
166
63
63
63
64
63
63
63
63
63
63
70
64
62
63
62
63
63
62
67
64
66
63
62
116
64
63
76
74
63
72
63
64
63
63
62
63
63
62
75
63
64
75
63
63
63
64
64
63
63
63
71
63
63
64
63
65
72
63
64
73
62
63
63
63
63
64
64
63
63
64
64
63
63
63
74
63
63
64
63
63
64
63
65
63
63
63
63
63
65
66
64
63
63
72
63
63
63
64
63
63
62
62
67
63
63
63
64
73
63
77
62
63
72
64
64
63
160
63
63
63
63
185
62
63
63
63
63
63
63
62
63
63
75
63
63
63
64
146
63
63
63
62
63
64
63
63
63
63
63
63
72
63
63
78
73
63
63
149
66
63
62
63
63
63
63
64
66
63
67
63
63
63
63
63
63
63
185
63
63
63
63
63
63
67
63
63
63
63
64
63
63
63
63
64
63
63
63
63
64
64
63
63
63
63
63
63
63
63
63
63
63
63
62
67
64
63
62
63
63
62
74
63
63
63
63
63
63
64
63
63
63
63
64
63
63
64
63
63
63
63
64
64
63
187
63
63
63
63
74
63
63
63
63
63
63
63
62
63
62
63
63
63
63
63
63
63
63
63
63
63
63
63
63
64
63
63
63
63
144
63
63
63
63
76
63
62
64
63
164
64
64
63
64
121
162
184
72
63
63
62
63
63
63
63
63
63
63
63
63
63
63
63
63
63
63
72
63
145
63
63
63
63
63
63
64
63
63
62
63
63
62
63
63
63
63
62
63
62
64
63
64
63
63
63
63
66
184
74
63
64
74
63
62
63
63
135
74
64
63
62
63
62
63
68
75
65
63
63
144
73
130
63
63
63
118
63
64
140
62
63
62
76
64
63
63
62
63
63
63
63
63
63
63
62
63
62
62
63
62
64
63
63
63
65
62
63
63
74
64
63
66
63
63
63
63
110
63
64
63
63
184
72
63
63
64
63
64
63
63
73
63
63
63
63
74
63
62
63
63
63
63
66
64
62
63
63
63
63
63
63
63
63
63
63
62
63
184
63
63
63
73
63
63
63
62
63
63
63
63
63
74
62
63
63
64
63
64
62
63
64
144
63
66
63
63
111
63
63
63
63
63
63
63
63
63
63
64
63
63
63
65
141
62
63
142
62
64
63
74
63
64
63
63
63
63
64
63
63
63
63
63
76
63
63
63
63
63
64
63
63
64
113
62
63
63
66
74
67
63
63
63
185
63
63
63
63
64
63
64
63
63
63
62
63
63
63
63
63
66
63
64
63
73
63
63
62
64
63
63
63
74
62
63
63
63
63
63
75
62
63
63
63
63
63
63
63
63
65
63
64
63
63
73
63
67
64
63
62
63
63
62
63
63
63
110
62
63
63
63
63
63
65
75
63
64
64
63
63
63
62
63
62
65
63
63
63
63
64
63
72
63
62
64
63
71
63
63
63
64
145
63
63
63
63
73
63
64
72
67
63
63
64
63
65
62
63
63
63
63
62
63
63
63
64
63
62
72
63
113
63
62
63
62
64
63
63
62
63
63
63
63
63
64
65
63
62
63
64
144
63
63
63
63
64
62
63
63
63
63
63
63
64
63
62
63
63
63
62
63
63
63
63
63
64
63
63
64
63
64
63
63
63
63
63
63
63
63
64
63
74
63
63
74
62
63
62
64
63
63
63
64
63
63
63
144
64
63
63
63
63
63
63
63
62
63
64
63
63
63
63
63
62
64
63
66
63
63
63
63
63
63
64
63
63
64
62
64
63
65
63
63
63
63
63
64
63
63
62
63
63
63
64
63
63
63
66
64
63
63
73
63
64
63
75
63
74
64
63
63
64
63
63
63
63
62
63
63
63
64
64
63
63
63
63
63
63
64
63
63
67
63
63
63
74
63
145
63
108
62
64
63
63
63
62
64
64
63
73
62
64
64
63
183
63
63
63
74
62
63
64
180
63
64
75
63
63
64
73
63
187
79
64
63
63
64
63
64
63
63
63
63
62
63
65
64
63
62
63
63
62
65
63
63
63
63
64
63
63
63
63
63
63
63
63
62
63
63
62
72
62
63
63
64
64
74
63
63
63
63
63
63
63
64
63
63
64
64
63
63
63
63
63
63
62
63
63
75
64
63
64
63
63
62
68
63
63
63
63
63
74
63
63
62
63
63
63
63
63
63
63
63
63
63
63
63
187
63
66
63
63
63
63
63
63
63
62
63
63
63
63
73
64
63
63
63
63
63
63
63
63
63
63
63
63
63
63
63
63
71
63
63
63
64
62
62
63
63
63
63
63
63
63
63
63
63
63
62
63
63
63
63
71
63
63
63
63
62
63
63
63
63
63
63
63
63
63
63
63
63
64
64
63
63
63
63
63
63
63
63
63
63
64
63
62
63
186
64
63
74
63
63
63
66
63
63
63
64
62
63
63
63
64
63
63
63
64
62
63
63
63
63
63
64
63
63
64
187
74
186
63
73
63
62
63
63
62
63
63
63
64
63
63
63
62
63
63
74
185
63
63
63
63
63
63
63
64
65
63
72
63
62
63
64
63
63
63
63
63
64
62
63
63
64
62
63
62
63
63
63
66
63
63
64
63
63
63
65
63
63
75
63
63
63
64
63
63
63
63
63
63
63
63
64
63
64
63
63
63
63
63
63
63
63
63
63
63
63
63
63
64
62
63
64
63
63
64
63
64
63
63
63
64
62
64
63
63
63
63
63
63
63
63
63
63
63
63
63
63
63
64
63
102
63
72
63
75
63
66
63
63
64
63
62
63
63
64
64
63
74
64
64
63
73
63
63
63
63
71
63
63
62
63
62
63
64
63
63
63
63
63
63
63
63
62
63
63
63
64
63
63
63
62
64
63
63
63
63
75
63
63
63
63
63
63
63
63
63
63
63
64
63
63
63
63
63
62
73
63
63
64
63
63
63
133
63
62
63
62
63
63
145
64
63
75
63
63
62
63
63
64
63
63
64
69
73
63
73
63
63
63
63
63
63
184
66
67
63
63
63
63
70
63
64
63
64
63
63
63
64
63
63
63
64
63
63
195
63
184
63
63
62
62
174
72
63
63
63
63
63
62
63
63
63
73
63
63
112
62
73
62
63
63
63
63
63
64
63
63
63
74
63
63
144
141
64
63
63
63
64
63
184
76
63
63
63
184
64
62
63
63
63
63
63
63
63
67
63
184
63
63
64
63
66
63
63
62
63
62
63
63
63
63
64
65
63
63
63
144
63
62
63
64
63
76
63
64
63
63
63
63
63
63
63
64
123
62
63
72
63
64
73
63
64
63
63
63
97
63
109
63
67
63
63
73
63
63
63
62
63
62
63
63
63
63
63
63
63
63
64
63
63
63
63
63
110
74
63
63
63
63
63
64
62
62
63
63
112
62
62
63
63
63
64
62
63
63
63
63
63
63
63
63
63
75
182
63
63
63
63
63
63
64
122
63
63
67
63
63
62
63
63
63
74
63
63
64
63
63
63
63
63
66
64
64
63
63
63
63
63
63
63
62
66
64
64
62
116
72
63
62
64
63
63
63
63
63
63
64
64
63
63
62
106
63
63
63
63
63
62
63
63
63
62
67
63
63
63
63
63
63
63
63
63
63
63
62
62
63
63
62
64
63
64
64
62
63
63
63
74
63
146
74
63
63
166
63
62
63
63
63
63
64
63
63
62
63
63
63
62
63
63
63
63
63
63
64
66
63
63
63
62
63
63
63
63
64
64
63
63
75
64
63
63
62
63
63
184
74
62
63
184
63
63
64
63
136
63
63
63
63
63
64
63
63
62
62
63
63
76
63
63
62
63
63
64
63
63
63
65
63
62
63
63
63
63
64
63
62
65
63
63
63
63
63
63
64
63
67
63
63
63
63
73
63
63
63
141
64
63
62
63
64
63
64
65
63
63
63
63
63
63
64
63
70
63
63
63
64
63
63
73
63
63
63
63
63
64
184
64
63
63
64
63
63
74
63
63
64
64
63
63
64
63
63
63
63
63
63
63
63
63
63
64
63
63
63
67
63
63
124
63
62
63
63
63
63
62
63
63
63
72
74
66
63
63
63
63
63
63
63
63
63
63
173
63
63
63
63
64
63
63
64
63
63
73
63
63
64
63
63
63
63
63
67
63
63
63
63
64
63
63
63
64
62
63
63
63
62
64
63
63
62
63
62
63
62
63
62
71
63
63
63
64
64
65
64
64
63
63
63
62
63
63
63
63
63
228
63
63
63
63
63
62
63
65
63
63
63
62
63
63
63
64
63
63
63
74
63
62
63
63
65
66
63
63
63
63
63
63
64
63
80
63
98
63
63
72
63
74
66
63
63
64
63
62
63
63
63
147
63
63
62
63
63
