228
110
105
262
105
109
109
105
105
105
110
109
110
110
110
105
109
123
111
109
110
111
106
112
110
117
109
109
105
106
111
109
325
110
109
109
109
116
106
110
105
110
109
118
109
114
169
110
110
109
110
116
106
110
112
173
110
111
242
110
110
110
111
110
114
110
110
110
110
110
110
256
105
114
105
109
110
118
110
110
113
110
109
109
110
110
118
110
110
110
109
109
110
174
105
110
110
110
110
110
116
110
110
110
109
110
110
109
109
110
110
109
109
113
113
110
105
110
118
109
110
110
110
109
109
110
111
117
109
110
106
117
110
115
110
109
110
109
110
105
110
110
109
109
109
110
163
110
110
109
110
109
109
117
119
109
110
109
116
110
109
116
109
110
117
111
110
109
110
109
110
110
158
110
110
110
110
105
104
106
110
109
109
109
109
110
110
110
110
113
110
110
111
109
115
110
110
117
110
110
118
110
109
109
109
109
111
110
109
110
110
109
106
110
109
258
109
109
114
110
110
105
109
116
110
110
117
111
110
109
109
113
109
113
111
121
109
109
109
110
117
109
110
109
109
110
109
110
109
110
110
110
109
109
111
109
110
110
110
110
295
109
109
109
111
114
109
105
105
117
113
109
109
109
109
105
110
110
109
109
110
235
111
109
121
109
110
106
109
105
110
110
109
110
109
110
109
163
109
106
109
109
110
109
109
109
111
109
110
105
109
110
106
109
110
105
110
109
123
144
109
109
110
110
110
110
109
109
109
119
109
109
110
109
110
109
110
110
109
109
110
110
162
116
162
110
110
110
109
178
111
110
111
110
116
110
110
105
169
116
110
122
106
110
110
109
113
109
147
116
106
110
109
110
111
110
109
117
110
111
109
109
112
105
109
109
109
109
110
109
110
109
109
110
115
109
109
109
110
109
113
109
109
109
111
110
109
110
110
109
111
110
110
109
110
113
104
110
111
117
109
110
106
115
110
109
110
158
110
109
109
110
109
163
110
110
110
106
110
121
308
110
109
110
116
109
110
109
110
109
109
109
110
110
109
111
109
171
110
114
110
109
113
110
113
163
106
110
121
110
110
110
110
115
109
110
109
109
110
110
109
110
109
109
109
110
110
110
111
109
111
110
108
113
109
116
116
110
109
118
106
109
109
111
110
109
109
110
208
110
109
348
110
110
114
109
110
110
105
110
109
113
110
113
111
327
110
110
125
109
110
109
113
114
110
109
110
109
110
113
109
109
109
253
110
109
117
110
112
109
111
110
169
110
109
109
105
109
109
106
115
109
110
111
110
112
109
116
109
116
109
110
110
109
110
109
117
109
109
109
110
105
109
110
110
126
110
109
109
146
116
113
109
120
109
109
109
109
110
110
109
110
110
111
109
110
189
109
109
109
110
109
109
109
110
106
111
109
110
155
109
110
110
109
110
110
109
109
111
110
110
121
109
110
111
109
110
110
110
113
110
110
109
109
109
110
114
110
109
110
110
110
110
110
110
110
110
109
109
110
105
109
109
110
110
116
109
109
111
110
117
125
109
110
111
110
116
110
110
105
109
110
110
117
110
109
109
110
110
110
110
110
110
109
110
109
109
304
110
114
109
109
109
110
109
109
109
110
109
109
113
110
109
109
109
110
110
109
114
109
109
109
110
110
109
110
110
186
110
109
110
123
110
109
109
110
111
109
178
110
110
109
110
111
110
105
110
110
109
109
105
306
110
109
110
109
111
109
110
110
330
110
110
110
110
109
110
110
111
109
109
109
111
108
110
110
110
105
111
110
110
110
111
110
109
109
110
111
109
109
110
116
110
106
110
109
110
110
115
110
113
110
110
110
184
105
110
113
110
106
109
106
110
110
110
239
109
109
110
113
110
111
111
109
120
109
110
109
109
111
109
111
109
110
110
109
113
110
171
110
109
109
110
110
109
109
109
117
110
114
110
105
116
167
109
110
109
105
109
109
110
113
111
110
110
109
110
110
111
116
115
106
110
240
110
110
110
110
116
109
110
109
110
110
110
110
110
121
110
110
115
110
115
110
109
109
113
118
117
110
109
110
109
109
109
109
111
110
116
111
112
110
105
110
110
109
110
111
105
110
109
110
110
109
116
109
109
110
110
109
109
113
109
111
109
109
110
110
110
169
109
125
106
105
118
110
116
109
110
110
109
124
161
110
109
109
109
111
110
110
109
109
158
110
110
110
109
215
111
109
260
105
110
128
109
110
110
109
109
105
110
113
109
119
109
109
109
110
109
306
110
109
109
109
116
110
109
110
115
160
106
111
110
109
111
114
113
110
109
110
110
109
109
111
110
114
116
109
110
110
109
105
109
109
110
110
109
116
113
111
110
109
110
109
109
109
105
110
110
114
109
109
120
110
109
112
110
109
109
110
109
111
109
110
111
110
110
109
111
110
111
109
115
264
111
109
109
116
105
115
166
110
331
114
110
107
110
109
109
109
109
116
110
116
110
110
109
110
110
110
107
110
109
110
114
115
110
110
105
109
110
111
109
111
109
111
165
106
110
110
110
109
109
105
110
171
109
109
110
123
109
109
110
116
109
110
110
109
110
113
110
109
120
161
110
110
111
110
109
105
110
113
114
110
110
109
110
109
110
109
110
110
105
109
166
114
109
109
109
109
113
109
109
105
110
309
113
111
109
111
163
113
112
118
124
109
110
109
109
109
110
109
106
110
109
105
110
109
109
110
109
110
110
109
109
109
110
107
115
110
134
109
109
109
110
110
111
109
110
109
109
110
110
105
110
111
105
110
109
113
110
110
109
111
110
109
109
110
109
109
109
110
109
116
110
110
111
109
109
118
109
114
110
110
251
111
109
110
306
110
110
107
110
110
109
110
110
109
109
117
111
116
110
110
110
109
111
109
110
110
109
110
109
109
111
110
109
310
110
109
110
109
110
110
110
111
117
109
109
109
109
110
110
109
110
106
109
115
110
110
109
109
110
110
115
110
110
110
109
110
109
105
242
110
109
110
109
109
110
109
121
110
111
110
109
110
110
116
113
116
109
114
113
110
109
110
117
110
110
109
109
111
109
110
109
109
164
113
110
109
109
105
110
110
109
105
161
110
109
109
111
111
109
110
109
109
165
109
109
109
110
111
110
105
109
109
106
109
110
239
106
115
110
109
106
109
110
109
109
110
109
111
106
116
109
109
109
105
107
109
110
110
110
109
110
109
117
110
110
109
109
109
110
109
110
110
110
110
109
113
110
235
306
110
110
110
130
110
149
116
113
109
172
110
110
110
110
109
111
111
111
109
121
110
116
113
110
110
110
109
110
110
110
111
110
110
145
109
109
109
109
115
110
110
254
180
109
110
109
112
110
110
109
110
110
254
111
109
110
111
118
109
109
109
109
110
116
110
110
109
118
109
106
109
110
110
110
110
104
113
106
109
110
110
108
109
113
110
109
109
109
109
107
112
109
243
109
122
110
110
110
109
110
110
109
115
110
109
117
109
109
110
109
110
110
110
277
110
110
110
109
109
110
111
118
110
110
110
111
116
109
109
109
109
110
110
109
109
166
110
169
109
109
110
109
114
110
109
110
110
110
115
110
109
110
114
109
110
113
109
110
105
109
110
111
110
111
105
110
109
111
118
109
110
109
109
112
109
113
252
110
109
109
110
110
109
110
109
141
117
123
110
110
111
113
111
122
112
111
106
116
110
110
110
113
110
110
110
117
106
315
110
110
110
110
109
110
117
162
225
166
110
110
110
109
110
115
110
111
110
109
110
110
110
109
114
109
110
111
106
110
109
109
109
114
111
116
109
109
109
110
110
109
115
110
110
111
110
109
109
110
109
109
108
110
110
110
110
105
110
110
131
110
109
109
110
109
110
118
158
110
109
111
113
109
110
110
110
109
111
109
109
109
110
109
109
109
110
113
257
110
110
110
109
110
105
111
130
108
277
110
109
109
109
116
109
110
109
111
109
109
121
110
109
110
115
110
110
110
109
110
109
110
111
111
306
105
110
110
109
110
109
109
113
109
109
110
105
110
110
137
123
109
110
110
110
111
310
114
110
110
109
110
109
110
109
110
109
110
110
109
110
110
111
109
109
110
110
110
109
115
112
109
109
109
111
112
118
109
110
109
117
110
110
109
110
109
109
110
160
118
122
111
110
110
116
105
109
110
109
109
110
109
116
109
110
109
110
109
109
109
110
110
110
110
111
111
110
114
110
110
110
119
109
110
110
105
109
110
109
110
109
106
105
109
110
109
110
110
109
110
110
110
113
110
109
110
110
109
117
109
110
110
109
116
110
109
109
110
109
115
114
110
109
109
110
109
113
109
110
111
110
110
111
109
110
110
109
105
110
110
109
113
109
109
109
110
109
113
110
309
109
110
110
110
110
110
114
110
109
113
109
109
105
110
111
110
105
110
121
110
109
110
117
117
116
109
113
113
109
110
105
109
111
110
110
109
109
110
111
110
109
117
111
165
109
109
109
109
110
114
109
111
110
109
110
110
109
109
111
110
109
110
106
110
109
111
110
110
109
116
110
105
111
306
110
109
109
105
123
110
106
109
111
111
110
169
105
110
113
110
110
110
110
110
109
110
113
110
117
110
110
105
109
109
124
110
120
109
110
109
110
111
110
109
115
111
110
110
110
114
241
110
109
110
110
109
109
105
109
105
113
110
110
109
110
105
112
109
116
110
111
109
110
109
109
117
109
110
109
111
110
110
157
109
109
129
110
110
110
112
116
106
109
110
111
110
109
110
110
109
110
109
114
110
110
176
110
122
110
109
110
109
120
109
114
110
110
110
109
110
111
116
113
110
109
109
110
111
105
110
164
105
110
106
109
109
110
109
110
110
110
113
113
110
110
109
120
107
121
109
110
110
114
111
109
110
109
306
110
116
109
117
115
110
110
110
116
111
105
110
110
110
105
110
110
109
110
106
110
110
109
110
124
109
148
110
109
111
110
110
110
110
110
114
163
110
113
109
109
110
109
110
109
110
109
110
110
109
105
118
110
109
110
110
110
110
109
114
109
110
117
110
159
109
109
111
109
104
109
117
109
110
109
118
110
110
109
116
110
109
109
110
110
110
306
114
116
109
111
118
110
109
109
199
110
109
110
110
110
108
110
110
113
110
110
111
110
110
113
116
110
110
110
110
110
109
110
110
114
128
109
110
109
109
109
109
109
110
110
184
117
111
110
110
109
113
105
110
110
110
112
109
110
110
110
117
110
161
110
110
110
110
109
109
110
110
113
109
109
110
110
110
109
163
109
109
110
110
109
110
110
109
113
109
110
115
109
113
110
109
114
110
110
109
110
109
109
107
109
109
110
123
110
116
105
109
110
113
110
109
110
109
110
109
109
239
110
114
159
110
116
111
109
110
110
110
109
168
110
111
109
110
109
110
111
110
105
106
110
109
164
110
121
119
110
109
110
109
110
110
109
109
110
122
110
109
105
109
110
109
113
109
113
110
110
109
113
114
110
109
111
113
110
114
109
109
105
109
110
111
110
111
110
109
110
110
109
117
106
109
111
107
109
110
111
110
113
105
111
109
110
110
110
113
109
107
109
110
111
110
109
111
113
110
110
110
109
110
110
111
110
115
106
112
110
110
110
119
110
110
109
110
114
110
112
117
110
109
110
109
110
111
306
117
118
116
111
110
111
110
109
110
116
110
110
110
110
110
110
110
109
110
109
110
109
110
109
110
110
182
109
109
105
163
110
109
111
109
165
110
110
114
110
110
110
106
113
110
110
109
113
111
109
109
110
110
114
110
109
117
109
110
162
110
110
110
110
110
109
110
114
110
183
117
110
109
110
110
109
116
110
109
110
124
109
110
110
110
111
110
110
109
124
306
110
110
110
110
112
110
109
144
110
109
110
110
110
110
105
105
110
109
110
113
110
113
110
111
109
110
110
110
109
110
113
109
110
110
110
109
137
110
110
114
109
110
109
116
110
110
110
109
149
109
110
360
110
118
110
110
109
117
124
109
110
112
105
109
109
119
133
109
110
109
110
105
109
109
110
115
110
110
109
111
105
109
110
106
109
110
109
110
109
105
114
105
110
109
110
109
105
111
115
113
109
115
110
110
110
109
109
118
110
110
109
109
114
110
242
110
110
110
109
109
109
110
109
110
110
109
109
109
110
161
110
110
166
306
110
109
117
115
110
111
110
109
110
119
106
110
109
106
110
110
109
109
109
110
114
114
115
110
110
117
110
110
109
110
109
110
110
109
110
110
110
307
106
109
109
111
110
109
109
111
109
110
109
105
109
159
161
115
110
113
110
109
110
109
110
110
104
111
109
110
110
110
110
110
114
109
114
109
109
109
110
110
115
110
110
109
112
109
113
115
109
115
110
109
110
110
110
110
118
109
110
109
110
110
110
245
110
109
109
110
109
105
110
111
109
109
109
109
110
109
109
109
110
109
111
110
110
109
110
116
110
109
110
110
109
111
106
110
117
109
110
109
110
110
164
117
109
109
116
111
109
109
110
110
110
109
110
109
109
109
110
109
111
110
110
109
109
109
113
105
111
109
110
117
110
182
110
110
109
110
110
110
109
109
110
111
110
230
109
117
170
110
109
110
118
109
109
111
110
109
106
110
109
110
110
109
105
113
121
110
109
116
109
110
106
115
112
161
109
110
110
110
116
110
110
109
171
104
110
105
110
110
109
110
110
110
109
110
110
116
110
109
109
115
109
109
113
114
106
110
110
113
118
117
110
166
110
109
110
106
110
110
105
109
110
113
110
105
111
306
110
109
110
105
110
111
110
109
110
110
115
109
109
109
110
110
116
105
109
110
109
111
119
109
109
115
110
109
109
110
110
110
110
164
114
113
110
110
105
109
105
109
109
110
113
110
110
118
110
110
109
114
109
110
109
110
112
109
115
119
122
110
110
109
110
114
116
110
109
110
110
111
109
110
109
110
110
110
110
110
111
110
170
110
110
118
113
169
110
110
109
109
109
115
109
109
109
110
110
110
110
109
110
109
109
239
109
105
109
110
109
111
110
116
110
110
111
110
109
110
115
113
105
120
113
110
116
116
121
109
110
110
110
109
110
108
109
237
109
110
110
110
117
109
107
110
109
109
110
110
113
109
116
110
110
110
109
110
110
153
110
110
109
110
110
110
110
110
109
110
110
110
111
111
111
110
109
109
110
109
110
106
109
110
115
110
117
110
109
110
143
111
159
111
110
110
110
110
109
109
110
168
109
114
109
109
110
110
110
110
109
109
159
109
116
110
109
110
117
114
113
109
111
110
109
110
109
110
107
110
110
109
110
109
117
106
109
109
110
110
109
110
111
117
109
110
113
197
109
109
109
106
109
110
109
109
197
111
111
109
110
113
109
110
109
110
110
118
110
109
115
117
110
110
113
110
111
109
116
109
110
110
110
116
110
110
110
109
109
110
109
111
110
109
110
110
109
109
110
110
110
110
105
111
110
110
109
113
110
109
110
109
109
111
110
110
113
110
122
113
109
117
113
110
110
111
110
109
118
109
116
110
110
110
109
110
116
110
109
109
110
111
117
110
109
109
110
174
109
119
111
109
109
110
109
110
109
110
152
116
110
109
109
117
111
107
109
105
110
110
115
110
110
306
109
116
109
110
110
120
114
109
110
109
111
109
105
110
114
111
110
122
116
110
110
109
109
111
109
110
110
110
110
110
110
110
113
116
109
114
107
114
111
110
165
110
111
110
109
117
116
109
111
110
110
109
111
109
113
110
110
106
110
110
115
205
110
112
111
110
110
110
110
129
110
109
110
105
125
110
109
110
109
109
110
110
109
109
110
109
109
109
110
110
110
110
110
106
117
110
110
109
110
109
110
109
116
109
117
142
110
109
110
110
123
116
110
109
117
256
110
110
110
110
111
110
110
109
109
110
110
110
109
109
111
110
110
110
110
109
109
109
115
112
109
109
106
110
110
109
116
110
110
110
110
110
110
110
110
117
109
110
109
110
109
110
110
109
109
110
110
109
110
110
109
109
110
110
109
110
116
111
114
116
119
111
110
109
111
116
109
109
110
110
109
109
123
109
110
110
109
109
110
110
109
109
109
109
110
110
123
109
110
110
110
105
110
110
109
110
145
110
116
120
110
113
105
109
109
109
109
106
110
113
109
108
109
109
110
109
110
109
113
109
109
119
110
111
110
240
109
110
110
109
109
109
110
306
110
110
110
110
110
110
109
116
109
110
116
110
110
276
110
109
110
116
109
111
110
110
158
110
109
109
317
110
110
110
118
110
111
110
109
109
110
110
115
110
109
109
105
307
110
109
110
109
110
110
110
110
110
258
110
110
110
111
110
114
110
327
110
116
109
109
110
110
120
109
111
110
109
109
109
110
110
109
110
110
109
110
109
110
110
111
109
110
109
109
118
115
109
110
117
109
110
160
110
109
110
109
110
110
109
110
110
114
110
109
110
313
110
111
111
112
309
310
109
110
110
109
115
111
109
110
109
105
109
109
109
109
111
169
135
161
164
109
110
110
113
111
109
109
110
109
109
109
121
110
109
106
113
110
109
110
109
111
109
110
113
241
109
110
110
109
110
110
109
110
110
109
109
110
111
110
109
115
110
109
111
109
109
113
109
110
240
113
109
109
109
109
110
109
112
109
110
110
117
109
111
110
110
143
110
109
109
110
109
110
112
118
110
110
255
110
111
104
109
114
107
110
117
116
165
109
110
110
109
110
109
110
110
109
109
109
105
110
113
109
106
117
109
109
109
110
110
109
115
115
109
109
110
110
109
109
110
113
110
120
105
110
110
110
111
109
110
109
110
110
110
109
109
109
117
110
109
110
109
110
109
109
110
110
109
109
119
110
109
110
110
110
109
109
110
109
109
275
111
110
109
114
109
109
110
110
109
110
109
110
159
109
110
109
109
109
109
110
111
252
306
110
110
109
110
109
111
109
109
117
110
110
110
110
109
164
109
110
110
110
109
113
109
169
110
110
110
109
113
118
110
110
111
106
110
164
110
110
109
109
111
109
110
150
110
106
109
111
110
105
110
114
110
111
110
116
120
109
105
252
109
110
105
109
117
105
110
110
109
110
117
110
112
106
110
109
109
115
115
110
111
109
113
109
113
109
109
110
110
110
112
127
110
109
109
109
110
112
109
111
240
109
109
106
111
109
110
109
121
110
105
112
109
109
109
118
111
110
109
162
109
109
115
119
110
110
105
110
114
117
109
115
109
110
115
110
109
169
110
109
111
109
116
109
116
105
109
110
109
111
116
109
