274
229
319
227
236
227
226
229
271
240
236
226
238
227
226
242
226
226
230
230
227
226
226
222
238
225
226
405
247
230
227
227
584
502
284
236
226
225
226
226
226
228
225
226
225
227
241
279
227
235
226
230
501
222
226
226
226
226
225
239
242
605
236
236
237
237
225
226
239
227
225
227
226
227
226
240
227
226
234
291
226
226
226
226
225
226
231
240
226
226
237
226
226
227
225
226
237
226
226
226
227
236
225
227
225
227
227
243
225
226
226
233
227
233
284
226
227
226
222
226
226
226
226
229
295
226
229
226
226
225
225
286
225
229
226
226
225
226
227
226
229
238
230
227
293
283
226
226
283
225
234
238
226
226
226
225
289
223
237
226
226
226
226
227
227
225
226
226
227
226
226
236
228
230
226
227
284
285
226
228
226
226
227
223
226
327
229
287
229
256
227
226
222
230
226
236
241
242
227
229
227
226
239
237
226
226
226
236
222
227
225
226
291
236
225
226
234
226
230
227
227
239
227
226
226
226
225
230
241
227
225
227
227
225
222
225
247
227
237
226
226
226
229
227
225
229
221
226
226
229
239
227
227
227
225
225
226
229
227
276
226
225
238
238
231
241
226
226
226
226
229
233
226
226
230
230
226
226
229
226
226
226
238
229
235
225
226
226
226
226
248
227
226
226
226
225
226
226
227
226
226
226
230
226
226
226
236
226
274
226
226
226
226
240
226
226
226
226
226
226
231
226
226
227
226
226
279
226
515
227
225
226
226
225
227
222
228
235
227
237
284
237
226
238
227
238
253
226
227
226
240
225
226
230
226
226
270
225
226
225
226
226
226
241
227
241
227
237
643
226
226
226
226
226
227
226
234
225
226
227
226
227
271
226
226
227
225
226
260
242
291
225
234
226
230
226
229
226
226
305
226
239
229
226
226
226
457
227
226
248
226
225
226
238
226
227
229
226
227
226
227
226
226
290
226
226
226
225
226
227
229
236
225
227
280
226
502
227
222
226
226
226
229
221
226
246
226
226
234
226
226
226
227
226
227
236
226
226
233
226
239
228
229
237
228
226
226
226
225
227
227
229
226
226
227
226
230
229
289
229
235
226
227
228
230
227
230
239
225
226
226
237
227
226
227
235
226
227
226
227
238
226
226
230
236
226
227
230
226
221
237
236
237
226
227
285
226
236
280
226
226
237
226
226
226
225
242
226
236
238
226
226
226
226
232
226
226
226
227
237
225
293
226
226
226
226
226
225
229
226
226
289
238
276
227
226
226
226
227
226
226
226
327
226
225
226
226
236
226
226
292
227
226
226
237
228
229
227
226
226
233
231
238
225
226
226
226
235
292
226
226
442
238
226
226
225
226
226
226
502
226
226
225
227
221
226
226
226
227
236
227
226
226
227
229
226
243
240
227
227
226
226
228
226
226
226
225
226
226
227
229
234
230
226
242
227
221
226
230
246
236
226
226
572
226
226
230
226
226
226
289
226
226
234
225
237
226
237
225
227
227
227
229
237
226
242
226
226
226
226
290
236
241
226
227
237
226
257
437
294
226
237
239
273
226
230
226
227
226
232
226
227
241
226
227
226
226
225
237
237
236
226
226
226
226
231
559
226
230
226
237
226
229
230
396
226
226
226
237
237
237
233
225
226
226
226
227
227
225
226
230
226
226
229
226
326
226
227
249
226
226
227
225
238
236
225
326
227
226
227
227
226
226
241
228
227
226
226
226
227
236
226
237
227
225
226
246
226
227
226
227
227
233
230
225
238
236
227
240
225
226
227
235
238
230
225
236
226
227
228
225
225
241
226
240
226
226
226
227
230
226
226
227
226
229
230
235
226
221
226
280
235
226
226
229
227
226
232
226
226
229
227
227
227
222
226
237
226
226
238
227
227
226
229
226
230
237
226
227
240
241
226
226
226
226
237
226
236
226
226
227
293
226
237
230
226
226
240
225
226
227
278
229
226
230
562
645
302
226
226
283
226
227
227
226
227
227
226
225
226
225
241
238
226
225
226
238
226
226
226
229
229
227
236
226
240
239
226
226
226
227
226
290
227
234
661
241
225
230
225
241
238
227
226
226
226
239
226
226
226
226
226
243
235
290
226
226
226
226
236
226
227
262
414
226
237
234
227
226
226
227
226
226
229
226
226
259
226
226
241
227
225
226
291
228
226
226
226
226
292
226
237
226
245
226
225
226
226
229
226
243
221
226
226
225
226
226
225
226
226
226
250
226
288
239
225
236
226
226
239
374
241
225
230
283
226
351
235
230
226
226
227
226
226
226
229
249
225
229
226
237
225
229
226
230
251
226
291
226
227
226
226
237
226
226
226
227
226
226
230
226
226
226
227
226
233
227
227
226
236
226
228
225
237
226
235
225
226
245
298
230
226
226
227
237
226
226
238
305
225
229
236
229
226
226
226
226
240
226
230
226
226
227
230
227
276
229
237
227
226
226
226
238
666
237
229
276
237
285
226
226
232
226
226
226
226
229
227
226
326
222
227
287
230
226
226
248
222
226
239
231
226
226
241
226
227
225
228
238
225
226
238
226
236
227
235
291
479
226
226
226
225
226
237
226
226
226
227
226
237
225
230
226
230
459
236
226
227
230
226
230
225
226
225
226
226
226
226
229
261
227
226
225
225
237
222
227
226
291
226
226
225
226
226
227
226
239
225
226
226
226
226
227
226
226
222
229
226
227
226
242
226
226
225
236
226
226
227
226
226
237
237
226
225
232
226
238
225
226
230
225
225
227
226
226
226
226
226
226
226
238
229
237
228
227
296
236
226
226
229
227
237
300
226
226
232
227
230
226
226
236
226
226
227
238
226
226
226
226
227
226
237
336
222
227
237
287
226
226
226
225
227
226
227
225
226
226
226
229
229
225
236
226
226
226
226
228
226
221
234
225
227
226
226
226
227
236
227
226
296
234
228
240
226
226
226
226
226
239
226
225
221
225
225
280
227
225
236
226
226
226
226
228
226
226
233
226
225
234
233
226
226
228
233
237
227
226
233
226
239
227
228
227
226
226
236
226
225
235
226
230
237
226
293
227
282
226
236
226
237
226
236
281
226
226
284
236
226
226
221
427
226
226
235
232
226
226
278
226
226
237
236
228
226
292
226
234
230
226
277
280
226
225
227
225
301
225
236
267
507
227
227
238
227
227
226
235
226
226
226
225
226
226
226
225
228
663
226
226
247
236
226
226
226
226
224
226
230
241
226
227
227
240
230
247
226
226
227
305
229
250
286
225
226
226
226
226
227
235
226
230
227
226
226
226
226
226
226
226
226
227
226
223
247
226
226
225
226
226
236
226
226
226
226
285
230
324
281
225
226
226
226
237
227
230
236
227
226
227
235
226
226
225
226
225
227
226
225
226
230
226
238
230
230
226
237
226
226
226
227
231
221
226
227
226
226
226
226
225
227
230
226
226
226
272
226
226
226
227
230
226
232
226
227
226
225
226
227
241
226
661
226
227
226
225
220
226
227
226
227
230
222
225
236
226
230
226
230
226
235
225
239
225
501
230
293
236
231
226
226
228
234
226
230
532
225
226
225
226
229
226
226
228
226
226
226
226
291
227
240
226
226
226
226
225
222
226
226
225
226
226
226
230
241
225
237
225
235
229
237
226
226
236
226
240
238
226
241
240
230
226
227
226
225
238
247
229
226
227
226
238
226
226
226
291
227
286
226
226
235
230
226
239
237
226
227
226
237
236
338
227
227
236
227
226
226
227
239
228
222
226
226
227
269
226
227
237
225
663
225
237
291
226
239
241
289
226
229
226
241
229
227
226
237
281
228
226
226
231
226
236
225
290
238
227
225
238
226
244
226
226
226
225
226
227
226
226
222
282
227
226
226
226
223
227
226
226
225
227
226
235
225
225
226
226
226
225
225
226
225
227
238
226
226
230
237
226
226
236
232
236
226
226
235
226
226
231
241
226
226
226
237
240
226
226
225
226
226
226
226
225
226
270
226
226
236
236
226
230
223
226
230
239
227
230
222
226
234
225
233
227
226
226
502
226
237
221
226
227
225
225
237
226
230
227
226
237
289
227
236
224
226
226
226
502
225
227
237
226
226
226
226
226
226
225
227
239
226
227
225
226
235
285
283
237
225
238
230
287
236
225
235
227
227
225
225
226
226
230
236
226
227
225
226
226
226
226
237
226
225
237
226
225
236
230
226
225
228
234
226
226
236
292
226
226
226
226
226
230
226
228
226
226
226
226
290
225
226
230
234
238
226
230
296
240
226
238
236
226
230
226
295
226
226
226
331
225
284
226
227
243
226
225
227
226
226
670
237
235
225
227
226
226
237
230
235
226
229
226
226
226
237
226
226
226
309
228
225
230
225
231
226
229
226
226
226
226
234
234
230
231
236
226
238
227
226
227
238
226
290
226
226
226
226
242
226
244
237
225
226
235
226
227
226
229
227
227
231
345
225
226
242
236
226
226
226
226
226
235
327
236
231
226
226
227
247
226
226
229
227
239
226
238
226
235
227
229
295
226
299
226
226
226
226
226
226
237
227
226
237
226
230
226
226
236
230
237
226
225
225
239
225
225
226
237
226
229
226
330
225
226
226
229
229
226
226
226
503
226
225
225
226
230
226
235
226
226
226
226
225
276
226
226
230
226
237
226
226
246
225
230
229
226
226
289
226
228
230
226
226
226
226
237
227
221
226
226
226
237
226
235
226
229
225
227
226
226
226
238
225
226
227
226
226
227
225
226
226
230
286
226
226
226
235
286
227
226
227
225
227
229
226
291
226
226
226
226
226
226
226
226
225
460
227
230
226
227
226
227
226
225
227
226
226
225
229
383
231
660
242
233
226
225
225
227
236
226
236
250
237
227
225
226
226
238
236
226
226
236
222
242
238
227
226
225
227
265
227
224
226
226
227
503
227
240
229
227
226
226
236
225
226
226
231
226
230
227
226
221
227
226
226
227
229
226
237
230
230
226
227
226
221
225
237
226
226
225
230
226
226
628
226
226
229
226
222
228
245
238
311
237
226
227
227
226
231
229
227
225
237
233
226
226
238
226
227
236
226
226
226
226
281
237
226
227
226
231
225
226
225
226
225
226
226
222
226
226
229
226
226
244
238
226
227
305
226
226
226
290
226
226
227
226
226
226
226
501
253
227
226
222
226
230
235
227
660
225
227
222
233
227
227
226
226
226
227
226
226
226
226
229
225
226
234
355
231
276
291
273
238
502
234
226
227
226
226
226
227
226
226
226
226
227
225
225
226
226
226
226
226
226
226
238
238
236
226
240
285
226
230
226
235
237
226
230
226
226
226
226
243
230
226
227
230
226
227
226
231
238
226
263
226
226
226
225
227
226
226
235
231
226
222
226
239
230
228
238
225
303
222
226
226
226
236
238
225
227
226
226
226
226
226
225
226
230
285
226
226
226
238
237
225
309
226
227
227
227
227
287
226
226
226
226
343
224
226
230
226
226
240
229
226
225
234
415
226
226
229
226
292
230
225
226
225
226
227
226
229
236
225
226
230
232
226
226
226
226
236
225
227
226
301
229
238
297
236
227
227
226
226
230
226
230
238
226
226
227
227
226
226
227
226
235
227
226
226
237
226
228
237
226
225
226
227
230
229
231
226
227
222
236
226
225
227
235
226
239
226
228
229
225
238
235
226
226
226
225
226
240
226
226
292
226
225
232
232
226
226
230
225
226
226
226
236
226
228
279
226
227
226
230
226
226
257
230
226
226
227
226
229
226
230
231
225
226
225
226
227
235
243
227
225
226
226
226
226
227
227
226
226
226
292
286
237
226
226
226
226
225
292
226
292
226
280
248
226
227
285
226
226
237
228
229
226
225
226
241
291
226
225
226
228
225
226
227
226
229
227
233
236
228
227
226
230
226
226
226
229
238
226
226
246
290
227
227
226
226
236
249
226
239
442
226
247
226
226
225
226
304
226
226
237
291
238
228
226
225
234
227
227
226
228
239
226
236
226
221
241
227
235
226
226
240
241
294
226
225
226
225
226
225
227
226
226
227
229
227
226
226
226
237
226
225
226
444
237
226
237
230
226
225
226
227
238
225
237
226
666
228
227
226
227
237
225
226
226
226
226
222
234
227
225
226
230
233
221
229
225
226
225
226
226
226
229
226
227
226
226
226
225
227
238
226
226
226
237
226
226
248
225
225
227
226
240
226
225
226
226
226
226
227
226
243
225
226
227
242
226
226
226
226
226
229
294
226
226
228
227
238
229
237
225
230
242
226
230
230
230
238
226
297
504
226
237
242
226
288
232
226
237
226
391
227
233
226
226
335
227
226
230
226
230
227
230
226
226
227
235
225
226
226
227
227
226
227
227
228
225
237
226
226
239
237
227
226
227
227
226
226
226
226
226
226
225
336
226
235
227
230
230
226
326
226
225
226
226
226
226
246
226
226
225
226
239
293
226
237
229
287
226
238
294
226
226
296
291
331
222
227
237
227
230
226
226
225
225
226
297
227
226
237
294
227
227
226
226
229
226
226
226
226
226
229
280
230
311
226
226
225
226
232
285
225
313
226
226
226
240
222
227
237
289
226
293
226
226
225
236
240
227
286
238
226
232
229
226
226
226
228
226
226
225
226
226
226
238
228
225
227
225
226
225
225
227
227
226
238
226
235
237
293
237
226
237
226
245
295
227
238
226
226
226
226
226
227
237
230
225
227
226
226
533
227
230
228
504
240
226
226
258
229
229
226
226
238
605
226
226
229
235
226
286
226
230
226
230
238
237
229
239
226
281
227
226
240
226
274
222
222
227
227
238
226
266
239
231
235
226
226
226
226
230
226
226
227
225
240
227
227
226
503
227
226
226
227
226
226
226
226
289
229
227
228
226
226
236
226
226
225
293
656
279
230
229
242
227
226
226
226
227
288
226
230
230
290
237
233
230
225
225
236
226
244
226
226
227
296
226
227
225
237
226
442
226
226
228
227
226
226
225
230
230
226
229
226
226
226
237
229
234
226
226
226
226
229
232
227
226
226
226
227
227
226
226
227
239
236
226
227
226
237
236
230
230
227
289
227
238
235
227
226
233
229
229
241
230
381
290
236
227
226
226
230
252
275
664
238
227
225
326
227
227
227
238
226
226
226
226
226
222
237
225
226
236
230
288
234
235
227
226
238
658
226
287
226
229
235
226
226
227
226
226
227
230
226
241
291
226
226
241
226
225
237
228
243
226
280
227
226
226
226
226
227
296
226
226
237
225
236
225
229
229
226
226
229
226
225
292
226
226
226
226
229
226
229
226
225
226
226
229
226
226
238
225
226
226
226
226
227
237
230
226
228
225
226
225
226
225
249
242
230
226
285
229
227
226
238
226
226
237
230
227
226
222
237
238
299
226
501
226
226
226
226
227
221
229
226
226
226
271
238
230
334
239
227
229
445
226
226
226
226
226
230
226
236
226
227
229
226
229
236
285
225
226
232
237
238
237
226
226
295
236
225
226
231
227
236
238
235
226
236
239
226
339
241
226
226
226
225
226
226
230
237
226
237
229
226
231
226
242
225
228
227
225
225
227
222
226
236
286
241
226
226
226
237
231
226
238
230
229
226
226
238
227
285
226
225
225
226
238
277
240
230
284
231
292
227
226
226
226
242
227
226
226
225
226
236
226
225
226
227
237
665
235
227
226
226
225
226
226
230
225
226
226
226
237
226
230
291
226
226
226
227
226
226
226
226
226
227
227
226
228
229
226
227
240
226
236
326
232
233
225
223
285
279
234
226
285
227
230
226
231
226
237
226
226
226
226
226
248
221
226
226
258
229
226
227
226
226
250
226
226
226
230
226
226
237
237
230
237
240
306
226
237
227
226
226
226
228
227
230
326
236
226
230
248
226
230
227
235
225
226
228
227
227
225
226
230
227
227
227
224
502
490
226
236
226
227
226
225
237
236
227
226
226
226
225
287
238
240
230
226
226
229
226
397
237
226
227
226
226
226
228
226
225
227
226
236
226
234
290
284
227
226
227
230
239
241
238
226
226
226
226
226
226
226
244
226
226
225
230
225
248
236
244
226
228
234
225
226
226
225
238
226
225
226
238
229
236
287
238
227
226
226
226
226
236
226
226
226
229
226
501
227
232
226
240
222
226
285
286
614
226
226
226
226
240
225
228
272
502
225
238
226
236
240
226
226
225
226
264
236
225
226
226
227
226
227
289
237
287
226
226
229
502
230
226
226
226
227
225
225
227
247
226
226
226
226
226
226
226
236
230
226
226
226
225
229
227
287
228
226
230
237
235
234
226
229
502
226
227
226
241
527
226
222
237
229
230
226
225
226
225
226
291
226
226
343
230
226
238
260
225
226
280
225
226
226
225
227
283
238
226
227
237
226
226
226
226
226
237
226
289
236
227
226
237
227
229
226
226
229
231
226
234
226
226
226
237
227
227
226
278
227
226
230
231
226
237
225
225
226
298
236
226
226
226
239
229
226
226
226
226
226
227
228
286
237
227
226
230
227
231
226
227
226
225
226
226
226
326
226
225
240
227
226
238
240
226
226
227
269
226
227
226
236
226
225
226
235
226
239
226
227
226
226
235
229
222
226
228
239
230
238
350
227
226
298
226
225
226
226
226
226
226
226
226
227
228
226
225
226
238
226
225
226
234
226
226
227
229
240
227
482
226
227
230
226
231
227
226
226
294
226
227
225
287
236
226
221
354
226
226
226
230
226
238
227
227
226
238
228
227
227
229
234
226
221
227
274
283
226
226
225
233
226
227
225
230
226
226
239
230
226
226
226
226
226
226
236
230
221
227
226
226
225
238
226
226
236
226
226
225
226
225
226
227
226
238
226
226
228
226
226
248
237
226
227
225
226
227
226
231
238
226
284
226
226
227
229
227
227
225
226
294
226
226
227
226
236
226
226
236
226
226
226
226
227
287
283
225
232
226
226
229
296
293
295
226
237
227
226
226
226
227
226
223
226
230
229
226
225
226
226
226
226
226
230
226
226
230
227
236
227
284
237
226
227
226
225
226
226
225
337
242
226
228
239
229
226
226
226
225
226
226
285
238
226
238
236
227
294
225
238
236
236
230
227
226
234
279
230
227
226
236
226
241
235
237
226
226
230
229
226
227
225
226
287
226
239
226
285
229
298
228
233
235
229
283
225
226
226
226
226
226
227
228
229
226
226
226
289
242
226
286
226
225
226
289
226
229
226
226
235
226
226
227
238
227
226
237
238
240
248
226
226
226
226
226
225
292
229
236
226
