1546
1543
1617
1558
1581
1990
1569
1778
1898
1548
1546
1552
2096
1603
1547
1586
1547
1567
1549
1555
1550
1555
1546
1548
1542
1576
1615
1551
1572
1547
1599
1581
1853
1555
1594
1546
1605
1607
1556
1542
1579
1579
1551
1554
1545
1588
1555
1549
1550
1563
1553
1549
1550
1544
1542
1638
1550
1545
1542
1548
1552
1550
1593
1586
1547
1544
1625
1545
1553
1562
1604
1545
1551
1542
1582
1551
1549
1552
1591
1603
1595
1602
1554
1555
1547
1545
1587
1545
1545
1550
1541
1542
1549
1546
1559
1615
1546
1549
1601
1646
1578
1545
1551
1556
1551
1543
1593
1608
1555
1552
1595
1591
1580
1554
1545
1600
1549
1545
1545
1549
1544
1558
1616
1580
1605
1584
1560
1593
1553
1546
1565
1547
1557
1551
1582
1586
1541
1547
1884
2182
1576
1584
1549
1547
1616
1548
1572
1541
1545
1546
1543
1585
1548
1544
1545
1571
1549
1542
1549
1608
1586
1550
1542
1597
1580
1550
1590
1552
1550
1586
1573
1548
1545
1566
1549
1551
1589
1546
1546
1598
1542
1545
1559
1549
1549
1542
1550
1547
1549
1545
1546
1549
1544
1547
1588
1547
2087
1581
1544
1551
1551
1551
1616
1556
1548
1581
1549
1556
1549
1547
1605
1546
1547
1542
1558
1550
1584
1590
1547
1552
1548
1553
1547
1550
1545
1610
1549
2329
1593
1555
1585
2737
1586
1577
1720
1546
1544
1593
1584
1546
1626
1549
1547
1577
1546
1551
1593
1547
1559
1549
2129
1545
1551
1550
1556
1580
1545
1595
1557
1548
1552
1546
1549
1546
1585
1552
1557
1546
1552
1545
1551
1544
1548
1543
1546
1585
1552
1548
1746
1547
1541
1557
1554
1542
1544
1549
1549
1548
1556
1590
1589
1568
1548
1544
1552
1595
1557
1570
1572
1550
1590
1586
1607
1558
1551
1550
1577
1555
1556
1552
1557
1547
1587
1546
1546
1548
1591
1583
1546
1551
1549
1579
1586
1547
1545
1546
1553
1550
1542
1548
1542
1572
1575
1576
1548
1553
1623
1577
1548
1550
1548
1552
1546
1552
1547
1597
1576
1545
2262
1550
1547
1552
1545
1546
1581
1549
1548
1545
1545
1552
1551
2014
1546
1558
1548
1543
1546
1546
1546
1549
1549
1595
1542
1558
1553
1594
1553
1548
1546
1576
1561
1546
1547
1601
1583
1545
1545
1583
1543
1551
1546
1554
1546
1600
1545
1542
1546
1552
1551
1628
1592
1549
1555
1551
1551
1544
1548
1595
1551
1546
1546
1546
1579
1625
1552
1601
1552
1542
1639
1603
1584
1588
1555
1542
1548
1966
1542
1544
1644
1601
1550
1550
1548
2146
2422
1546
1595
1549
1551
1592
1637
1550
1543
1541
1578
1543
1546
1546
1544
1559
1553
1557
1550
1546
1541
1555
1587
1546
1551
1545
1552
1552
1555
1585
1604
1551
1590
1546
1550
1546
1548
1550
1548
1545
1544
1553
1550
1606
1552
1598
1544
1547
1583
1552
1592
1591
2612
1881
1556
1553
1552
1546
1548
1540
1545
1549
1550
1557
2240
1549
1545
1559
1546
1584
1546
1624
1593
1549
1544
1586
1546
1585
1544
2017
1549
1542
1554
1552
1541
1592
1547
1549
1551
1552
1547
1552
1542
1545
1589
1615
1545
1594
1548
1604
1550
1587
1592
1586
1543
1549
1552
1556
1547
1546
1545
1600
1551
1550
1542
1545
1551
1554
1559
1592
1631
1585
1584
1588
1638
1546
1546
1546
1546
1631
1551
1548
1546
1561
1557
1540
1544
1557
1547
1546
1554
1556
1545
1578
1548
1551
1553
1598
1559
1553
1550
1545
1594
1550
1574
1549
1546
1618
1581
1599
1584
1548
1591
1550
1583
1557
1584
1556
1589
1548
1544
2105
2379
1588
1586
1647
1546
1542
1948
1551
1615
1545
1547
1617
1582
1550
1585
1549
1613
1544
1550
1550
1588
1543
1553
1609
1551
1548
1582
1586
1545
1551
1587
1635
1546
1545
1550
1579
1545
1545
1583
2304
1582
1545
1603
1553
1586
1598
1553
1544
1547
1545
1546
1547
1551
1545
1581
1591
1577
1545
1552
1546
1547
1547
1546
1553
1606
1545
2962
1572
1549
1591
1552
1552
1544
1546
1552
1545
1588
1549
1584
1561
1545
1550
1547
1557
1548
1545
1554
1552
1554
1552
1547
1545
1590
1546
1548
1551
1548
1634
1547
1554
1550
1555
1546
1553
1576
1596
1606
1584
1545
1593
1606
1594
1546
1550
1545
1550
1649
1590
1543
1590
1545
1545
1595
1590
1574
1578
1546
1551
1546
1548
1583
1552
1555
1545
1546
1545
1592
1589
1555
1631
1541
1552
1549
1541
1551
1555
1541
1551
1549
1589
1542
1542
1550
1552
1549
1547
1586
1549
1552
1588
1548
1546
1544
1551
1551
1566
1545
1548
1548
1544
1547
1550
1546
1544
1545
1552
1552
1555
1562
1558
1545
1542
1572
1589
1542
1549
1546
1541
1545
1546
1551
1544
1547
1559
1547
1548
1549
1558
1550
1544
1545
1548
1542
1551
1587
1624
1548
1586
1541
1550
1554
1544
1550
1549
1550
1544
1546
1554
1547
1550
1552
1548
1589
1549
1544
1553
1568
1547
1588
1553
1587
1552
1633
1542
1585
1551
1543
1557
1611
1595
1614
1620
1546
1596
1594
1549
1612
1588
1575
1587
1541
1545
1559
1582
1596
1551
1543
1582
1549
1545
1548
1548
1546
1544
1801
1558
1545
1548
1581
1547
1549
1586
1551
1575
1584
1550
1579
1546
1548
1585
1547
1578
1578
1572
1562
1548
1553
1568
1550
1587
1542
1545
1547
1550
1553
1549
1545
1557
1547
1545
1613
1627
1543
1547
1553
1549
1571
1586
1583
1542
1555
1548
1727
1586
1545
1551
1555
1576
1550
1581
1551
1553
1548
1554
1551
1549
1544
1546
1645
1554
1557
1541
1546
1551
1596
1547
1552
1551
1606
1551
1580
1551
1581
1542
1580
1585
1547
1550
1543
1580
1553
1547
1547
1580
1551
1553
1549
1616
1550
1546
1541
1542
1545
1545
1595
1586
1584
1580
1908
1544
1550
1584
1711
1546
1545
1546
1547
1546
1546
1554
1581
1545
1546
1547
1549
1551
1594
1548
1552
1575
1551
1548
1554
1543
1579
1546
1590
1548
1545
1554
1613
1546
1595
1557
1555
1555
1553
1546
1549
1545
1543
1551
1546
1601
1585
1544
1544
1546
1701
1546
1545
1549
1577
1546
1551
1551
1549
1556
1588
1543
1588
1548
1550
1589
1547
1562
1587
1555
1546
1549
1586
1543
1600
1548
1542
1551
1550
1545
1545
1545
1550
1552
1547
1598
1609
1588
1559
2226
1547
1541
1551
1546
1542
1589
1579
1601
1587
1545
1551
1546
1550
1547
1548
1585
1546
1550
1545
1551
1546
1571
1552
1553
1565
1617
1542
1547
1551
1587
1542
1551
1547
1545
1541
1586
1549
1544
1544
1550
1550
1551
1546
1551
1545
1542
1577
1552
1552
1546
1545
1551
1606
1645
1550
1583
1550
1590
1566
1548
1574
1551
1552
1545
1560
1548
1597
1550
1556
1549
1581
1613
1588
1554
1552
1619
1547
1577
1549
1545
1570
1586
1549
1546
1600
1553
1547
1547
1551
1614
1553
1613
1568
1637
1551
1589
1588
1589
1581
1549
1571
1546
1550
1780
1549
1545
1617
1554
1555
1551
1592
1552
1552
1554
2866
1592
1644
1545
1546
1603
1547
1551
1579
1569
1546
1610
1543
1545
1601
1544
1571
1551
1581
1572
1545
1551
1547
1576
1551
1594
1547
1552
1953
1550
1548
2613
1589
1549
1588
1586
1580
1590
1546
1545
1548
1577
1588
1548
1551
1548
1555
1545
1549
1546
1578
1604
1545
1542
1551
1548
1553
1574
1550
1634
1551
1589
1547
1543
1588
1593
1542
1545
1589
1597
1584
1552
1549
1552
1544
1542
1549
1552
1543
1550
1543
1554
1547
1588
1645
1553
1583
1553
1553
1566
1544
1545
1608
1595
1547
1580
1575
1542
1542
1550
1568
1543
1547
1581
1550
1549
1578
1592
1547
1545
1585
1585
1584
1542
1546
1545
1549
1548
1550
1544
1553
1579
1547
1597
1574
1551
1544
1593
1544
1549
1548
1591
1602
1556
1577
1548
1544
1551
1586
1582
1547
1558
1554
1545
1543
1551
1546
1554
1542
1550
1581
1587
1545
1606
1545
1576
1549
1545
1547
1546
1546
1553
1545
1547
1635
1541
1544
1546
1553
1588
1553
1550
1553
1553
1618
1568
1639
1549
1600
1610
1547
1545
1547
1547
1553
1589
1545
1549
1547
1551
1548
1555
1552
1585
1543
1546
1591
1617
1585
1551
1613
1549
1546
1626
1552
1549
1549
1553
1550
1576
1546
1551
1542
1555
1550
1543
1549
1549
1551
1603
1546
1546
1572
1551
1548
1548
1550
1587
1548
1588
1545
1547
1551
1546
1543
1551
1552
1549
1546
1542
1546
1548
1626
2223
1553
1554
1625
1545
1573
1545
1595
1573
1575
1568
1590
1545
1554
1603
1549
1551
1579
1546
1548
1551
1551
1569
1550
1549
1550
1552
1547
1551
1602
1545
1546
1546
1602
1551
1543
1550
1545
1549
1546
1589
1582
1545
1592
1591
1544
1545
1552
1593
1575
1550
2275
1586
1556
1585
1555
1550
1629
1547
1646
1547
1542
1604
1550
1547
1545
1630
1542
1563
1547
1551
1550
1552
1546
1567
1555
1578
1547
1546
1549
1591
1564
1550
1553
1546
1624
1584
1594
1542
1600
1551
1550
1605
1555
1552
1542
1551
1548
1549
1557
1547
1549
1576
1644
1547
1550
1545
1547
1551
1556
1545
1547
1548
1584
1543
1575
1545
1546
1546
1550
1547
1543
1548
1547
1551
1586
1589
1546
1652
1543
1552
1556
1541
1543
1552
1546
1546
1549
1553
1549
1547
1546
1586
1546
1548
1670
1550
1546
1589
1596
1553
1636
1631
1551
1555
1585
1547
1563
1546
1550
1549
1552
1545
1551
1543
1584
1555
1554
1542
1584
1551
1603
1546
1642
1554
1542
1575
1550
1546
1547
1550
1551
1547
1575
1596
1564
1683
1547
1594
1548
1591
1545
1544
1547
1547
1574
1584
1584
1550
1585
1555
1547
1593
1613
1547
1544
1589
1543
1546
1549
1546
1545
1548
1590
1551
1547
1550
1581
1552
1550
1554
1550
1544
1547
1593
1543
1589
1631
1564
1587
1585
1596
1546
1581
1586
1551
1550
1544
1549
1545
1611
1551
1551
1571
1547
1547
1544
1546
1582
1607
1572
1552
1591
2199
1593
1585
1547
1550
1594
1551
1546
1543
1554
1550
1545
1546
1549
1552
1572
1550
1583
1549
1586
1593
1554
1546
1593
1763
1545
1547
1546
1557
1542
1545
1613
1573
1548
1595
1545
1550
1580
1549
1582
1549
2374
1727
1605
1546
1548
1588
1551
1550
1547
1592
1584
1555
1599
1589
1573
1577
1547
1548
1551
1547
1546
1546
1550
1604
1571
1550
1588
1543
1547
1553
1552
1543
1551
1555
1541
1556
1608
1548
1583
1545
1542
1640
1585
1588
1557
1547
1551
1553
1582
1549
1608
1542
1550
1590
1550
1601
1610
1547
1551
1554
1555
1630
1549
1544
1556
1549
1550
1547
1546
1551
1548
1550
1588
1933
1553
1543
1549
1541
1581
1584
1589
1542
1549
1551
1623
1551
1543
1549
1543
1588
1584
1547
1549
1546
1551
1582
1541
1547
1565
1544
1549
1551
1543
1581
1586
1607
1575
1548
1559
1550
1547
1543
1627
1583
1550
1550
1549
1547
1585
1547
1546
1551
1546
1546
1547
1542
1542
1588
1608
1592
1582
1550
1560
1547
1560
1548
1550
1544
1632
1556
1553
1551
1545
1589
1550
1547
1951
1580
1549
1554
1586
1547
1581
1545
1544
1549
1594
1615
1547
1550
1541
1655
1555
1580
1551
1552
1552
1542
1585
1551
1609
1622
2334
1550
1548
1553
1549
1545
1542
1547
1547
1553
1551
1543
1545
1550
1546
1550
1598
1552
2195
1545
1550
1582
1593
1584
1628
1550
1552
1549
1548
1546
1548
1584
1551
1554
1543
1611
1551
1540
1549
1549
1585
1546
1574
1545
1553
1605
1645
1549
1543
1553
1593
1553
1545
1550
1554
1542
1621
1558
1604
1590
2054
1548
1550
1568
1542
1585
1555
1590
1548
1550
1549
1556
1546
1542
1647
1546
1601
1554
1597
1542
1573
1548
1550
1590
1551
1554
1545
1576
1546
1545
1593
1635
1543
1546
1583
1554
1550
1582
1548
1552
1590
1588
1551
1572
1545
1567
1564
1549
1542
1548
1625
1554
1554
1612
1546
1557
1577
1589
1550
1563
1588
1544
1554
1545
1551
1586
1580
1583
1549
1545
1541
1616
1599
1546
1542
1551
1556
1553
1549
1626
1555
1544
1553
1587
1545
1548
1546
1581
1552
1551
1552
1541
1543
1551
1595
1551
1542
1548
1562
1549
1581
1589
1633
1546
1546
1586
1561
1552
1551
1546
1621
1586
1547
1547
1546
1550
1594
1579
1554
1541
2224
1548
1547
1542
1601
1547
1612
1550
1546
1584
1540
1550
1550
1561
1549
1547
1545
1545
1542
1584
1546
1570
1546
1569
1551
1545
1606
1599
1545
1548
1589
1551
1543
1588
1601
1553
1543
1551
1548
1552
1547
1552
1552
1551
1554
1550
1548
1541
1545
1545
1551
1595
1554
1552
1582
1549
1546
1552
1547
1555
1642
1550
1583
1545
1580
1627
1587
1551
1550
1581
1545
1550
1636
1542
1587
1581
1546
1583
1582
1549
1582
1599
1592
1546
1545
1553
1559
1550
1609
1550
1545
1550
1569
1545
1592
1545
1541
1610
1541
1550
1549
1545
1548
1552
1552
1557
1611
1547
1552
1551
1544
1610
1582
1557
1545
1565
1548
1597
1586
1550
1552
1540
1544
1550
1584
1542
1555
1559
1620
1585
1548
1551
1585
1616
1587
1553
1561
1551
1548
1553
1548
1552
1542
1543
1545
1549
1578
1581
1549
1589
1586
1570
1584
1593
1598
1551
1545
1543
1542
1557
1550
1555
1590
1546
1621
1551
1592
1554
1572
1546
1587
1552
1656
1542
1637
1552
1590
1589
1548
1552
1549
1548
1547
1552
1546
1623
1571
1541
1550
1580
2224
1586
1586
1586
1542
1560
1550
1546
1544
1547
1550
1547
1584
1550
1552
1546
1587
1550
1545
1553
1547
1552
1542
1547
1549
1550
1546
1556
1569
1543
1590
1585
1551
1552
1591
1547
1585
1544
1557
1551
1595
1552
1546
1552
1542
1553
1546
1950
1546
1554
1607
1552
1577
1582
1593
1554
1545
1585
1554
1543
1577
1546
1545
1579
1545
1589
1548
1546
1546
1547
1586
1554
1616
1551
1548
1582
1554
1544
1550
3843
1587
1556
1583
1573
1880
1543
1550
1550
1589
1559
1591
1598
1551
1615
1543
1631
1547
1545
1550
1594
1550
1546
2939
1648
1561
1547
1549
1580
1546
1544
1545
1633
1544
1551
1590
1581
1545
1549
1548
1542
1546
1549
1540
1547
1551
1552
1552
1580
1591
1550
1545
1545
1546
1544
1545
1551
1546
1568
1546
1548
1550
1548
1542
1553
1549
1604
1551
1597
1587
1589
1550
1547
1546
1584
1584
1552
1550
1584
1546
1628
1552
2242
1543
1547
1546
1546
1582
1545
1583
1545
1592
1647
1554
1558
1546
1549
1545
1592
1553
1590
1549
1625
1548
1554
1581
1589
1594
1553
1559
1551
1593
1549
1589
1549
1551
1553
2131
1593
1596
1720
1548
1548
1558
1543
1545
1599
1581
1544
1544
1549
1552
1588
1548
1544
1545
1546
1544
1546
1599
1582
1546
1588
1560
1587
1548
1543
1608
1547
1549
1546
1547
1551
1545
1555
1570
1546
1572
1571
1546
1585
1548
1549
1546
1551
1602
1545
1548
1619
1548
1545
2121
1633
1553
1543
1555
1547
1546
1584
1630
1548
1553
1606
1574
1587
1542
1550
1545
1549
1546
1557
1548
1543
1579
1546
1548
1617
1542
1550
1551
2621
1596
1555
1626
1552
1547
1555
1593
1586
1547
1555
1550
1577
1547
1634
1554
1546
1586
1588
1543
1549
1552
1545
1549
2309
1553
1543
1552
1546
1546
1551
1547
1554
1603
1546
1549
1546
1551
1553
1643
1910
1551
1588
1547
1546
1545
1546
1543
1543
1717
1550
1549
1554
1544
1549
1545
1547
1585
1599
1554
1548
1601
1549
1612
1590
1553
1546
1592
1560
1568
1547
1547
1548
1587
1553
1547
1547
1557
1591
1557
1546
1549
1591
1588
1546
1548
1614
1551
1625
1549
1545
1544
1550
1542
1553
1593
1601
1587
1552
1637
1588
1542
1550
1546
1552
1547
1545
1553
1583
1541
1555
1551
1578
1557
1545
1548
1545
2230
1552
1579
1572
1606
1757
1587
1568
1552
1548
1587
1613
1567
1588
1548
1544
1636
1551
1612
1551
1549
1551
1547
1551
1552
1558
1542
1584
1555
1546
1602
1590
1578
1551
1590
1544
1545
1574
1542
1551
1546
1546
1546
1548
1542
1555
1546
1551
1587
1557
1619
1554
1542
1553
1572
1545
1549
1546
1556
1546
1544
1546
1581
1556
1550
1545
1545
1545
1546
1551
1983
1571
1565
1552
1546
1552
1546
1549
1550
1542
1543
1627
1609
1589
1547
2078
1551
1545
1542
1592
1589
1589
1549
1548
1551
1541
1598
1549
1620
1549
1546
1549
1588
1567
1547
1588
1556
1564
1637
1573
1557
1590
1545
1543
1549
1550
1549
1553
1546
1551
1547
1555
1551
1543
1541
1588
1549
1545
1544
1548
1574
1555
1556
1557
1549
1583
1546
1551
1587
1582
1556
1580
1573
1541
1551
1580
1540
1554
1586
1589
1615
1552
1544
1613
1602
1550
1548
1542
1546
1555
1548
1550
1598
1588
1598
1566
1549
1581
1541
1546
1542
1553
1596
1545
1589
1550
1651
1579
1550
1544
1548
1554
1546
1602
1550
1588
1548
1550
1548
1709
1542
1626
1548
1550
1543
1604
1557
1547
1549
1549
1550
1545
1550
1550
1543
1551
1555
1552
1582
1584
1541
1609
1614
1541
1587
1543
1606
1562
1541
1586
1543
1546
1546
1558
1599
1586
1588
1545
1548
1543
1578
1550
1584
1541
1603
1554
1613
1551
1547
1551
2350
1554
2348
1549
1546
1545
1602
1601
1585
1545
1582
1549
1551
1547
1551
1585
1548
1607
1568
1545
1589
1549
1549
1547
1547
1593
1567
1541
1546
1549
1593
1542
1544
1553
1552
1545
1591
1547
1553
1548
1550
1552
1592
1546
1550
1542
1586
1546
1551
1542
1548
1544
1598
1564
1544
1551
1622
1555
1549
1546
1543
1555
1581
1543
1546
1546
1597
1545
1552
1588
1552
1551
1615
1586
1545
1585
1552
1545
1589
1549
1717
1544
1546
1549
1550
1605
1556
1543
1547
1544
1548
1550
1546
1601
1589
1595
1550
1550
1581
1588
1588
1551
1588
1578
1546
1557
1587
1549
1610
1546
1550
1546
1546
1549
1564
1552
1546
1589
1622
1543
1550
1551
1953
1552
1551
1546
1546
1565
1548
1591
1544
1549
1548
1545
1551
1547
1552
1591
1587
1548
1551
1553
1546
1540
1593
2693
1551
1610
1542
1586
1582
1549
1593
1549
1547
1553
1544
1607
1550
1543
1546
1549
1592
1580
1546
1553
1585
1544
1548
1553
1548
1544
1548
1550
1951
1557
1555
1584
1588
1545
1602
1545
1554
1578
1550
1541
1587
1552
1550
1547
1548
1591
1563
1549
1636
1554
1553
1545
1552
1579
1586
1595
2234
1591
1548
1551
1551
1577
1595
1590
1586
1586
1545
2430
1552
1546
1547
1565
1545
1550
1582
1588
1546
1554
1550
1548
1585
1550
1587
1548
1581
1587
1593
1547
1551
1551
1545
1545
1544
1570
1547
1558
1542
1549
1546
1593
1606
1592
1546
1546
1578
1548
1549
1549
1553
1588
1589
1565
1635
1550
1553
1578
1580
1552
1547
1552
1547
1551
1549
1619
1551
1548
1657
1585
1629
1552
1543
1578
1605
1547
1554
1595
1592
1551
1599
1552
1550
1584
1552
1546
1555
1546
1581
1547
1584
1588
1546
1616
1593
1547
1589
1594
1551
1595
1552
1551
1544
1572
1555
1561
1547
1548
1577
1584
1592
1549
1583
1582
1548
1587
1585
1546
1586
1547
1542
1555
1551
1554
1598
1550
1561
1548
1618
1552
1545
1548
1589
1558
1547
1550
1550
1551
1550
1544
1594
1545
1594
1598
1559
1549
1621
1549
1546
1620
1560
1546
1562
1599
1546
1556
1551
1546
1544
1544
1545
1547
1551
1586
1547
1543
1550
1552
1550
1549
1548
1547
1575
2262
1597
1553
1541
1588
1589
1547
1547
1547
1543
1561
1551
1578
1552
1592
1550
1550
1603
1546
1549
1606
2045
1554
1583
1547
1582
1548
1555
1546
1552
1545
1542
1544
1549
1632
1545
1546
1551
1557
1558
2210
1550
1558
1546
1575
1612
1549
1549
1546
1542
1579
1549
1566
1598
1580
1581
1547
1547
1551
1586
1595
1550
1608
1571
1553
1549
1554
1551
1547
1547
1577
1594
1546
1583
1555
1546
1555
1580
1583
1546
1613
1540
1550
1591
1545
1583
1554
1546
1548
1547
1642
1547
1549
1555
1552
1547
1550
1635
1544
1582
1548
1542
1618
1597
1552
1549
1553
1551
1554
1546
1545
1582
1547
1542
1547
1546
1547
1548
1588
1548
1546
1550
1553
1599
1584
1547
1551
1553
1544
1588
1547
1541
1544
1543
1547
1551
1546
1588
1615
1548
1546
1587
1619
1546
1546
1554
1550
1565
1554
1551
1543
1634
1550
1581
1557
1571
1542
1583
1589
1583
1545
1551
1628
1617
1578
1570
1553
1566
1541
1585
1587
1552
1545
1585
1583
1575
1557
1590
1547
1551
1546
1546
1589
1551
1551
1593
1588
1588
1593
1552
1545
1633
1635
1550
1544
1545
1545
1550
1547
1546
1552
1619
1551
1608
1544
1579
1545
1555
1548
1548
1552
1583
1613
1590
1586
1551
1551
1545
1547
1545
1577
1549
1549
1626
1550
1551
1550
1587
1546
1585
1562
1545
1550
1580
1606
1570
1545
1546
1575
1584
1544
1590
1547
1551
1589
1546
1547
1552
1542
1545
1598
1553
1545
1642
1550
1548
1545
1584
1553
1546
1606
1548
1553
1555
1588
1557
1592
1627
1544
1549
1547
1546
1548
1590
1544
1583
1551
1548
1547
1579
1542
1614
1546
1629
1550
1586
1551
1580
1607
1544
1587
1545
1549
1552
1576
1550
1546
1596
1542
1549
1555
1545
1551
1551
1603
1541
1546
1543
1589
1555
1545
1590
1546
1546
1554
1552
1549
1549
1549
1554
1544
1551
1582
1555
1563
1556
1595
1550
1550
1550
1550
1586
1546
1608
1552
2286
1551
1573
1594
1551
1551
1550
1550
1547
1577
1664
1547
1591
1551
1618
1550
1586
1553
1592
1546
1549
1545
1549
1583
1594
1545
1548
1551
1580
1547
1554
1546
1549
1550
1584
1614
1542
1547
1582
1640
1545
1547
1545
1546
1546
1546
2656
1547
1547
1584
1543
1577
1579
1583
1949
1552
1550
1573
1546
1545
1549
1546
1552
1637
1548
1546
1554
1553
1541
1615
1555
1546
1545
1548
1554
1560
1544
1550
1554
1549
1552
1608
1550
1548
1582
1544
2255
1549
1607
1593
1549
1550
1546
1587
1587
1549
1551
1547
1541
1577
1614
1588
1542
1550
1611
1552
1552
1549
1542
1545
1546
1552
1550
1582
1551
1547
1547
1607
1551
1627
1550
1552
1552
1545
1555
1547
1544
1549
1589
1546
1546
1548
1543
1546
1545
1544
1547
1585
1548
1584
1546
1547
1580
1557
1551
1614
1541
1590
1551
1615
1590
1545
1555
1548
1582
1558
1563
1546
1542
1575
1587
1590
1544
1550
1582
1581
1548
1593
1550
1585
1589
1541
1549
1573
1551
1546
1609
1567
1587
1549
1615
1550
1620
1542
1551
1598
1548
1591
1557
1545
1546
1547
1551
2097
1591
1581
1547
1555
1587
1581
1585
1550
1581
1548
1550
1550
1610
1545
1589
1548
1547
1556
1545
1585
1586
1580
1618
1588
1602
1546
1550
1583
1543
1548
1554
1548
1550
1633
1557
1553
1583
1545
1546
1551
1547
1571
1548
1549
1584
1551
1548
1553
1546
1551
1544
1546
1556
1549
1547
1585
1545
1546
1546
1589
1546
1581
1552
1544
1545
1554
1569
1546
1549
1582
1613
1613
1548
1552
1545
1552
1549
1734
1545
1590
1549
1543
1543
1545
1556
1545
1546
1556
1546
1566
1556
1542
1550
1552
1551
1548
1559
1590
1552
1546
1554
1593
1546
1546
1546
1553
1588
1543
1580
1552
1587
1621
1550
1588
1545
1547
1644
1582
1592
1555
1581
1548
1604
1550
1628
1552
1550
1547
1550
1541
1545
1579
1544
1547
1570
1545
1581
1543
1586
1615
1541
1609
1550
1550
1547
1556
1547
1542
1583
1579
1591
1547
1558
1578
1554
1542
1584
1546
1546
1583
1546
1578
1544
1587
1548
1544
1584
1552
1547
1545
1541
1546
1545
1583
1580
1555
1584
1551
1571
1551
1550
1599
1543
1542
1613
1551
1550
1544
1593
1617
1548
1550
1549
1552
1569
1552
1631
1547
1647
1583
1546
1613
1589
1593
1570
1553
1548
1622
1591
1592
1550
1618
2233
1550
1546
1542
1546
1548
1548
1585
1558
1550
1605
1588
1568
1549
1548
1545
1549
1584
1589
1545
1553
1589
1584
1583
1548
1619
1620
1646
1583
1540
1552
1550
1549
1552
1556
1580
1543
1542
1546
1584
1644
1591
1553
1542
1548
1601
1580
1551
1550
1556
1550
1555
1545
1549
1547
1608
1550
1582
1549
1551
1548
1542
1545
1598
1554
1548
1589
1551
1549
1557
1543
1546
1545
1571
1581
1616
2260
1552
1573
1550
1549
1599
1544
1546
1550
1541
1551
1550
1594
1557
1585
1547
1546
1542
1545
1545
1545
1545
1588
1549
1551
1551
1550
1555
1549
1559
1612
1623
1633
1551
1549
1550
1547
1548
1549
1542
1548
1555
1547
1544
1638
1590
1551
1592
1585
1625
1545
1549
1550
1605
1604
1545
1554
1670
1546
1633
1598
1550
1607
1551
1551
1540
1591
1610
1584
1549
1562
1550
1550
1604
1552
1548
1546
1550
1551
1597
1548
1550
1602
1545
1542
1546
1558
1579
1585
1551
1546
1602
1598
1557
1553
1554
1545
1551
1555
1552
1608
1552
1548
1545
1551
1548
1546
1549
1548
1548
1547
1587
1550
1603
1550
1548
1547
1549
1545
1548
1545
1547
1550
1586
1551
1546
1641
1566
1550
1604
1548
1592
1543
1542
1585
1550
1546
1546
3072
1593
1556
1546
1549
1541
1542
1545
1585
1562
1545
1547
1543
1546
1549
1591
1598
1546
1582
1550
1545
1549
1545
1546
1545
1951
1550
2522
1550
1552
1589
1543
1540
1542
1541
1570
1595
1551
1556
1563
1551
1547
1556
1542
1555
1545
1603
1551
1588
1592
1552
1551
1549
1568
1587
1548
1723
1545
1551
1584
1544
1595
1591
1609
1545
1549
1575
1549
1546
1546
1605
1576
1591
1549
1544
1545
1545
1555
1576
1551
1548
1551
1546
1555
1543
1588
1551
1555
1586
1543
1550
1605
1546
1547
1610
1549
1586
1544
1588
1568
1589
1563
1567
1555
1585
1550
1587
1559
1604
1545
1548
1587
1587
1549
1544
1546
1550
1589
1628
1554
1583
1595
1587
1588
1546
1596
1549
1546
1560
1554
1544
1553
1547
1546
1551
1550
1797
1542
1592
1541
1547
1549
1548
1591
1551
1543
1551
1545
1553
1549
1551
1565
1589
1603
1547
1547
1584
1551
1551
1570
1547
1548
1552
1578
1549
1572
1584
1546
1549
1553
1591
1554
1550
1594
1548
1541
1548
1551
1547
1590
1596
1552
1545
1552
1545
1547
1542
1545
1547
1576
1545
1549
1554
1553
1543
1553
1552
1589
1542
1551
1551
1588
1553
1587
1546
1549
1572
1593
1549
1571
1553
1588
1586
1546
1581
1552
1553
1552
1618
1547
1544
1545
1545
1545
1549
1547
1553
1582
1587
1555
1551
1551
1551
1551
1549
1561
1553
1588
1548
1548
1546
1555
1553
1549
1547
1545
1616
1581
1546
1545
1549
1544
1568
1571
1615
1549
1551
1543
1546
1549
1549
1592
1549
1652
1545
1592
1588
1550
1554
1552
1545
1578
1547
1549
1552
1547
1554
1550
1582
1544
1551
1549
1544
1551
1578
1546
1541
1589
1545
1542
1650
1598
1550
1551
1550
1551
1550
1551
1557
1547
1576
1584
1556
1553
1546
1548
1591
1554
1586
1591
1597
1552
1546
1555
1548
1545
1549
1546
1555
1570
1547
2264
1671
1581
1546
1544
1632
1552
1548
1552
1546
1560
1546
1592
1548
1544
1547
1595
1555
1553
1549
1614
1553
1640
1549
1547
1552
1572
1545
1604
2240
1548
1548
1552
1597
1552
1551
1547
1638
1608
1553
1604
1547
1551
1540
1551
1606
1552
1555
1629
1553
1576
1546
1546
1545
1589
2317
1547
1588
1545
1555
1551
1545
1568
1567
1550
1551
1597
1545
1582
1581
1585
1545
1555
1543
1592
1552
1550
1552
1550
1581
1587
1549
1546
1591
1585
1549
1550
1543
1547
1561
1551
1553
1659
1551
1541
1551
1552
1542
1554
1546
1596
1542
1549
1551
1546
1578
1551
1550
1547
1546
1614
1553
1543
1545
1637
1541
1629
1544
1546
1547
1551
1577
1580
1549
1557
1588
1549
1542
1549
1637
1637
1547
1550
1549
1551
1593
1547
1552
1555
1573
1632
1543
1547
1580
1549
1552
1546
1546
1549
1546
1545
1585
1597
1583
1550
1545
1612
1542
1549
1553
1546
1543
1546
1797
1544
1599
1545
1547
1546
1553
1546
1575
1548
1553
1545
1546
1592
1553
1555
1546
1549
1558
1551
1547
1547
1579
1545
1545
1583
1543
1547
1545
1548
1552
1552
1549
1544
1546
1551
1550
1633
1541
1571
1545
1550
1633
1572
1545
1546
1583
1554
1546
1596
2098
1550
1550
1556
1579
1546
1547
1590
1549
1550
1553
1550
1550
1546
1591
1548
1546
1551
1581
1589
1586
1586
1566
1556
1590
1548
1554
1550
1554
1589
1545
1546
1542
1583
1557
1546
1553
1545
1546
1548
1547
1547
1550
1546
1551
1547
1542
1586
1550
1547
1584
1625
1547
1585
1555
1575
1588
1570
1555
1550
1582
1582
1587
1552
1553
1550
1545
1699
1548
1586
1546
1557
1553
1552
1550
1557
1585
1549
2190
1551
1554
1590
1584
1548
1542
1549
1546
1598
1567
1552
1545
1544
1546
1551
1543
1547
1611
1546
1550
1545
1598
1546
1556
1549
1546
1542
1543
1548
1586
1552
1578
1545
1545
1543
1560
1547
1579
1592
1597
1543
1544
1582
1590
1545
1547
1551
1544
1550
1554
1548
1592
1542
1589
1582
1547
1579
1545
1551
1551
1552
1547
1548
1582
1555
1571
1590
1579
1588
1551
2045
1588
1547
1544
1543
1543
1551
1550
1544
1543
1585
1575
1557
1549
1589
1554
1554
1547
1546
1544
1545
1542
1549
1546
1564
1578
1547
1546
1545
1545
1543
1582
1582
1595
1546
1548
1552
1545
1551
1549
1546
1549
1555
1551
1551
1575
1554
1551
1547
1545
1589
1546
1550
1586
1657
1545
1550
1553
1649
1545
1594
1586
1587
1546
1571
1541
1578
1554
1549
1545
1589
1556
1545
1544
1546
1593
1579
1552
1555
1549
1547
1585
1546
1552
1554
1579
1549
1573
1578
1641
1599
1582
1572
1553
1629
1560
1550
1551
1564
1607
1550
1545
1545
1602
1550
1545
1544
2110
1547
1599
1551
1615
1542
1544
2084
1545
1585
1545
1548
1553
1594
1546
1545
1579
1593
1623
1546
1569
1548
1589
1546
1542
1546
1554
1551
1592
1545
1552
1550
1551
1540
1552
1550
1546
1564
1549
1586
1547
1550
1544
1557
1625
1545
1547
1573
1591
1550
1548
1929
1550
1580
1556
1542
1548
1541
1576
1582
1546
1585
1541
1562
1544
1639
2165
1550
1595
1610
1551
1553
1549
1550
1550
1550
1550
1555
1547
1545
1548
1567
1551
1544
1565
1546
1550
2685
1547
1599
1545
1546
1586
1556
1551
1606
1552
1596
1546
1586
1546
1550
1607
1589
1541
1549
1543
1552
1557
1555
1592
1551
1547
1621
1613
1590
1548
1548
1604
1546
1541
1541
1588
1545
1553
1544
1593
1548
1554
1587
1546
1568
1549
1547
1550
1587
1550
1579
1546
1550
1592
1544
1613
1578
1550
1552
1586
1572
1599
1553
1585
1581
1549
1549
1546
1551
1558
1552
1545
2102
1550
1582
1582
1549
1548
1577
1551
1548
1579
1542
1585
1546
1548
1594
1552
1546
1546
1544
1554
1544
1543
1580
1547
1544
1547
1593
1548
1546
1543
1583
1548
1587
1545
1607
1590
1545
1555
1590
1547
1549
1547
1555
1581
1542
1548
1551
1555
1549
1586
1546
1546
1550
1544
1542
1551
1551
1549
1546
1549
1586
1584
1547
1626
1607
1589
1561
1553
1634
1588
1555
1557
1639
1546
1591
1642
1588
1545
1609
1571
1551
1550
1592
1584
1550
1551
1553
1553
1549
1584
1552
1542
1550
1554
1584
1545
1570
1552
1549
1552
1588
1581
1546
1554
1555
1546
1545
1547
1541
1545
1575
1541
1547
1547
1550
1570
1593
1548
1643
1544
1629
1613
1585
1554
1546
1575
1558
1547
1551
1583
1546
1547
1551
1549
1555
1553
1544
1586
1595
1553
1545
1549
1547
1545
1551
2236
1546
1550
1549
1541
1542
1554
1590
1543
1545
1667
1551
1560
1543
1586
1549
1556
1547
1548
1546
1549
1546
1544
1549
1547
1555
1556
1567
1546
1595
1550
1551
1548
1554
1550
1548
1546
1590
1549
1582
1581
1550
1549
1547
1550
1545
1556
1548
1553
1561
1549
1542
1553
1541
1558
1586
1552
1598
1579
1577
2052
1547
1556
1545
2140
1551
1589
1547
1554
1553
1545
1558
1543
1552
1544
1554
1561
1554
1640
1544
1553
1546
1576
1542
1553
1545
1545
1550
1558
1557
1551
1543
1580
1545
1546
1545
1547
1546
1550
1584
1550
1626
1543
1612
1551
1548
1546
1580
1546
1555
1552
1546
1595
1587
1551
1595
1631
1584
1582
1586
1589
1546
1551
1593
1549
1543
1575
1541
1546
1583
1583
1551
1545
1543
1552
1549
1553
1583
1548
1546
2124
1552
1550
1546
2401
1541
1543
1631
1552
1545
1557
1584
1607
1545
1550
1545
1548
1542
1546
1551
1618
1550
1550
1580
1553
1546
1552
1551
1547
1547
1554
1546
1550
1545
1544
1546
1544
1582
1585
1543
1547
1549
1553
1549
1602
1546
1547
1547
1551
1542
1545
1646
1583
1587
1554
1550
1549
2007
1546
1542
1552
1585
1550
1544
1596
1550
1553
1627
1543
1551
1547
1598
1555
1811
1550
1551
1550
1549
1556
1551
1544
1586
1577
1548
1633
1546
1547
1541
1546
1594
1597
1546
1550
1545
1628
1549
1550
2822
1547
1737
1551
1555
1579
1540
1631
1615
1545
1550
1547
1551
1546
1541
1581
1582
1548
1552
1558
1577
1563
1547
1604
1585
1543
1545
1574
1549
1551
1550
1550
1545
1544
1584
1626
1546
1645
1545
1546
1543
1627
1599
1611
1647
1547
1550
1545
1543
1549
1565
1551
1631
1566
1547
1550
1553
1545
1548
1596
1548
1600
1590
1551
1589
1593
1545
1608
1598
1543
1546
1546
1555
1588
1549
1557
1545
1553
1565
1559
1552
1548
1541
1591
1552
1546
1616
1596
1579
1546
1582
1546
1551
1553
1549
1546
1546
1551
1587
1549
1550
1540
1543
1552
1582
1553
1551
1548
1548
1566
1599
1552
1553
1554
1555
1550
1576
1541
1596
1550
1546
1553
1550
1546
1545
1577
1588
1546
1550
1547
1592
1551
1543
1549
1572
1544
1546
1550
1547
1580
3666
1605
1547
1552
1546
1545
1549
1548
1542
1572
1548
1551
1543
1623
1545
1545
1545
1546
1635
1556
1545
1544
1622
1550
1576
1547
1626
1621
1588
1550
1590
1550
1589
1552
1553
1547
1550
1546
1546
1542
1548
1607
1543
1632
1609
1546
1551
1599
1658
1544
1543
1554
1549
1636
1549
1618
1546
1549
1551
1541
1552
1583
1548
1589
1550
1549
1587
1547
1606
1554
1545
1550
1556
1542
1546
1570
1543
1547
1575
1549
1582
1550
1591
1548
1548
1632
1554
1550
1545
1629
1546
1542
1590
1647
1593
1552
1544
1638
1541
1546
1551
1547
1553
1545
1582
1586
1587
1553
1551
1614
1596
1562
1546
1551
1585
1547
1559
1541
1545
1546
1579
1549
1553
1570
1615
1586
1586
1584
1546
1605
1555
1549
1545
1591
1547
1550
1554
1547
1546
1547
1552
1552
1541
1546
1547
1582
1546
1552
1555
1545
1605
1558
1542
1545
1542
1549
1549
1634
1549
1553
1546
1554
1553
1579
1550
1592
1584
1616
1549
1592
1555
1550
1548
1573
1549
1574
1551
1546
1584
1550
1590
1546
1548
1586
1595
1622
1587
1542
1550
1545
1549
1551
1550
1587
1558
1550
1553
1555
1600
1556
1553
1547
1543
1548
1550
1584
1570
1546
1581
1548
1546
1547
1578
1545
1594
1582
1581
1551
1545
1578
1551
1591
1585
1554
1551
1547
1589
1589
1641
1581
1616
1554
1545
1545
1555
1552
1623
1571
1586
1587
1572
1546
1546
1549
1547
1555
1543
1549
1577
1584
1547
1550
1550
1556
1556
1549
1552
1552
1600
1586
1587
1546
1550
1695
1582
1578
1587
1542
1548
1546
1560
1551
1554
1548
1546
1544
1549
1552
1553
1557
1548
1585
1546
1549
1591
1545
1545
1546
1589
1588
1550
1545
1593
2364
1571
1550
1585
1553
1629
1604
1592
1549
1550
1549
1548
1633
1584
1573
1545
1563
1578
1615
1546
1550
1548
1854
1545
1554
1550
1543
1546
1551
1540
1554
1549
1542
1548
1550
1569
1562
1548
1552
1543
1545
1593
1582
1549
1546
1550
1546
1547
1549
1546
1577
1589
1546
1552
1551
1557
1577
1556
1546
1550
1546
1573
1598
1548
1586
1548
1543
1621
1549
1589
1625
1545
1557
1545
1583
1547
1633
1551
1547
1586
1551
1548
1547
1550
1554
1552
1549
1549
1595
1586
1545
1551
1609
1579
1579
1555
1553
1584
1552
1584
1546
1551
1544
1556
1551
1550
1548
1541
1576
1548
1587
1594
1550
1622
1587
1545
1546
1552
1626
1546
2405
1542
1584
1547
1545
1588
1554
1590
1604
1629
1546
1546
1543
1625
1547
1585
1592
1550
1551
1570
1551
1549
1552
1551
1542
1585
1548
1584
1541
1557
1554
1573
1545
1543
1542
1585
1545
1572
1551
1542
1582
1541
1552
1548
1549
1541
1546
1549
1542
1545
1548
1586
1631
1549
1543
1549
1551
1556
1586
1579
1547
1543
1919
1552
1583
1582
1586
1548
1552
1542
1582
1597
1553
1556
1545
1549
1571
1606
1546
1554
1558
1551
1548
1541
1547
1551
1548
1553
1552
1545
1547
1589
1555
1548
1621
1551
1548
1591
1544
1545
1547
1543
1543
1545
1545
1546
1554
1543
1546
1554
1545
1544
1543
1545
1550
1550
1554
1585
1550
2154
1545
1544
1543
1549
1551
1545
1614
1549
1553
1546
1588
1550
1551
1546
1588
1547
1546
1592
1552
1548
1545
1556
1552
1597
1552
1547
1542
1549
1551
1547
1547
1546
1550
1581
1549
1550
1548
1542
1549
1549
1551
1553
1555
1582
1580
1551
1555
1550
1545
1583
1593
1545
1584
1619
1576
1548
1552
1549
1598
1546
1555
1589
1548
1555
1542
1578
1550
1557
1545
1572
1549
1542
1547
1548
1592
1581
1547
1547
1547
1545
1553
1586
1551
1543
1591
1550
1551
1551
1632
1561
1544
1550
1553
1546
1548
1548
1551
1856
1545
1554
1551
1553
1623
1587
1550
1546
1586
1544
1551
1545
1558
1592
1585
1545
1546
1594
1550
1586
1569
1581
1546
1551
1554
1547
1650
1546
1580
1587
1546
1547
1561
1546
1552
1635
1544
1553
1587
1587
1586
1547
1568
1541
1587
1546
1546
1594
1542
1547
1608
1598
1546
1590
1546
1546
1546
1586
1544
1574
1592
1546
1587
1546
1548
1549
1548
1542
1576
1545
1586
1548
1549
1545
1582
1547
1548
1585
1546
1545
1546
1550
1547
1549
1543
1549
1546
1549
1549
1584
1549
1554
1557
1576
1545
1545
1547
1541
1541
1546
1545
1551
1546
1544
1578
1551
1589
1584
1545
2250
1548
1547
1549
1554
1548
1550
1631
1546
1548
1545
1543
2185
1588
1544
1586
1578
1602
1548
1549
1555
1542
1547
1574
1548
1546
1549
1548
1553
1585
1574
1551
1545
1546
1546
1543
1586
1549
1548
1603
1592
1545
1576
1552
1552
1593
1546
1549
1543
1646
1585
1544
1542
1555
1626
1614
1542
1550
1553
1541
1546
1552
1591
1546
1592
1602
1545
3252
1560
1545
1551
1542
1634
1584
1547
1595
1550
1548
1551
1547
1544
1551
1545
1549
1551
1549
1545
1591
1553
1590
1541
1545
1547
1550
1544
1551
1586
1542
1547
1552
1584
1570
1555
1966
1551
1550
1585
1607
1546
1555
1630
1614
1546
1550
1545
1589
1568
1546
1570
1547
1551
1546
1579
1545
1552
1550
1614
1557
1552
1550
1551
1547
1556
1543
1545
1585
1547
1544
1571
1564
1593
1547
1553
1548
1546
1552
1554
1546
1588
1588
1545
1545
1551
1549
1598
1562
1614
1545
1543
1552
1546
1549
1552
1543
1550
1546
1546
1546
1547
1545
1550
1545
1584
1552
1578
1581
1551
1557
1550
1552
1559
1547
1595
1546
1582
1587
1543
1543
1546
1549
1550
1592
1546
1585
1599
1553
1585
1544
1547
1549
1546
1550
1549
1631
1549
1576
1545
1546
1573
1619
2115
1582
1547
1585
1553
1603
1546
1547
1586
1542
1550
1555
1542
1576
1586
1586
1556
1545
1558
1548
1623
1543
1546
1548
1550
1548
1600
1548
1548
1549
1785
1570
1580
2204
1581
1546
1544
1593
1550
1547
1554
1718
1555
1589
1549
1545
1546
1547
1548
1554
1544
1549
1546
1587
1608
1547
1645
1583
1569
1549
1552
1555
1578
1577
1555
1548
1545
1555
1555
1554
1607
1545
1558
1546
1549
1618
1546
1586
1549
2247
1550
1549
1552
1547
1610
1547
1550
1581
1546
1585
1586
1586
1589
1547
1545
1601
1548
1552
1546
1626
1545
1556
1590
1549
1551
1555
1557
1550
1548
1543
1548
1546
1549
1551
1594
1556
1543
1549
1552
1595
1568
1582
1550
1549
1548
1553
1547
1544
1567
1550
1549
1554
1552
1548
1550
1544
1549
1592
1585
1548
1603
1549
1551
1556
1632
1600
1558
1589
1549
1596
1584
1586
1548
1547
1630
1542
1548
1552
1541
1607
1562
1580
1544
1592
2167
1552
1571
1548
1609
1556
1546
1549
1543
1647
1547
1543
1546
1547
1546
1546
1586
1550
1590
1585
1550
1544
1549
1546
1544
1550
1599
1584
1545
1545
1551
1554
1553
1552
1550
1629
1542
1544
1546
1549
1542
1587
1613
1590
1632
1552
1590
1551
1584
1590
1550
1546
1547
1583
1548
1555
1551
1588
1550
1546
1543
2400
1575
1546
1583
1586
1548
1583
1585
1541
1557
1546
1551
1552
1549
1546
1545
1548
1612
1554
1552
1543
1560
1552
1555
1545
1644
1551
1585
1552
1549
1544
1543
1552
1546
1550
1547
1543
1545
1545
1552
1547
1551
1545
1632
1599
1614
1541
1601
1547
1615
1553
1545
1585
1605
1614
1549
1547
1554
1545
1612
1593
1567
1603
1549
1595
1582
1549
1546
1541
1600
1582
1542
1549
1549
1592
1550
1634
1546
1557
1592
1588
1546
1542
1612
1578
1550
1549
1574
1546
1545
1544
1546
1550
1548
1578
1580
1548
1578
1616
1551
1546
1547
1576
1546
1596
1586
1590
1557
1575
1547
1549
1555
1544
1546
1557
1549
1545
1550
1551
1580
1554
1550
1547
1551
2324
1555
1557
1546
1553
1601
1630
1589
1586
1547
1559
1590
1546
1586
1583
1548
1581
1605
1546
1550
1542
1547
1551
1553
1550
1545
1583
1580
1583
1588
1589
1587
1571
1586
1553
1543
1590
1545
1573
1608
1554
1546
1553
3957
1549
1548
1548
1544
1546
1603
1548
1593
1551
1547
1545
1553
1547
1552
1547
1578
1584
1546
1551
1546
1579
1551
1545
1542
1550
1547
1565
1547
1546
1548
1609
1549
1556
1545
1543
1546
1608
1592
1550
1547
1554
1560
1552
1541
1575
1597
1560
1546
1580
1554
1544
1598
1590
1576
1568
1545
1646
1593
1546
1548
1556
1584
1565
1556
1580
1542
1586
1547
1552
1543
1548
1554
1556
1624
1546
1550
1575
1556
1546
1544
1555
1546
1579
1580
1551
1548
1583
1594
1591
1542
1548
1548
1546
1549
1550
1588
1541
1550
1635
1588
1551
1549
1564
1545
1554
1547
1577
1635
1548
1585
1543
1548
1546
1549
1550
1553
1561
1542
1546
1635
1589
1579
1586
1551
1549
1601
1541
1579
1582
1555
1550
1545
1645
1572
1546
1587
1591
1589
1581
1582
1565
1555
1545
1546
1548
1551
1580
1547
1595
1551
1564
1589
1561
1551
1545
1542
1573
1551
1558
1546
1551
1584
1552
1550
1546
1545
1613
1545
1545
1569
1591
1550
1560
1543
1573
1544
1548
1549
1549
1546
1582
1544
1551
1551
1547
1548
1550
1582
1547
1552
1548
1588
1594
1585
1545
1543
1550
1600
1554
1585
1544
1549
1549
1550
1546
1551
1546
1549
1544
1552
1589
1542
1548
1604
1547
1743
1545
1547
1551
1549
1552
1550
1542
1555
1546
1603
1571
1549
1548
1642
1545
1552
1545
1577
1541
1544
1550
1551
1580
1546
1548
1543
1550
1593
1549
1575
1553
1545
1553
1589
1547
1551
1553
1582
1549
1591
1548
1549
1547
1545
1553
1567
1546
1618
1588
1616
1604
1554
1550
1550
1548
2140
1546
1619
1592
1549
1577
1551
1640
1554
1545
1585
1547
1550
1548
1541
1582
1547
1636
1600
1560
1546
1572
1542
1585
1546
1581
1628
1540
1553
1586
1551
1553
1543
1548
1550
1544
1552
1548
1547
1591
1551
1546
1588
1548
1581
1572
1550
1555
1551
1541
1565
1644
1598
1584
1543
1602
1548
1617
1552
1551
1542
1545
1610
1545
1606
1547
1541
1546
1554
1544
1543
1541
1601
1553
1583
1579
1555
1618
1545
1546
1552
1548
1551
1600
1551
1583
1587
1551
1593
1608
1592
1550
1549
1551
1553
1547
1580
1549
1545
1546
1623
1553
1588
1544
1555
1545
1545
1548
1593
1542
1594
1589
1591
1550
1553
1551
1547
1551
1553
1550
1545
1609
1544
1546
1553
1554
1549
1547
1547
1545
1586
1591
1556
1548
1546
1554
1545
1554
1542
1543
1580
1543
1542
1547
1550
1545
1543
1587
1597
1548
1546
1581
1552
1545
1574
1545
1550
1541
1551
1554
1556
1579
1546
1570
1543
1544
1548
1628
1579
1549
1548
1543
1585
1546
1592
1603
1601
1586
2408
1544
1546
1549
1542
1548
1549
1545
1585
1552
1542
1546
1585
1580
1556
1581
1558
1571
1545
1543
1546
1609
1543
1554
1580
1553
1584
1557
1588
1829
1551
1610
1551
1554
1550
1644
1555
1608
1547
1581
1576
1542
1553
1544
1545
1630
1555
1558
1542
1546
1545
1580
1550
1544
1578
1570
1555
1546
1550
1551
1549
1547
1543
1553
1604
1547
1554
1550
1545
1592
1550
1545
1545
1579
1546
1547
1584
1546
1546
1543
1585
1543
1550
1547
1550
1547
1588
1575
1545
1584
1582
1546
1587
1551
1552
1556
1557
1547
1590
1543
1546
1580
1595
1547
1606
1589
1541
1581
1589
1582
1549
1546
1549
1548
1541
1547
1551
1592
1546
1564
1551
1552
1545
1542
1541
1551
1573
1584
1553
1555
1552
1542
1548
1545
1589
1556
1581
1546
1611
1550
1544
1594
1580
1567
1552
1544
1587
1557
1546
1583
1666
1583
1550
1600
1552
1583
1552
1551
1575
1546
1548
1544
1583
1563
1592
1547
1544
1554
1593
1586
1584
1545
1565
1548
1581
1553
1584
1584
1551
1551
1552
1602
1549
1543
1589
1608
1578
1586
1588
1550
1589
1583
1549
1610
1545
1594
1545
1586
1546
1553
1590
1549
1582
1545
1545
1551
1627
1545
1581
1595
1545
1552
1621
1592
1592
1561
1547
1548
1591
1593
1629
1547
1573
1547
1550
1543
1553
1545
1548
1547
1548
1551
1582
1556
1585
1553
1554
1550
1566
1546
1554
1561
1548
1540
1555
1555
1550
1564
1547
1564
1596
1541
1545
1545
1558
1554
1546
1543
1585
1551
1542
1548
1598
1551
1547
1544
1589
1550
1556
1583
1552
1546
1582
1547
1603
2478
1583
1576
1550
1546
1571
1638
1552
1542
1550
1545
1542
1608
1546
1553
1550
1555
1584
1548
2316
1547
1550
1635
1542
1551
1568
1545
1545
1549
1542
1546
1545
1545
1554
1545
1548
1587
1546
1632
1566
1650
1565
1577
1598
1542
1545
1589
1554
1548
1583
1546
1540
1552
1546
1541
1546
1552
1579
1546
1592
1552
1547
1545
1541
1546
1543
1588
1547
1555
1589
1589
1548
1548
1547
1549
1579
1542
1942
1548
1634
1603
1556
1551
1611
1555
1555
1554
1591
1550
1547
1545
1562
1896
1627
1544
1553
1604
2228
1633
1545
1550
1553
1550
1542
1551
1550
1546
1588
1543
1550
1548
1550
1589
1550
1562
1549
1554
1546
1554
1572
1542
1550
1543
1613
1546
1543
1587
1586
1547
1545
1546
1571
1577
1550
1550
1616
1586
1544
1546
1554
1556
1555
1545
1587
1546
1554
1552
1555
1555
1551
1552
1548
1592
1546
1545
1542
1557
1550
1549
1548
1556
1585
1583
1580
1589
1552
1548
1545
1594
1546
1547
1552
1548
1548
1551
1555
1551
1540
1548
1547
1558
1548
1550
1550
1610
1550
1546
1541
1549
1550
1546
1551
1579
1549
1548
1551
1587
1546
1571
1551
1546
1589
1598
1582
1561
1548
1548
1586
1586
1567
1546
1545
1552
1546
1549
1545
1591
1939
1547
1550
1620
1577
1648
1550
1554
1585
1586
1547
1546
1551
1555
1553
1615
1549
1541
1546
1545
1545
1547
1542
1573
1604
1549
1546
1551
1588
1597
1572
1543
1546
1598
1550
1545
1545
1585
1555
1568
1556
1554
1549
1602
1600
1547
1549
1557
1543
1550
1546
1547
1546
1553
1556
1589
1622
1546
1616
1543
1563
1550
1604
1547
1551
1550
1543
1552
1747
1545
1542
1546
1573
1550
1579
1552
1550
1580
1586
1545
1556
1613
1547
1558
1602
1551
1583
1545
1553
1590
1551
1605
1543
1582
1591
1592
1549
1581
1548
1545
1550
1551
1630
1551
1549
1548
1550
1555
1545
1550
1547
1560
1547
1575
1596
1545
1545
1574
1548
1552
1547
1582
1553
1627
1565
1545
1607
1548
1586
1581
1549
1562
1549
1546
1552
1570
1545
1547
1548
1549
2132
1576
1551
2186
1548
1560
1587
1550
1546
1545
1580
1589
1545
1565
1585
1545
1567
1547
1545
1553
1550
1545
1555
1550
1589
1610
1552
2242
1550
1587
1552
1555
1591
1644
1634
1549
1600
1554
1551
1544
1548
1550
1540
1545
1544
1551
1549
1544
1554
1595
1552
1573
1545
1550
1551
1547
1594
1552
1609
1590
1546
1546
1548
1591
1572
1549
1547
1545
1549
1558
1546
1548
1551
1550
1585
1550
1547
1585
1620
1547
1550
1547
1588
1551
1955
1581
1670
1629
1546
1581
2194
1552
1543
1547
1552
1593
1549
1549
1587
2185
1583
1589
1543
1545
1550
1546
1546
1549
1547
1570
1547
1551
1578
1541
1548
1582
1582
1555
1581
1584
1542
1554
1549
1548
1553
1548
1574
1549
1555
1559
1547
1545
1542
1548
1547
1552
1550
1550
1542
1545
1612
1545
1541
1554
1586
1541
1558
1545
1547
1791
1551
1600
1552
1582
1552
1549
1546
1554
1570
1602
1545
1545
1549
1556
1541
1543
1551
1583
1573
1545
1589
1550
1545
1640
2219
1570
1943
1552
1552
1590
1548
1573
1570
1590
1576
1548
1579
1543
1544
1550
1547
1547
1547
1587
1552
1585
1553
1547
1543
1631
1597
1547
1590
1563
1553
1593
1543
1655
1631
1547
1541
1595
1547
1551
1550
1621
1548
1545
1610
1598
1587
1586
1584
1627
1633
1547
1600
1626
1547
1545
1550
1589
1546
1549
1582
1592
1586
1548
1546
1545
1586
1545
1551
1546
1549
1559
1591
1557
1554
1542
1556
1544
1747
1556
1590
1617
1609
1545
1586
1556
1589
1554
1547
1553
1611
1543
1547
1941
1547
1577
1582
1549
1544
1586
1553
1545
1589
1586
1551
1550
1541
1546
1547
1554
1551
1547
1585
1555
1591
1545
1544
1553
1561
1545
1552
1543
1601
1543
1544
1579
1608
1546
1553
1552
1566
1546
1580
1550
1599
1620
1550
1585
1542
1553
1547
1546
1549
1545
1545
1544
1632
1551
1547
1554
1544
1547
1547
1547
1574
1548
1552
1551
1545
1584
1547
1547
1546
1991
1589
1545
1547
1552
1553
1639
1550
1551
1552
1650
1545
1575
1550
2402
1542
1554
1550
1550
1545
1543
1589
1584
1616
1542
1552
1546
1558
1592
1556
1551
1561
1548
1622
1575
1544
1541
1568
1544
1584
1546
1547
1550
1549
1551
1584
1549
1586
1546
1543
1557
1549
1547
1578
1547
1587
1579
1552
1549
1545
1560
1547
1552
1568
1593
1550
1578
1541
1547
1546
1569
1545
1547
1551
1606
1547
1586
1568
1545
1549
1558
1557
1573
1589
1546
1552
1547
1554
1541
1589
1550
1546
1573
1546
1553
1551
1584
1630
1547
1568
1582
1619
1546
1587
1549
1551
1542
1544
1605
1581
1571
1551
1551
1545
1547
1551
1545
1587
1557
1545
1547
1544
1554
1551
1545
1545
1545
1548
1611
1558
1612
1545
1547
1546
1547
1549
1603
1550
1550
1555
1557
1545
1643
1576
1546
1628
1616
1586
1579
1614
1547
1586
1553
2140
1582
1545
1547
1550
1550
1551
1593
1577
1554
1552
1547
1552
1578
1544
1543
1550
1559
1546
1552
1543
1552
1547
1583
1572
1546
1546
1552
1629
1569
1548
1556
1578
1613
1551
1548
1546
1546
1545
1582
1546
1553
1585
1580
1551
1546
1600
1552
1542
1554
1584
1551
1545
1632
1545
1551
1577
1551
1553
1573
1589
1555
1590
1547
1556
1549
1552
1634
1546
1547
1541
1593
1543
1587
1550
1552
1547
1612
1594
1543
1581
1552
1547
1550
1581
1541
1541
1555
1548
1541
1607
1551
1547
1548
1542
1550
1541
1573
1547
1551
1561
1545
1546
1646
1586
1542
1546
1586
1545
1545
1589
1548
1555
1550
1548
1583
1550
1583
1550
1558
1586
1551
1550
1545
1545
1563
1548
1554
1579
1612
1560
1547
1547
1551
1555
1580
1547
1550
1546
1547
1545
1629
1553
1549
1542
1550
1548
1576
1547
1545
1586
1562
1600
1545
1594
1593
1550
1549
1546
1556
1547
2166
1543
1541
1555
1550
1578
1552
1581
1584
1549
1553
1551
1591
1542
1566
1547
1548
1584
1610
2072
1587
1552
1634
1544
1545
1596
1540
1545
1549
1547
1551
1583
1549
1598
1541
1546
1549
1580
1584
1558
1546
1546
1604
1545
1585
1555
1555
1574
1584
1583
1597
1635
1547
1547
1542
1575
1544
1549
1553
1546
1547
1556
1565
1580
1546
1587
1593
1545
1556
1547
1547
1547
1554
1549
1545
1552
1555
1546
1587
1554
1547
1607
1579
1573
1551
1639
1601
1546
1545
1550
1547
1546
1556
1549
1546
1555
1546
1649
1546
1552
1543
1555
1557
1546
1554
1589
1554
1550
1543
1593
1546
1588
1546
1545
1626
1632
1600
1549
1549
1545
1547
1553
1549
1611
1564
1540
1547
1594
1545
1623
1552
1604
1584
1549
1547
1546
1543
1545
1545
1656
1550
1616
1575
1545
1544
1546
1550
1565
1553
1556
1547
1593
1554
1599
1557
1548
2550
1582
1587
1553
1552
1546
1579
1546
1629
1550
1553
1547
1546
1546
1545
1581
1551
1546
1546
1617
1548
1546
1547
1608
1548
1549
1545
1586
1552
1582
1545
1586
1552
1549
1545
1588
1545
1549
1551
1541
1546
1551
1568
1546
1545
1587
1545
1610
1543
1546
1546
1594
1548
1551
1569
1570
1583
1549
1594
1548
1545
1616
1548
1554
1583
1576
1546
1554
1547
1543
1547
1550
1551
1555
1546
1550
1547
1562
1549
1553
1546
1547
1580
1540
1555
1544
1545
1542
1544
1547
1615
1543
1551
1582
1628
1547
1553
1550
1545
1566
1554
1543
1581
1548
1549
1546
1548
1554
1589
1591
1574
1548
1552
1584
1548
1551
1547
1590
1543
1555
1547
1543
2031
1584
1609
1579
1545
1624
1578
1545
1577
1544
1546
1551
1551
1552
1548
1546
1546
1547
1548
1545
1551
1587
1555
1589
1611
1592
1551
1548
1546
1552
1550
1547
1553
1549
1553
1557
1549
1611
1585
1589
1550
1547
1576
1546
1555
1548
1545
1552
1580
1599
1628
1887
1552
1586
1631
1550
1551
1590
1642
1585
1550
1551
1552
1555
1553
1548
1545
1547
1542
1578
1550
1592
1961
1549
1545
1545
1549
1621
1545
1553
1578
1583
1576
1552
1552
1583
1554
1589
1585
1552
1588
1590
1550
1541
1547
1547
1602
1545
1598
1581
1548
1547
1545
1550
1541
1610
1582
1583
1582
1543
1550
1548
1545
1550
1548
1547
1547
1546
1587
1547
1596
1551
1552
1609
1552
1550
1569
1552
1587
1551
1546
1550
1593
1546
1554
1546
1547
2360
1568
1550
1551
3179
1548
1551
1584
1545
1548
1573
1544
1545
1552
1553
1550
1553
1543
1552
1588
1582
1550
1548
1543
1545
1581
1551
1584
1552
1545
1588
1579
1582
1584
1548
1568
1546
1542
1548
1595
1550
1551
1592
1548
1545
1628
1577
1545
1550
1593
1629
1541
1545
1549
1548
1556
1546
1573
1541
1585
1547
1545
1550
1556
1548
1551
1545
1546
1546
1552
1545
1551
1555
1551
1594
1554
1550
1557
1550
1584
1609
1545
1559
1572
1548
1654
1594
1553
1631
1647
1547
1542
1549
1546
1554
1547
1553
1546
1550
1631
1551
1585
1548
1552
1551
1552
1601
1553
1557
1552
1587
1609
1544
1560
1551
1543
1548
1551
1548
1551
1550
1579
1547
1594
1583
1548
1547
1545
1550
1546
1580
1583
1552
1545
1582
1581
1547
1547
1584
1551
1551
1547
1548
1557
1549
1550
1542
1546
1552
1571
1550
1592
1599
1593
1548
1545
1545
1545
1540
1551
1550
1542
1545
1633
1548
1544
1601
1546
1549
1924
1547
1549
1552
1548
1547
1613
1545
1616
1550
1551
1583
1587
1555
1632
1548
1579
1545
1585
1588
1543
1549
1551
1543
1545
1580
1546
1547
1548
1547
1588
1637
1553
1555
1550
1545
1621
1548
1549
1551
1567
1590
1556
1549
1551
1546
1550
1549
1548
2662
1550
1546
1550
1546
1551
1582
1551
1582
1583
1575
1583
1548
1572
1550
1593
1546
1550
1544
1590
2060
1541
1580
1549
1595
1544
1546
1552
1547
1602
1591
1633
1634
1551
1548
1552
1551
1551
1597
1593
1575
1554
1593
1552
1550
1550
1591
1550
1554
1554
1587
2613
1547
1552
1577
1547
1596
1631
1543
1551
1546
1555
1552
1586
1551
2385
1549
1587
1548
1549
1602
1551
1596
1542
1558
1571
1549
1593
1594
1552
1551
1545
1549
1584
1541
1591
1549
1546
1635
1564
1547
1544
1586
1582
1542
1587
1559
1544
1544
1548
1547
1638
1542
1547
1548
1547
1581
1587
1557
1575
1551
1547
1587
1555
1547
1548
1551
1574
1554
1545
1545
1585
1579
1552
1554
1543
1546
1552
1541
1549
1544
1544
1549
1547
1551
1549
1546
1549
1547
1551
1546
1546
1547
1594
1556
1554
1649
1545
1556
1589
1546
1591
1548
1601
1544
1545
1547
1564
1633
1546
1544
1547
1545
1573
1577
1545
1549
1545
1548
1551
1548
1549
1546
1541
1583
1544
1546
1555
1548
1592
1546
1547
1586
1552
1564
1548
1553
1619
1550
1587
1583
1546
1546
1551
1548
1545
2269
1552
1750
1545
1553
1551
1566
1549
1551
1550
1547
1548
1580
1551
1547
1586
1541
1541
1584
1547
1549
1548
1586
1542
1547
1582
2259
1546
1550
1554
1605
1637
1565
1550
1551
1542
1545
1550
1551
1542
1550
1587
1601
1590
1658
1541
1582
1592
1597
1547
1558
1544
1615
1543
1554
1574
1547
2231
1584
1550
1550
1554
1586
1583
2765
1547
1641
1544
1613
1597
1546
1564
1594
1553
1582
1544
1544
1555
1549
1589
1540
2758
1548
1591
1542
1545
1560
1546
1547
1551
1550
1548
1550
1549
1545
1544
1551
1552
1585
1601
1547
1546
1549
1549
1548
1555
1550
1553
1543
1562
1554
1608
1546
1573
1544
1554
1545
1582
1548
1547
1551
1608
1550
1552
1547
1584
1585
1588
1571
1592
1546
1548
1550
1544
1543
1554
1584
1608
1550
1590
1549
1551
1547
1551
1582
1629
1583
1546
1552
1541
1546
1554
1580
1550
2141
1584
1597
1547
1554
1584
1543
1544
1544
1594
1555
1570
1554
1550
1582
1545
1550
1582
1638
1563
1550
1666
1545
1584
1546
1614
1551
1544
1545
1548
1582
1554
1550
1588
1578
1556
1546
1545
1555
1579
1646
1563
1555
1557
1545
1588
1553
1550
1553
1553
1546
1555
1546
1553
1552
1549
1546
1544
1552
1554
1548
1540
1581
1552
1545
1545
1551
1582
1545
1580
1543
1548
1552
1545
1549
1541
1554
1546
1552
1581
1592
1590
1545
1542
1547
1546
1545
1551
1548
1552
1546
1617
1586
1546
1587
1549
1572
1545
1547
1546
1558
1544
1550
1552
1569
1548
1592
1548
1548
1588
1546
1550
1586
1547
1544
1546
1544
1560
1549
1546
1547
1581
1554
1581
1575
1601
1550
1546
1549
1555
1597
1548
1543
1584
1542
1543
1585
1584
1582
1548
1550
1580
1566
1552
1547
1541
1555
1586
1553
1644
1553
1587
1547
1546
1543
1596
1548
1631
1546
1606
1552
1546
1549
1548
1551
1542
1549
1584
1550
1586
1587
1581
1545
1545
1594
1541
1542
1551
1547
1572
1550
1543
1551
1583
1567
1573
1554
1546
1573
1547
1591
1584
1547
1556
1550
1547
1616
1553
1573
1622
1583
1624
1555
1549
1583
1552
1553
1548
1549
1549
1546
1578
1551
1550
1546
1547
1545
1582
1588
1545
1630
1580
1546
1545
1585
1546
1550
1590
1574
1583
1549
1580
1551
1552
1545
1549
1550
1545
1544
1549
1544
1543
1581
1546
1545
1550
1587
1551
1542
1581
1545
1545
1563
1549
1545
1547
1552
1545
1557
1609
1973
1594
1549
1546
1986
1602
1547
1548
1640
1548
1554
1556
1569
1545
1541
1546
1581
1588
1584
1588
1549
1546
1542
1547
1546
1577
1547
1552
1548
1550
1545
1549
1546
1542
1547
1587
1589
1545
1582
1586
1609
1545
1546
1594
1546
1548
1546
1662
1540
1550
1552
1546
1548
1549
1582
1553
1551
1545
1547
1546
1544
1542
1602
1578
1595
1587
1551
1550
1548
1641
1544
1548
1579
1621
1558
1545
1589
1551
1551
1554
1545
1553
1592
1549
1547
1549
1549
1576
1551
1547
1549
1548
1579
1550
1584
1548
1545
1589
1588
1551
1554
1549
1588
1550
1555
1545
1595
1591
1585
1549
1552
1546
1553
1548
1553
1547
1544
1551
1563
1548
1593
1548
1584
1549
1547
1542
1552
1582
1542
1551
1566
1548
1551
1588
1582
1622
1555
1548
1546
1552
1545
1552
1541
1556
1651
1547
1552
1579
1546
1582
1574
1550
1543
1586
1613
1542
1548
1542
1543
1556
1547
1542
1604
1547
1598
1543
1595
1555
1549
1545
1550
1553
1626
1544
1624
1586
1552
1544
1549
1548
1556
1550
1552
1552
1579
1595
1571
1542
1546
1552
1946
1612
1554
1587
1587
1543
1578
1550
1545
1552
1546
1546
1550
1585
1551
1549
1588
1592
1551
1591
1583
1546
1583
1586
1550
1584
1547
1552
1546
1553
1547
1546
1583
1599
1543
1545
1546
1546
1548
1587
1546
1580
1551
1581
1545
1581
1588
1580
1567
1545
1582
1547
1558
1591
1547
1546
1543
2019
1585
1596
1579
2222
1579
1591
1547
1546
1546
1543
1549
1545
1548
1553
1549
1552
1545
1550
1576
1583
1597
1545
1552
1591
1551
1551
1590
1550
1545
2181
1581
1552
1544
1580
1830
1547
1590
1544
1549
1588
1550
1542
1609
1612
1548
1545
1647
1551
1555
1552
1554
1549
1541
1622
1543
1547
1552
1574
1549
1700
1595
1556
1561
1548
1541
1593
1546
1586
1548
1568
1588
1545
1611
1547
1547
1552
1546
1548
1547
1552
1547
1584
1587
1589
1586
1586
1551
1560
1584
1580
1571
1555
1554
1590
1551
1594
1593
1545
1547
1552
1549
1586
1548
1556
1544
1551
1549
1551
1542
1548
1546
1552
1550
1574
1543
1546
1585
1550
1548
1584
1553
1580
1546
1551
1552
1564
1582
1625
1592
1552
1586
1611
1592
1545
1549
1644
1552
1585
1593
1543
1555
1549
1590
1546
1581
1578
1544
1558
1588
1548
1547
1550
1592
1545
1550
1634
1551
1563
1545
1545
1589
1544
1546
1569
1936
1552
1597
1548
1541
1546
1582
1552
1582
1545
1551
1566
1546
1552
1587
1542
1548
1549
1594
1546
1554
2285
1544
1546
1549
1577
1545
1558
1550
1601
1555
1601
1583
1547
1606
1587
1551
1552
1551
1544
1559
1553
1545
1548
1546
1546
1549
1582
1549
1546
1551
1557
1551
1543
1548
1546
1546
1580
1551
1550
1548
1607
1547
1545
1554
1548
1548
1545
1577
1543
1564
1555
1541
1553
1548
1587
1541
1556
1545
1611
1581
1554
1589
1556
1585
1549
1590
1592
1617
1582
1599
1571
1557
1551
1546
1548
1551
1575
1549
1583
2289
1547
1545
1544
1545
1551
1587
1548
1546
1580
1549
1586
1575
1548
1551
1580
1586
1548
1552
1548
1546
1582
1546
1545
1589
1546
1548
1550
1551
1545
1551
1547
1550
1547
1551
1597
1568
1552
1546
1547
1549
1543
1550
1551
1546
1550
1552
1563
1546
1544
1616
1576
1604
1541
1565
1546
1551
1548
1570
1651
1592
1548
1550
1587
1549
1583
1595
1546
1609
1547
1583
1551
1588
1555
1549
1546
1546
1569
1543
1554
1549
1550
1543
1550
1551
1545
1545
1616
1541
1549
1644
1552
1622
1547
1543
1541
1544
1577
1559
1547
2237
1549
1549
1544
1592
1616
1582
1777
1582
1550
1545
1558
1545
1542
1545
1549
1602
1545
1547
1620
1545
2280
1544
1551
1543
1550
1586
1584
1553
1547
1571
1718
1550
1549
1575
1616
1553
1637
1546
1547
1552
1638
1554
1553
1540
1579
1554
1546
1551
1541
2190
1550
1550
1548
1548
1550
1544
1541
1551
1551
1598
1612
1593
1566
1591
1590
1549
1593
1549
1584
1551
1547
1545
1551
1550
1556
1546
1548
1633
1590
1545
1584
1867
1549
2255
1562
1553
1551
1548
1554
1610
1594
1542
1722
1599
1585
1590
1574
1585
1556
1589
1555
1554
1610
1547
1569
1613
1562
1545
1577
1545
1585
1600
1554
1546
1545
1544
1550
1581
1587
1549
1550
1540
1542
1634
1564
1593
1586
1548
2246
1562
1582
1610
1668
1550
1544
1589
1813
1546
1552
1642
1586
1552
1544
1548
1632
1554
1589
1553
1550
1543
1544
1545
1625
1638
1609
1624
1578
1546
1550
1549
1615
1554
1586
1582
1548
1546
1640
1588
1543
1550
1612
1549
1550
1550
1547
1617
1553
1555
1544
1549
1551
1575
1558
1581
1551
1552
1545
1549
1553
1544
2724
1549
1549
1626
1543
1545
1548
1547
1552
1546
1541
1551
1592
1554
1610
1547
1553
1545
1557
1623
1587
1547
1586
1612
1546
1571
1548
1589
1551
1589
1602
1592
1545
1547
1547
1548
1552
1589
1549
1545
1551
1591
1549
1551
1546
1548
1548
1584
1607
1548
1550
1543
1545
1580
1589
1546
1588
1554
1622
1581
1587
1883
1546
1547
1547
1554
1543
1549
1608
1554
1549
1578
1584
1546
1554
1614
1550
1548
1546
1546
1551
1545
1592
1575
1545
1548
1585
1547
1545
1555
1548
1556
1584
1561
1591
1553
1553
1545
1586
1589
1551
1552
1542
1546
1550
1551
1542
1553
1551
1592
1554
1546
1551
1551
1545
1552
1551
1578
1583
1550
1551
1582
1547
1550
1546
1555
1578
1542
1542
1585
1546
1545
1550
1592
1550
1542
1546
1568
1550
1547
1549
1593
1554
1546
1627
1553
1553
1543
1551
1587
1583
1583
1545
1545
1549
1546
1545
1668
1620
1555
1553
1547
1565
1553
1600
1545
1648
1574
1543
1546
1546
1550
1550
1551
1586
1647
1546
1599
1553
1581
1557
1546
1578
1602
1590
1546
1591
1578
1557
1586
1599
1546
1552
1554
1558
1547
1547
1593
1552
1549
1546
1552
1541
1587
1546
1547
1550
1598
1628
1627
1549
1587
1544
1553
1584
1554
3946
1548
1544
1550
1551
1590
1585
1553
1549
1547
1545
1547
1548
1561
1543
1547
1598
1542
1547
1545
1547
1541
1594
1597
1573
1549
1545
1545
1548
1547
1547
1625
1568
1551
1548
1591
1548
1542
1546
1550
1547
1571
1575
1549
1633
1545
1543
1547
1553
1545
1542
1616
1618
1551
1547
1574
1547
1546
1576
1593
1546
2068
1549
1556
1548
1589
1544
1551
1545
1554
1541
1548
1546
1611
3129
1556
1547
1550
1584
1588
1553
1559
1643
1546
1550
1544
1548
1590
1544
1591
1575
1598
1544
1583
1548
1550
1577
1585
1548
1548
1545
1546
1545
1552
1545
1585
1551
1566
1552
1551
1594
1558
1591
1549
1542
1553
1645
1546
1565
1546
1551
1541
1551
1544
1620
1555
1545
1547
1595
1574
1547
1596
1546
1554
1548
1542
1543
1551
1547
1590
1545
1543
1544
1545
1551
1546
1583
1545
1555
1550
1541
1588
1610
1580
1548
1550
1551
1631
1553
1550
1545
1586
1597
1585
1590
1548
1585
1545
1632
1545
1552
1588
1544
1547
1542
1545
1544
1544
1553
1554
1551
1576
1550
1544
1581
1615
1546
1601
1596
1549
1547
1547
1546
1655
1553
1548
1606
1611
1540
2299
1544
1544
1588
1546
1545
1545
1595
1549
1553
1554
1548
1545
1565
1554
1551
1548
1582
1542
1549
1546
1545
1553
1547
1541
1547
1546
1551
1593
1548
1546
1588
1552
1541
1569
1550
1557
1590
1547
1546
1549
1547
1776
1591
1570
1546
1582
1561
1541
1595
1579
1553
1556
1547
1549
1589
1543
1546
1547
1544
1548
1551
1587
1894
1556
1540
1585
1547
1549
1546
1543
1562
1551
1583
1557
1586
1546
1544
1586
1552
1546
1550
1552
1553
1566
1556
1551
1550
1595
1552
1547
1588
1552
1600
1584
1546
1542
1631
1554
1628
1593
1547
1550
1547
1610
1549
1552
1546
1616
1587
1554
1551
1554
1591
1544
1546
1546
1586
1547
1585
1555
1554
1598
1592
1544
1596
1553
1551
1548
1564
1552
1552
1543
1544
1546
1555
1546
1547
1542
1552
1552
1564
1645
1545
1597
1571
1541
1554
1558
1557
1555
1546
1546
1547
1547
2449
1544
1588
1550
1550
1546
1547
1547
1589
1543
1547
1557
1558
1590
1586
1587
1581
1614
1567
1550
1542
1550
1552
1636
1548
1551
1548
1550
1555
1555
1544
1552
2165
1551
1557
1545
1551
1541
1590
1554
2590
1615
1550
1550
1593
1555
1549
1553
1547
1547
1545
1547
1544
1556
1551
1551
1615
1550
1556
1578
1609
1578
1591
1549
1543
1556
1730
1589
1570
1546
1545
1593
1614
1546
1546
1584
1547
1612
1547
1541
1603
1544
1551
1547
1550
1601
1540
1553
1551
1595
1548
1544
1633
1546
1549
1553
1584
1554
1549
1591
1554
1592
1546
1546
1545
1591
1605
1580
1548
1551
1548
1544
1554
1587
1568
1550
1550
1539
1553
1609
1614
1542
1546
1612
1547
1549
1554
1624
1545
1549
1556
1581
1582
1582
1571
1590
1542
1608
1546
1552
1544
1541
1547
1585
1544
1549
1596
1544
1545
1587
1545
1579
1546
1586
1587
1612
1581
1541
1554
1545
1551
1546
1542
1548
1548
1575
1548
1550
1640
1546
1546
1593
1550
1588
1545
1547
1546
1585
1571
1595
1587
2602
1590
1572
1554
1547
1633
1600
1543
1546
1548
1547
1583
1588
1579
1556
1547
2225
1605
1554
1599
1542
1615
1555
1590
1608
1545
1547
1546
1549
1547
1552
1551
1550
1550
1546
1549
1550
1638
1545
1615
1546
1552
1550
1587
1593
1560
1553
1549
1603
1547
2428
1547
1551
2724
1545
1545
1581
1544
1545
1551
1551
1552
1546
1578
1548
1547
1549
1596
1549
1585
1591
2380
1596
1547
1555
1550
1552
1578
1545
1550
1549
1547
1547
1582
1544
1552
1594
1581
1585
1548
1579
1551
1601
1546
1593
1545
1577
1545
1546
1548
1590
1548
1546
1546
1591
1547
1543
1546
1550
1542
1582
1599
1545
1583
1544
1556
1550
1552
1555
1542
1592
1585
1555
1543
1548
1584
1550
1598
1566
1545
1555
1546
2561
1553
1552
1550
1546
1545
1577
1548
1551
1550
1543
1577
1551
1543
1545
1551
1553
2353
1549
1541
1551
1551
1575
1550
1585
1544
1586
1589
1607
1546
1567
1543
1545
1612
1545
1546
1588
1546
1579
1550
1555
1582
1588
1550
1592
1546
1585
1576
1545
1611
1612
1549
1554
1602
1587
1584
1542
1587
1547
1585
1542
1585
1549
1548
1579
1575
1550
1550
1546
1583
1552
1580
1549
1604
1542
1549
1581
1547
1553
1547
1546
1548
1620
1549
1544
1591
1545
1549
1585
1545
1550
1589
1544
1586
1546
1593
1566
1554
1592
1548
1550
1589
1548
1554
1544
1546
1552
1554
1546
1586
1573
1547
1587
1552
1552
1545
1548
1637
1583
1593
1581
1582
1544
1558
1545
1546
1588
1545
1549
1545
1554
1551
1548
1655
1542
1551
1543
1545
1548
1610
1578
1550
1547
1550
1545
1600
1639
1589
1546
1546
1568
1547
1547
1547
1585
1546
1587
1591
1585
1545
1546
1546
1587
1587
1550
1619
1543
1547
1548
1543
1541
1550
1582
1546
1606
1585
1550
1543
1549
1580
1547
1585
1551
1582
1550
1546
1548
1541
1557
1549
1551
1546
1548
1548
1544
1551
1551
1541
1558
1600
1545
1541
1586
1544
1545
1592
1547
1546
1814
1553
1551
2306
1547
1545
1572
1547
1556
1571
1591
1587
1589
1546
1554
1547
1546
1551
1551
1589
1547
1551
1541
1546
1547
1545
1547
1561
1541
1595
1545
1547
1591
1545
1586
1550
1544
1547
1545
1543
1549
1549
1546
1548
1549
1571
1546
1600
1587
1548
1580
1547
1548
1542
1544
1551
1554
1543
1548
1546
1547
1555
1542
1548
1642
1542
1611
1587
1550
1588
1545
1548
1552
1548
1546
1553
1616
1549
1600
1556
1550
1547
1585
1544
1549
1545
1584
1545
1546
1641
1547
1549
1552
1540
1586
1545
1545
1608
1547
1550
1578
1605
1570
1554
1552
1655
1549
1605
1550
1602
1561
1552
1550
1542
1584
1590
1587
1587
1550
1571
1542
1552
1606
1551
2079
1549
1549
1553
1544
1548
1550
1548
1551
1546
1545
1547
1545
1635
1585
1558
1551
1594
1554
1554
1601
1542
1553
1626
1578
1588
1549
1578
1546
1544
1579
1546
1543
1585
1599
1546
1577
1554
1545
1553
1601
1552
1544
1547
1545
1551
1550
1552
1545
1545
1589
1548
1552
1562
1542
1547
1593
1613
1556
1548
1552
1561
1544
1560
1557
1541
1635
1542
1546
1590
1541
1589
1547
1547
1546
1548
1610
1550
1591
1584
1556
1593
1580
1546
1576
2198
1550
1546
1585
1551
1549
1580
1547
1545
1544
1541
1636
1549
1546
1596
1549
1554
1553
1554
1548
1547
1591
1583
1547
1553
1545
1551
1607
1551
1545
1547
1545
1547
1545
1549
1547
1551
1550
1546
1555
1550
1549
1550
1594
2654
1547
1647
1549
1545
1582
1592
1605
1591
1550
1555
1548
1547
1549
1551
1636
1545
1587
1551
1544
1547
1554
1576
1581
1549
1551
1581
1546
1547
1548
1545
1543
1548
1596
1623
1547
1551
1586
1566
1579
1738
1541
1553
1686
1591
1545
1552
1582
1549
1543
1582
1545
1547
1545
1551
1551
1549
1597
1547
1609
1541
1597
1541
1541
1557
1547
1563
1546
1586
1609
1566
1613
1609
1612
1545
1613
1549
1547
1582
1552
1545
1549
1541
1587
1584
1555
1630
1607
1572
1546
1643
1553
1556
1541
1546
1545
1552
1578
1550
1551
1550
1627
1553
1550
1604
1549
1562
1586
1586
1553
1590
1544
1545
1544
1549
1547
1545
1545
1588
1598
1589
1550
1549
1576
1585
1577
1587
1557
1543
2236
1549
1542
1547
1545
1547
1557
1618
1581
1554
1556
1581
1590
1549
1550
1549
1550
1554
1553
1588
1589
1551
1552
1555
1543
1593
1544
1550
1543
1548
1606
1556
1555
1607
1548
1574
1594
1637
1541
1599
1546
1547
1590
1550
1553
1550
1550
1554
1545
1545
1588
1555
1565
1595
1551
1600
1564
1548
1554
1559
1545
1590
1548
1542
1542
1581
1547
1551
1580
1547
1589
1584
1589
1546
1551
1583
1564
1551
1546
1551
1549
1578
1546
1587
1551
1542
1547
1587
1583
1586
1587
1578
1547
1587
1580
1576
1546
1785
1551
1546
1545
1583
2011
1545
1550
1615
1551
1552
1547
1554
1550
1562
1547
1592
1546
1550
1554
1581
1563
1585
1598
1649
1547
1547
1584
1549
1546
1542
1549
1580
1545
1652
1549
1635
1545
1547
1547
1565
1551
1548
1547
1584
1542
1550
1598
1542
1610
1547
1552
1573
1589
1589
1547
1555
1547
1581
1579
1545
1571
1554
1548
1585
1550
2606
1546
1592
1569
1587
1555
1599
1551
1547
1593
1548
1549
1554
1553
1665
1551
1549
2557
1546
1547
1548
1546
1614
1544
1545
1552
1551
1543
1577
1612
1553
1543
1545
1549
1628
1554
1545
1552
1549
1549
1583
1590
1591
1921
1584
1548
1591
1552
1546
1553
1588
1547
1547
1552
1585
1545
1584
1582
1548
1585
1591
1552
1547
1632
1546
1584
1549
1542
1546
1545
1547
1554
1553
1555
1592
1566
1553
1554
1548
1541
1551
1545
1589
1587
1546
1548
1546
1555
1624
1546
1598
1548
1546
1552
1590
1550
1608
1560
1576
1550
1569
1541
1549
1552
1553
1576
1548
1549
1545
1550
1546
1545
1563
1602
1547
1543
1551
1544
1553
1553
1591
1551
1586
1543
1551
1583
1567
1549
1587
1555
1547
1587
1550
1549
1545
1549
1550
1547
1618
1588
1552
1555
1550
1548
1589
1555
1590
1555
1541
1628
1549
1549
1546
1550
1546
1547
1580
1564
1549
1551
1549
1549
1584
1584
1589
1545
1552
1621
1652
1580
1614
1590
1611
1583
1550
1546
1544
1548
1547
1546
1608
1555
1591
1583
1545
1549
1571
1547
1544
1549
1550
1545
1552
1542
1585
1544
1588
1551
1553
1552
1578
1590
1587
1550
1586
1545
1547
1592
1547
1551
1550
1578
1546
1557
1590
1550
1541
1547
1547
1587
1549
1552
1571
1565
1555
1605
1567
1550
1577
1561
1562
1549
1551
1557
1556
1546
1542
1559
1555
1544
1552
1541
1543
1548
1545
1546
1555
1550
1555
1546
1541
1550
1544
1546
1546
1555
1597
1585
1553
1591
1553
1579
1555
1556
1602
1546
1550
1552
1551
1615
1546
1540
1555
1551
1551
1590
1543
1586
1544
1598
1544
1589
1550
1553
1549
1615
1542
1583
1550
1547
1581
1552
1549
1548
1545
1552
1551
1592
1551
1554
1548
1544
1607
1640
1552
1550
1545
1624
1554
1542
1551
1587
1590
1543
1545
1552
1545
1612
1580
1551
1591
1550
1549
1607
1552
1547
1555
1548
1620
1581
1547
1544
1545
1546
1541
1545
1552
1545
1546
1551
1554
1579
1554
1555
1590
1546
1547
1548
1590
1555
1556
1578
1551
1548
1550
1545
1587
1581
1577
1550
1600
1558
1550
1542
1547
1590
1551
1553
1586
1577
1553
1594
1615
1546
1545
1553
1549
1549
1546
1548
2520
2582
1555
2236
1544
1549
1553
1550
1546
1543
1576
1552
1550
1583
1546
1545
1550
1542
1548
1547
1582
1546
1545
2185
1545
1546
1541
1552
1592
1545
1549
1609
1550
1585
1584
1611
1597
1551
1553
1616
1554
1581
1548
1554
1552
1587
1544
1546
1551
1550
1599
1547
1549
1556
1587
1582
1550
1600
1550
1552
1546
1550
1556
1591
1631
1541
1624
1581
1543
1545
1543
1577
1541
1589
1890
1589
1551
1629
1540
1547
1545
1578
1585
1570
1548
1549
1630
1610
1551
1551
1583
1568
1552
1552
1614
1547
1608
1601
1554
1547
1547
1551
1582
1545
1544
1607
1585
1546
1554
1591
1553
1547
1589
1582
1546
1572
1585
1554
1589
1547
1580
1627
1624
1546
1547
1546
1551
1579
1547
1551
1545
1545
1555
1580
1551
1583
1551
1543
1545
1547
1547
1545
1544
1550
1545
1546
1546
1551
1549
1560
1584
1545
1592
1595
1588
1551
1574
1586
1545
1590
1549
1549
1546
1639
1548
1550
1557
1550
1591
1635
1550
1598
1545
1555
1551
1584
1546
1546
1546
1584
1550
1590
1551
1595
1554
1543
1557
1544
1545
1546
1818
1554
1552
1553
1570
1615
1550
1555
1544
1546
1545
1552
1552
1551
1547
1579
1548
1578
1552
1586
1581
1579
1587
1541
1544
1548
1550
1546
1554
1570
1547
1546
1588
1551
1560
1614
1547
1544
1546
1579
1613
1575
1560
1582
1551
1637
1562
1574
1545
1555
1545
1586
1586
1564
1591
1543
1546
1579
1584
1562
1588
1550
1583
1552
2315
1544
1584
1546
1548
1552
1551
1545
1550
1546
1583
1584
1555
1544
1545
1548
1580
1567
1547
1577
1616
1545
1585
1580
1546
1609
1585
1552
1552
1582
1582
1557
1552
1542
1581
1556
1543
1551
1552
1586
1542
1555
1586
1552
1586
1584
1586
1568
1580
1583
1575
1579
1549
1545
1546
1546
1545
1550
1553
1546
1629
1544
1547
1551
1545
1584
1592
1546
1555
1542
1559
1579
1563
1588
1594
1547
1545
1545
1588
1545
1552
1552
1547
1543
1627
1551
1544
1587
1586
1547
1545
1544
1548
1546
1612
1638
1549
1545
1541
1602
1591
1547
1589
1586
1565
1606
1546
1545
1548
1547
1577
1543
1544
1545
1546
1545
1550
1552
1547
1564
1606
1546
1548
1545
1548
1588
1549
1551
1545
1549
1545
1552
1546
1595
1577
1542
1583
1584
1606
1589
1546
1545
1585
1544
1545
1547
1585
1550
1553
1622
1571
1646
1543
1553
1588
1550
1543
1550
1551
1545
1584
1550
1592
1544
1546
1547
1547
1632
1583
1550
1548
1546
1545
1548
1545
1609
1551
1591
1553
1551
1552
1543
1543
1620
1540
1546
1548
1549
1559
1564
1550
1549
1566
1582
1550
1554
1548
1543
1552
1544
1581
1543
1558
1630
1556
1544
1551
1548
1610
1584
1551
1554
1579
1590
1590
1552
1550
1550
1541
1581
1552
1549
1544
1585
1547
1586
1554
1548
1640
1555
1582
1595
1550
1562
1586
1575
1586
1546
1560
1551
1549
1555
1547
1547
1548
1587
1543
1551
1545
1587
1583
1547
1584
1542
1548
1546
1555
1552
1578
1551
1546
1571
1551
1549
1545
1591
1557
1546
1586
1546
1545
1549
1551
1545
1574
2147
1546
1553
1550
1547
1618
1546
1558
1580
1596
1569
1550
1610
1554
1586
1550
1588
1541
1545
1594
1540
1541
1556
1548
1552
1551
1596
1551
1542
1548
1593
1549
1545
1547
1550
1584
1546
1562
1588
1563
1545
1546
1551
1548
1579
1551
1585
1586
1751
1542
1589
1546
1552
1589
1548
1559
1549
1581
1553
1551
1607
1543
1554
1546
1553
1556
1551
1545
1552
1545
1601
1551
1550
1544
1587
1584
1546
1549
1549
1545
1600
1547
1590
1588
1550
1545
1543
1545
1553
1551
1548
1580
1551
1569
1550
1550
1548
1543
1545
1546
1545
1555
1562
1598
1552
1546
1550
1547
1545
1580
1552
1588
1556
1556
1543
1548
1601
1542
1550
1551
1554
1553
1582
1548
2045
1584
1550
1547
1606
1549
1554
1623
1548
1552
1545
1544
1545
1545
1551
1587
1549
1550
1585
1584
1609
1564
1550
1548
1547
1549
1549
1543
1548
1552
1550
1547
1546
1548
1590
1557
1623
1547
1558
1543
1592
1545
1588
1542
1556
1548
1545
1556
1555
1585
1542
1552
1618
1549
1548
1586
1552
1548
1555
1550
1546
1541
1555
1552
1546
1542
1553
1579
1547
1592
1557
1554
1553
1547
1549
1547
1547
1597
1629
1545
1548
1545
1549
1580
1546
1601
1583
1583
1582
1571
1542
1587
1550
1579
1577
1575
1589
1585
1554
1553
1551
1598
1545
1588
1545
1542
1547
1544
1547
1556
1588
1549
1545
1591
1544
1549
1554
1542
1550
1551
1547
1548
1554
1547
1564
1547
1547
1548
1545
1543
1545
1605
1547
1552
1546
1591
1546
1589
1546
1550
1547
1551
1547
1550
2155
1562
3534
1607
1544
1547
1552
1550
1543
1547
1550
1547
1553
1547
1549
1546
1556
1551
1548
1553
1592
1552
1551
1594
1592
1549
1546
1549
1547
1549
1550
1552
1552
1545
1547
1546
1549
1633
1548
1548
1554
1635
1598
1586
1540
1593
1582
1588
1544
1540
1554
1591
1588
1551
1545
1550
1545
1586
1580
1595
1602
1553
1611
1544
1588
1924
1554
1559
1554
1580
1547
1545
1548
1587
1594
1583
1554
1613
1545
1550
1549
1541
1551
1548
1555
1617
1546
1549
1541
1584
1606
1548
1590
1545
1567
1552
1551
1547
1552
1546
1551
1547
1548
1551
1544
1548
1623
1551
1584
1586
1543
1587
1551
1589
1554
1585
1551
1547
1548
1555
1547
1547
1655
1551
1548
1544
1544
1548
1544
1591
1547
1590
1551
1590
1645
1541
1582
1546
1574
1549
1547
1547
1546
1542
1554
1742
1554
1598
1597
1544
1547
2075
1543
1550
1583
1606
1552
1541
1543
1581
1549
1551
1594
1548
1547
1543
1549
1550
1547
1542
1545
1548
1546
1544
1549
1549
1584
1550
1550
1542
1548
1549
1545
1595
1549
1551
1597
1551
1556
1584
1549
1591
1546
1546
1550
1547
1552
1548
1554
1551
1548
1596
1549
1553
1546
1591
1620
1548
1591
1596
1545
1804
1544
1598
1553
1552
1543
1551
1548
1548
1552
1544
1550
1547
1588
1549
1588
1547
1542
1552
1567
1619
1585
1589
2258
1546
1550
1620
1546
1549
1550
1551
1582
1547
1570
1582
1555
1547
1544
1541
1597
2448
1546
1606
1549
1550
1555
1550
1586
1546
1545
1546
1585
1635
1547
1581
1552
1551
1547
1553
1552
1560
1545
2424
1551
1550
1546
1549
1566
1579
1583
1588
1583
1550
1583
1558
1545
1596
1552
1552
1603
1549
1551
1578
1549
1558
1585
1546
1549
1620
1541
1580
1553
1540
1543
1553
1548
1545
1546
1547
1542
1616
1547
1632
1559
1545
1545
1547
1568
1551
1549
1657
1553
1543
1601
1546
1542
1547
1546
1546
1619
1578
1546
1551
1543
1544
1552
1579
1587
1589
1546
1542
1552
1545
1548
1583
1549
1546
1546
1554
1547
1545
1547
1548
1549
1628
1545
1546
1602
1589
1585
1591
1550
1553
1579
1556
1940
1552
1546
1579
1551
1548
1582
1570
1545
1551
1546
1551
1545
1547
1591
1556
1545
1547
1550
1603
1552
1566
1550
1552
1581
1591
1629
1554
1639
1553
1548
1554
1571
1547
1587
1542
1555
1551
1586
1553
1548
1608
1550
1555
1560
1596
1559
1581
1552
1541
1546
1584
1621
1551
1551
1550
1545
1599
1546
1554
1591
1545
1587
1550
1550
1555
1556
1914
1546
1545
1545
1550
1595
1637
1551
1585
1548
1543
1546
1546
1580
1557
1571
1552
1550
1545
1549
1589
1598
1550
1549
1551
1547
1589
1589
1548
1583
1566
1545
1584
1578
1545
1623
1577
1545
1546
1551
1616
1543
1551
1543
1592
1550
1593
1591
1549
1546
1544
1568
1566
1583
1548
1546
1540
1546
1546
1623
1648
1594
1552
1594
1542
1546
1552
1541
1661
1590
1638
1552
1584
1551
1549
1546
1541
1553
1605
1543
1545
1623
1564
1546
1602
1565
1549
1552
1601
1618
1558
1545
1553
1550
1550
1577
1600
1554
1550
1549
1587
1586
1548
1542
1551
1551
1937
1624
1627
1542
1545
1583
1544
1550
1547
1551
1548
1547
1546
1591
1548
1581
1549
1595
1542
1544
1616
1550
1553
1547
1589
1546
1546
1549
1550
1558
1550
1545
1569
1571
1549
1549
1550
1554
1548
1546
1582
1642
1546
1544
1547
1625
1595
1550
1547
1541
1612
1551
1546
1583
1549
1551
1549
1546
1550
1578
1583
1548
1551
1542
1544
1552
1603
1567
1551
1541
1546
1550
1552
1554
1550
1570
1546
1553
1548
1569
1544
1549
1545
1567
1589
1555
1546
1587
1545
1560
1546
1578
1586
1551
1549
1546
1546
1551
1546
1545
1547
1545
1547
1543
1575
1573
1580
1565
1548
1545
1552
1628
1549
1541
1591
1582
1546
1542
1576
1546
1545
1555
1544
1553
1550
1542
1547
1584
1588
1544
1665
1578
1626
1589
1547
1543
1543
1547
1554
1548
1555
1545
1585
1579
1550
1547
1571
1619
1549
1556
1541
1616
1549
1551
1560
1588
1549
1607
1545
1635
1549
1550
1549
1615
1736
1582
1593
1585
1593
1548
1541
1546
1547
1545
1553
1544
1571
1543
1546
1544
1551
1560
1548
1581
1548
1541
1545
1550
1550
1549
1547
1589
1552
1541
1582
1551
1598
1551
1549
1598
1551
1543
1637
1549
1603
1554
1545
1540
1580
1550
1546
1546
1590
1551
1544
1545
1551
1550
1547
1599
1585
1552
1553
1551
1546
1588
1584
1545
1572
1544
1547
1578
1551
1555
1546
1546
1548
1554
1552
1551
1550
1602
1581
1558
1559
1545
1549
1547
1547
1545
1552
1547
1979
1544
1552
1593
1556
1654
1565
1579
1547
1639
1553
1543
1582
1545
1541
1541
1552
1546
1541
1581
1591
1546
1546
1585
1550
1581
1547
1552
1545
1586
1547
1545
1581
1545
1551
1551
1572
1606
1587
1546
1577
1545
1547
1626
1577
1581
1542
1543
1583
1588
1550
1580
1546
1546
1552
1613
1588
1545
1543
1552
1551
1548
1613
1589
1593
1584
1545
1587
1548
1552
1545
1551
1546
1578
1582
1596
1579
1612
1552
1550
1546
1583
1551
1576
1554
1546
1601
1549
1558
1551
1540
1546
1602
1549
1583
1551
1544
1615
1550
1582
3666
1577
1656
1548
1551
1550
1580
1580
1545
1554
1551
1621
1545
1547
1549
1551
1546
1554
1544
1547
1545
1561
1550
1541
1548
1545
1545
1548
1541
1549
1545
1610
1551
1550
1582
1547
1546
1545
1552
1586
1550
1581
1581
1546
1549
1541
1563
1549
1549
1611
1579
1546
1548
1577
1581
1549
1594
1543
1553
1552
1550
1590
1549
1584
1552
1583
1585
1548
1546
1553
1585
1560
1550
1587
1632
1547
1571
1544
1598
1587
1603
1558
1547
1556
1552
1556
1546
1547
1556
1545
1628
1545
1576
1541
1547
1653
1547
1595
1550
1555
1586
1626
1550
1551
1552
1551
1605
1551
1547
1552
1576
1550
1588
1546
1542
1580
1543
1553
1547
1546
1550
1544
1587
1549
1551
1550
1543
1542
1567
1547
1543
1543
1563
1585
1545
1549
1550
1827
1575
1544
1553
1547
1551
1587
1545
1546
1551
1598
1578
1555
1553
1542
1586
1627
1573
1546
1545
1589
1545
1547
2451
1550
1577
1545
1549
1596
1547
1549
1549
1543
1541
1541
1549
1586
1553
1551
1550
1555
1551
1616
1546
1644
1550
1545
1546
1591
1613
1544
1548
1577
1546
1545
1545
1554
1587
1551
1554
1549
1551
1547
1546
1551
1548
1552
1570
1546
1547
1554
1548
1546
1552
1544
1546
1548
1550
1553
1555
1544
1604
1550
1634
1545
1545
1552
1551
1584
1543
1594
1546
1552
1548
1600
1580
1580
1588
1547
1585
1587
1541
1550
1642
1554
1545
1588
1547
1546
1547
1543
1556
1557
1551
1542
1579
1550
1553
1543
1968
1606
1588
1574
1553
1542
1541
1577
1550
1551
1542
1576
1571
1584
1551
1550
1585
1550
1541
1547
1552
1547
1547
1548
1546
1550
1546
1551
1542
1593
1548
1547
1569
1583
1589
1547
1607
1551
1546
1546
1592
1553
1547
1550
1551
1551
1581
1542
1547
1551
1608
1578
1549
1548
1546
1587
1630
1547
1541
1581
1552
1542
1545
1548
1570
1546
1557
1541
1551
1545
1575
1554
1541
1576
1547
1586
1578
1580
1586
1545
1546
1548
1552
1590
1588
1550
1546
1550
1547
1598
1561
1542
1550
1593
1551
1542
1586
1545
1547
1546
1637
2359
1543
1553
1550
1546
1544
1548
1566
1553
1590
1585
2229
1583
1547
1548
1545
1563
1607
1554
1541
1546
1543
1581
1545
1552
1561
1552
1607
1553
1545
1554
1548
1626
1583
1552
1544
1555
1553
1546
1548
1597
1578
1582
1556
1552
1545
1541
1550
1598
1550
1578
1550
1546
1546
1546
1599
1544
1546
1576
1547
1543
1583
1543
1554
1543
1584
1554
1541
1559
1583
1554
1609
1553
1553
1541
1549
1578
1550
2202
1579
1550
1546
1541
1554
1580
1551
1542
1634
1545
1588
1543
1544
1641
1575
1550
1591
1546
1545
1584
1551
1553
1544
1591
1581
1552
1585
1548
1545
1556
1551
1671
1541
1550
1586
1605
1590
1549
1578
1545
1547
1550
1551
1541
1627
2252
1541
1554
1546
1564
1548
1559
1585
1548
1545
1547
1587
1571
1545
1546
1549
1548
1577
1599
1551
1545
1542
1562
1548
1551
1546
1555
1548
1590
1548
1550
1590
1552
1573
1552
1549
1545
1549
1544
1550
1543
1592
1590
1551
1550
1614
1584
1546
1546
1553
1600
1545
1546
1550
1546
1543
1594
1545
1595
1545
1589
1582
1544
1542
1552
1546
1590
1588
1554
1548
1546
1542
1553
1629
1551
1554
1558
1546
1563
1546
1547
1612
1552
1583
1549
1546
1596
1590
1560
1575
1549
1615
1557
1548
1546
1625
1542
1620
1548
1549
1604
1585
1552
1580
1549
1545
1588
1546
1619
1634
1580
1543
1551
1620
1544
1546
1547
1547
1545
1550
1550
1541
1544
1602
1544
1545
1581
1581
1550
1547
1552
1542
1588
1546
1547
1554
1577
1546
1546
1553
1584
1553
1542
1580
1545
1545
1545
1593
1585
1552
1581
1542
1546
1551
1541
1544
1589
1549
1586
1640
1559
1593
1574
1549
1584
1552
1593
1579
1548
1552
1584
1555
1547
1588
1611
1547
1550
1549
1552
1581
1590
1547
1552
1578
1577
1588
1547
1641
1732
1546
1595
1560
1548
1546
1552
1552
1580
2088
1550
1547
1546
1550
1547
1554
1552
1619
1545
1550
1636
1542
1544
1551
2882
1546
1554
1549
1550
1565
1551
1546
1555
1615
1546
1550
1558
1571
1542
1572
1548
1546
1541
1542
1543
1600
1542
1548
1545
1550
1550
1549
1551
1552
1553
1611
1550
1550
1634
1544
1550
1614
1542
1545
1549
1551
1594
1631
1599
1570
1545
1547
1619
1550
1552
1642
1545
1546
1552
1660
1555
1612
1544
1543
1593
1546
1550
1542
1551
1546
1542
1568
1615
1541
1558
1589
1549
1542
1547
1546
1552
1604
1580
1592
1627
1645
1548
1587
1581
1593
1548
1548
1547
1589
1545
1540
1588
1572
1549
1550
1592
1546
1612
1579
1595
1551
1549
1547
1552
1586
1595
1555
1546
1543
1551
1605
1581
1586
1570
1548
1552
1585
1549
1574
1548
1586
1585
1548
1551
1549
1556
1607
1552
1551
1588
1588
1543
1581
1549
1544
1542
1557
1548
1576
1597
1546
1547
1547
1555
1552
1579
2727
1547
1585
1554
1548
1549
1569
1581
1549
1592
1586
1545
1550
1549
1580
1578
1545
1545
1548
1548
1562
1553
1542
1545
1566
1547
1555
1549
1593
1601
1545
1575
1585
1549
1582
1551
1602
1544
1550
1546
1545
1544
2229
1632
1554
1545
1553
1541
1581
1555
1549
1552
1565
1588
1546
1590
1546
1588
1606
1543
1590
1550
1546
1701
1546
1548
1545
1547
1597
1550
1545
1590
1551
1545
1548
1545
1550
1542
1544
1600
1642
1546
1608
1545
1545
1552
1547
1548
1543
1548
1551
1550
1544
1549
1588
1552
1579
1565
1548
1551
1547
1556
1553
1555
1546
1549
1553
1542
1549
1720
1546
1574
1551
1541
1551
1544
1587
1585
1550
1546
1620
1542
1555
1547
1591
2620
1541
1551
1546
1548
1552
1546
1547
1547
1558
1554
1609
1640
1551
1548
1553
1546
1585
1551
1546
1566
1612
1549
1545
1542
1590
2112
1546
1556
1581
1547
1550
1555
1549
1551
1575
1553
1549
1573
1544
1634
1580
1540
1540
1554
1546
1591
1574
1547
1542
1644
1590
1551
1552
1545
1588
1547
1546
1640
1545
1597
1550
1542
1543
1546
1617
1542
1552
1581
1632
1543
1550
1546
1554
1585
1547
1543
1554
1547
1547
1543
1545
1551
1584
1546
1546
1542
1598
1549
1550
1589
1547
1545
1598
1550
1543
1623
1546
1546
1554
1545
1548
1553
1584
1598
1546
1542
1546
1553
1586
1594
1581
1545
1546
1686
1545
1577
1547
1546
1555
1551
1549
1547
1548
1590
1586
1545
1899
1584
1587
1544
1577
1551
1583
1545
1548
1550
1553
1546
1551
1552
1557
1561
1543
1546
1563
1551
1602
1601
1548
1548
1551
1547
1584
1550
1547
1551
1550
1549
1576
1554
1578
1584
1572
1550
1546
1569
1578
1549
1549
1545
1609
1556
1584
1544
1598
1549
1577
1544
1555
1589
2436
1552
1551
1545
1552
1551
1577
1552
1601
1586
1581
1547
1545
1548
1583
1553
1544
1541
1546
1548
1548
1548
1587
1552
1546
1548
1549
1545
1546
1550
1581
1559
1549
1550
1548
1547
1578
1586
1551
1573
1546
1547
1589
1547
1555
1570
1547
1585
1634
1549
1543
1584
1549
1610
1553
1583
1586
1548
1558
1552
1559
1583
1545
1584
1546
2447
1552
1550
1551
1550
1583
1547
1583
1543
1548
1549
1543
1561
1567
1545
1598
1546
1549
1545
1598
1595
1547
1541
1593
1544
1545
1546
1545
1551
1635
1555
1561
1546
1589
1546
1590
1551
1633
1556
1547
1546
1549
1588
1547
1541
1550
1547
1550
1547
1550
1550
1545
1550
1553
1591
1566
1546
1548
1548
1565
1556
1548
1591
1547
1559
1551
1547
1588
1548
1551
1591
1582
1546
1611
1547
1592
1547
1541
1545
1586
1544
1615
1546
1550
1575
1547
1544
1550
1545
1616
1555
1544
1555
2312
1614
1581
1587
1627
1551
1585
1542
1545
1583
1544
1549
1575
1547
1544
1551
1580
1561
1547
1550
1550
1707
1546
1573
1552
1555
1543
1546
1551
1545
1555
1548
1550
1550
1553
1550
1555
1546
1544
1544
1554
1563
1548
1550
1545
1587
1552
1631
1609
1594
1543
1550
1612
1554
1591
1630
1555
1585
1591
1555
1553
1619
1544
1554
1556
1551
1549
1547
1551
1546
1546
1547
1547
1546
1587
1547
1551
1583
1585
1587
1544
1550
1551
1546
1547
1621
1587
1549
1562
1553
2270
1554
1551
1586
1553
1589
1542
1544
1549
1553
1587
1548
1582
1547
1551
1583
1545
1548
1581
1549
1548
1582
1549
1549
1592
1547
1611
1547
1639
1546
1552
1552
1542
1542
1551
1600
1546
1584
1555
1546
1549
1548
2437
1544
1548
1550
1546
1568
1543
1548
1576
1556
1565
1543
1585
1549
1550
1545
1547
1543
1644
1579
1545
1546
1551
1549
1578
2117
1643
1546
1546
1552
1549
1586
1587
1555
1602
1558
1551
1552
1548
1639
1553
1546
1545
1549
1636
1581
1580
1551
1550
1543
1546
1544
1549
1553
1593
1584
1545
1587
1547
1576
1579
1585
1547
1550
1577
1588
1545
1609
1546
1550
1550
1596
1550
1625
1547
1549
1547
1548
1547
1588
1550
1589
1586
1587
1545
1546
1551
1584
1557
1584
1545
1542
1545
1616
1551
1552
1569
1546
1546
1581
1549
1549
1544
1551
1581
1610
1551
1546
1550
1549
1552
1590
1593
1549
1590
1594
1570
1544
1558
1547
1592
1541
1546
1548
1586
1590
1609
1556
1552
1553
1558
1546
1545
1547
1577
1552
1631
1545
1689
1548
1590
1545
1596
1557
1543
1552
1580
1546
1549
1546
1548
1552
1582
1547
1553
1554
1550
1550
1543
2072
1550
1549
1551
1580
1554
1547
1588
1634
1544
1596
1552
1543
1542
1543
1547
1557
1584
2040
1549
1606
1591
1619
1545
1546
1552
1566
1589
1556
1553
1549
1586
1574
1585
1544
1551
1584
1551
1546
3092
1555
1545
1545
1546
1548
1591
1542
1547
1549
1544
1544
1545
1550
1586
1552
1542
1546
1550
1581
1552
1601
1550
1588
1582
1597
1546
1550
1545
1549
1546
1571
1541
1582
1551
1548
1546
1545
1589
1587
1545
1551
1559
1549
1550
1542
1550
1552
1552
1588
1552
1546
1544
1589
1548
1584
1554
2825
1598
1547
1577
1542
1549
1606
1552
1580
1550
1585
1638
1552
1595
1555
1628
1547
1545
1545
1554
1546
1543
1556
1582
1584
1547
1598
1549
1591
1545
1616
1633
1542
1549
1550
1554
1603
1551
1583
1590
1542
1616
1550
1587
1556
1587
1546
1588
1547
1548
1541
1547
1547
1590
1577
1578
1589
1584
1584
1544
1556
1552
1553
1639
1545
1546
1550
1545
1592
1553
1555
1585
1546
1544
1549
1550
1554
1564
1553
1597
2264
1549
1554
1624
1545
1550
1598
1602
1549
1546
1585
1542
1548
1580
1546
1542
1546
1553
1546
1550
1546
1553
1596
1621
1544
1548
1541
1550
1584
1545
1545
1547
1547
1546
1546
1549
1547
1553
1579
2259
1546
1544
1546
2014
1550
1546
1588
1551
1593
1609
1542
1636
1586
1580
1578
1551
1550
1541
1548
1547
1555
1548
1546
1592
1547
1556
1547
1544
1578
1547
1588
1610
1542
1637
1586
1549
1543
1574
1584
1555
1593
1547
1550
1553
1589
1547
1588
1550
1545
1557
1543
1984
1597
1549
1573
1585
1544
1570
1549
1586
1583
1550
1580
1581
1713
1586
1542
1547
1551
1547
1546
1550
1550
1546
1577
1546
1551
1581
1550
1548
1541
1542
1550
1635
1552
1551
1544
1588
1549
1606
1544
1549
1553
1551
1576
1577
1545
1585
1547
1546
1546
1584
1550
1545
1545
1586
1547
1578
1548
1587
1554
1572
1546
1550
1590
1602
1548
1542
1547
1581
1541
1569
1550
1586
1585
1547
1549
1546
1546
1547
1549
1546
1578
1551
1546
1548
1547
1574
1576
1547
1586
1545
1589
1552
1550
1547
1546
1554
1586
1580
1549
1549
1572
1551
1545
1552
1547
1549
1700
1617
1601
1553
1567
1554
1589
1591
1675
1545
1550
1552
1547
1590
1577
1601
3677
1546
1549
1590
1549
1551
1595
1643
1543
1547
1651
1548
1576
1547
1549
1546
1551
1591
1549
1619
1544
1548
1554
1543
1551
1551
1547
1554
1591
1545
1550
1541
1546
3850
1583
1547
1562
1581
1549
1547
1600
1542
1564
1593
1559
1545
1992
1550
1551
1550
1550
1589
1546
1547
1547
1547
1611
1545
2131
1582
1553
1547
1552
1574
1547
1587
1547
1579
1554
2760
1586
1542
1549
1556
1545
1549
1549
1554
1547
1588
1613
1590
1545
1551
1614
1546
1549
1604
1607
1548
1547
1549
1545
1545
1555
1549
1561
1546
1576
1549
1582
1550
1554
1545
1573
1547
1609
1551
1545
1583
1585
1555
1553
1547
1545
1648
1541
1541
1579
1584
1608
1549
1547
1571
1554
1553
1543
1546
1547
1546
1546
1555
1546
1553
1547
1583
1544
1549
1550
1580
1548
1548
1551
1588
1555
1584
1545
1546
1627
1554
1544
1545
1553
1551
1550
1592
1581
1562
1560
1550
1552
1600
1592
1546
1550
1547
1597
1552
1550
1553
1606
1545
1573
2237
1544
1586
1549
1553
1599
1548
1592
1637
1597
1546
1550
1547
1554
1595
2740
1603
1546
1557
1600
1585
1575
1580
1636
1652
1550
1590
1547
1547
1555
1549
1547
1588
1545
1547
1548
1623
1545
1544
1553
1579
1550
1541
1546
1553
1546
1546
1542
1552
1548
1547
1582
1586
1585
1579
1631
1637
1550
1588
1559
1547
1554
1547
1548
1541
1554
1614
1550
1582
1580
1550
1587
1546
1548
1549
1587
1546
1639
1543
1610
1559
1590
1545
1544
1588
1550
1542
1548
1543
1645
1545
1587
1553
1557
1553
1559
1594
1553
1579
1601
1564
1551
1584
1613
1559
1550
1550
1548
1580
1564
1551
1553
1584
1545
1584
1544
1592
1547
1549
1553
1551
1554
1544
1585
1551
1546
1629
1552
1658
1545
1553
1546
1559
1587
1553
1612
1549
1586
1555
1556
2144
1555
1625
1548
1545
1545
1549
1547
1552
1552
1545
1591
1591
1586
1549
1589
1548
1546
1547
1542
1543
1550
1546
1541
1548
1544
1548
1555
1543
1609
1610
2762
1587
1548
1545
1546
1548
1546
1587
1558
1550
2249
1575
1547
1593
1559
1552
1590
1557
1550
1545
1549
1549
1601
1583
1552
1547
1590
1594
1595
1583
1542
1544
1550
1590
1552
1553
1546
1551
1553
1553
1583
1548
1589
1541
1544
1573
1551
1551
2100
1552
1548
1569
1590
1553
1553
1555
1580
1549
1540
1550
1550
1589
1551
1592
1544
1545
1555
1542
1576
1551
1545
1588
1550
1549
1989
1606
1630
1546
1548
1552
1570
1578
1549
1588
1547
1578
1546
1607
1557
1544
1632
1548
1881
1552
1549
1560
1551
1553
1554
1548
1645
1551
1583
1541
1579
1544
1553
1542
1553
1593
1555
1593
1545
2193
1598
1604
1626
1604
1548
1592
1589
1579
1552
1592
1551
1576
1546
1561
1545
1547
1589
1549
1545
1549
1546
1552
1552
1603
1555
1545
1546
1545
1546
1545
1554
1547
1543
1582
1545
1970
1567
1550
1549
1545
1616
1542
1583
1551
1623
1551
1550
1541
1550
1545
1648
1550
1579
