242
241
241
261
241
242
237
242
255
241
243
242
242
252
238
251
242
238
245
243
242
257
242
246
242
241
246
242
242
242
242
245
242
245
242
242
288
253
251
253
244
241
241
242
241
252
242
243
245
242
242
248
252
241
241
652
258
253
245
256
237
241
245
242
242
293
294
241
242
242
241
257
256
255
242
256
245
242
245
242
242
251
417
242
237
241
241
242
242
245
241
242
242
294
241
243
245
241
241
242
242
241
242
242
241
242
242
257
275
238
242
242
252
242
242
295
245
245
297
242
242
242
242
386
252
242
289
252
242
291
254
246
250
254
241
241
242
241
254
242
242
245
241
548
241
242
242
241
242
293
242
242
262
242
294
241
242
241
242
302
242
242
242
241
252
241
241
252
252
242
242
242
242
247
241
242
253
242
241
242
242
242
243
249
242
242
242
242
242
241
246
242
241
241
253
553
503
241
256
253
278
245
242
242
335
243
257
241
596
252
252
241
242
254
242
242
242
252
246
242
242
241
242
242
252
253
242
242
241
242
242
293
243
242
242
241
242
254
241
246
242
242
242
241
242
242
241
253
242
252
242
253
246
246
241
253
242
255
241
252
297
241
238
241
242
243
242
242
252
254
593
242
565
241
301
242
242
241
242
242
253
262
245
242
255
242
242
255
242
242
242
298
242
242
242
241
241
253
249
241
243
242
238
253
245
295
296
242
250
245
241
245
241
242
241
241
242
242
267
241
250
245
242
241
252
245
243
252
241
242
241
241
242
252
256
241
242
242
241
431
254
242
245
284
242
241
242
241
251
253
241
241
251
291
241
242
242
242
245
242
242
246
242
242
242
245
241
242
256
242
243
241
253
242
242
242
242
241
241
238
252
242
243
242
247
253
246
242
242
241
708
309
242
253
241
238
241
241
242
253
242
242
252
245
242
242
242
242
245
241
242
242
257
242
246
242
241
242
245
242
242
242
244
315
256
241
257
263
606
477
242
238
251
248
242
242
242
241
242
242
242
242
242
241
242
257
242
254
253
249
241
242
242
245
242
250
241
253
246
242
251
242
246
241
254
260
242
241
241
241
241
241
252
253
241
242
246
257
242
242
253
251
246
241
245
242
242
254
243
242
242
241
243
250
241
255
242
242
248
242
253
242
242
241
292
241
241
254
242
250
241
243
254
242
251
291
252
355
241
244
242
241
242
253
241
253
241
242
253
241
241
242
241
243
247
309
262
251
242
257
254
256
242
242
242
242
246
251
241
256
241
243
245
241
245
241
242
242
253
241
242
245
254
242
245
242
242
253
242
241
254
255
242
252
242
241
246
241
241
689
241
242
242
242
237
241
242
245
298
298
242
242
242
241
242
245
253
241
242
254
240
253
241
242
242
246
252
241
254
243
322
255
242
242
246
255
242
241
241
242
241
242
242
242
245
242
255
243
332
253
242
252
241
242
242
241
241
241
241
253
245
257
251
242
293
242
252
254
241
242
242
242
241
253
254
242
242
245
242
242
241
242
259
261
242
335
245
242
558
243
349
241
241
241
242
241
250
242
243
252
245
242
242
253
242
241
242
273
242
242
252
256
241
241
259
254
241
242
242
241
242
246
241
241
245
246
241
242
243
242
242
254
289
241
245
242
242
319
242
242
238
242
242
301
251
253
242
245
241
295
241
242
241
253
242
242
241
261
245
245
688
245
242
242
242
245
251
242
242
446
241
242
242
311
237
241
242
241
242
242
242
246
242
241
241
242
305
240
245
253
242
243
243
241
241
242
241
242
242
291
242
242
246
253
241
241
241
243
255
242
242
241
242
245
252
241
242
242
253
241
241
241
242
242
245
278
254
242
241
242
251
242
242
242
701
242
242
242
290
242
242
245
242
244
243
245
240
258
241
574
242
242
253
241
252
242
246
252
245
256
253
256
242
241
241
242
241
241
245
242
242
350
242
242
242
241
241
706
298
242
241
242
242
241
242
241
242
242
241
241
242
254
251
242
246
242
245
252
241
293
278
242
241
246
241
241
242
294
252
242
242
253
243
251
242
254
242
259
245
254
243
256
245
241
242
253
242
254
262
257
245
242
242
254
258
242
242
242
242
242
245
242
284
313
241
242
242
242
242
245
241
253
241
241
252
245
241
242
242
242
241
242
242
241
246
249
242
242
241
246
243
241
241
250
253
245
246
241
242
299
241
241
253
242
243
254
392
241
241
242
245
242
242
242
242
250
243
250
242
242
242
242
241
245
241
261
243
241
242
245
258
242
241
252
242
241
242
249
242
242
631
241
246
242
242
246
260
242
242
242
255
342
256
258
242
306
245
242
242
241
241
242
245
250
242
705
245
252
241
241
259
242
257
241
241
654
241
241
242
242
252
245
254
253
241
242
242
241
241
256
242
246
300
242
245
335
242
242
242
243
245
241
252
242
242
241
242
253
253
242
248
241
253
304
242
253
242
241
253
293
252
241
242
242
245
242
381
251
242
242
242
242
240
242
242
241
241
242
242
242
273
423
252
252
241
242
241
242
295
242
238
242
263
242
245
246
242
242
241
242
245
242
242
246
253
258
295
260
242
242
242
289
242
289
242
242
242
251
255
242
242
241
253
241
242
242
243
242
241
253
243
242
253
302
241
242
241
241
253
253
242
317
253
241
241
242
252
245
242
252
242
253
242
244
242
242
242
241
241
242
425
242
298
297
246
245
293
297
242
241
242
245
242
242
242
242
242
254
242
242
241
241
242
242
241
245
242
297
238
241
242
242
242
238
242
242
241
245
242
242
241
256
242
242
242
242
241
253
242
242
241
253
293
242
242
241
241
249
241
242
241
291
242
243
244
242
260
241
243
250
254
241
242
241
241
252
242
290
252
242
242
242
294
254
242
257
241
362
241
241
242
242
241
242
242
243
245
253
242
254
255
253
260
250
241
290
242
242
246
246
259
242
242
242
253
242
241
241
241
242
242
241
242
242
242
242
294
251
241
297
251
241
241
252
241
242
237
253
241
252
242
243
243
242
295
242
243
241
241
266
242
242
251
246
257
242
584
252
305
241
253
242
241
242
242
254
299
242
254
295
241
241
242
241
246
242
241
241
242
253
242
242
252
242
243
242
253
242
252
241
242
241
245
241
242
242
242
242
241
253
242
252
280
252
256
253
251
242
246
241
242
242
242
241
242
241
241
242
296
304
295
241
241
242
299
259
242
245
242
242
242
245
254
241
242
242
245
294
242
258
241
242
273
348
256
242
251
241
242
241
242
242
242
246
242
246
242
241
242
245
242
245
246
555
242
253
242
242
242
242
246
242
251
241
241
246
242
242
242
242
242
251
242
288
240
241
243
242
255
237
237
237
242
252
241
241
242
242
241
241
296
243
246
242
243
241
243
249
293
241
241
252
241
242
242
241
242
242
242
259
242
255
241
287
251
242
291
244
245
243
242
241
242
242
242
242
242
241
243
241
241
242
241
242
242
242
242
242
242
258
242
242
241
242
245
242
242
250
301
238
241
242
241
290
242
242
241
257
254
242
242
242
241
245
241
242
242
241
245
242
252
241
241
242
241
241
295
245
248
241
253
242
241
242
254
244
242
242
245
242
241
254
242
253
241
241
242
458
260
253
242
242
242
242
241
241
290
343
257
242
237
241
242
242
242
242
245
496
255
241
368
241
242
242
251
242
245
429
242
242
242
246
242
242
242
242
242
297
241
295
330
253
252
242
238
242
308
242
242
245
242
242
298
241
241
241
260
242
242
241
241
254
242
242
242
246
293
242
254
237
242
255
252
242
242
242
242
241
252
244
241
242
242
245
242
241
242
288
242
242
241
241
242
246
252
288
241
253
242
241
242
242
242
241
289
253
291
242
252
258
242
242
243
242
254
253
241
428
244
241
331
241
241
241
253
242
241
241
241
242
241
241
241
241
241
243
252
242
242
253
435
242
242
242
554
241
251
241
252
253
245
252
242
241
242
245
242
245
241
241
299
298
243
242
242
250
245
242
242
241
253
241
242
241
257
242
241
241
251
241
252
294
241
241
246
242
258
242
242
242
241
246
242
241
241
684
241
242
242
241
243
242
242
253
241
242
242
242
242
252
292
241
249
254
237
254
242
242
242
242
246
242
242
251
241
242
253
242
290
254
242
260
254
253
242
242
242
242
242
241
242
242
242
298
241
253
253
253
242
294
242
297
293
241
251
520
242
242
257
253
253
240
241
241
242
245
242
377
242
689
252
242
293
242
241
241
245
689
255
252
246
242
294
242
242
242
242
246
241
242
245
258
248
245
242
242
242
244
241
241
244
241
241
246
243
241
243
242
253
262
255
242
241
242
251
241
252
241
246
252
242
241
242
241
241
243
242
242
242
242
253
242
245
242
242
242
241
289
688
253
242
241
241
241
242
241
254
253
255
253
242
241
242
254
242
242
241
546
242
242
242
259
242
241
242
243
253
245
241
242
242
254
241
242
239
242
242
241
241
459
241
241
251
245
242
242
241
241
242
360
242
253
254
237
245
242
242
265
294
238
242
242
242
253
242
242
242
251
242
292
242
241
241
242
242
241
298
241
238
244
245
241
556
242
253
242
241
252
241
241
256
297
242
242
242
268
252
269
321
241
241
291
251
250
255
241
255
245
257
564
246
242
242
243
242
244
241
242
254
244
242
241
242
242
241
242
242
241
241
242
250
242
242
340
241
241
237
251
242
242
241
241
241
242
242
268
242
241
241
241
258
241
241
241
617
250
242
242
256
241
242
241
242
242
241
255
241
253
253
242
242
252
300
242
300
242
242
242
242
250
257
241
242
241
242
241
245
258
450
241
330
242
241
242
242
303
253
242
242
241
241
241
242
242
242
258
242
252
241
241
242
241
241
242
241
241
261
688
241
242
251
268
253
242
251
241
319
242
245
255
245
520
242
252
241
254
242
242
241
240
241
248
250
242
242
288
242
242
271
264
242
241
242
246
241
252
251
552
242
242
253
254
242
242
245
241
256
242
252
241
302
242
254
241
260
241
251
242
242
251
241
241
241
242
254
253
241
241
245
242
241
238
329
242
242
237
242
253
252
242
241
245
242
242
241
710
242
253
242
245
241
252
242
254
242
242
242
242
241
243
252
242
407
242
346
241
252
251
267
251
241
241
570
242
242
256
241
242
456
243
241
241
242
242
242
241
252
241
242
293
242
296
251
242
242
241
241
246
246
281
254
294
238
242
251
284
242
242
251
242
242
241
241
242
252
243
241
242
242
688
254
245
241
241
245
689
711
241
242
241
545
241
242
252
284
255
241
253
241
246
242
242
251
241
242
253
251
242
242
242
241
252
252
242
252
252
242
241
241
245
241
1325
242
255
242
241
244
242
253
241
245
245
297
241
242
246
242
242
242
241
241
242
242
242
241
242
242
242
242
241
242
241
245
242
241
257
241
242
256
245
245
290
257
242
242
254
246
245
242
242
241
241
242
241
253
242
245
253
241
241
242
241
241
257
242
242
241
242
242
242
242
253
308
241
242
254
292
252
241
249
241
245
246
241
242
242
242
245
242
242
242
242
241
242
246
242
242
251
257
254
246
242
241
242
253
256
250
253
237
242
252
242
242
241
241
246
242
242
242
242
241
242
242
690
242
249
242
253
241
249
258
242
242
241
242
252
246
246
245
242
241
237
243
241
253
242
242
242
246
243
242
241
242
252
292
294
242
242
241
241
242
242
252
254
242
242
242
242
252
241
241
241
244
242
241
256
242
289
241
241
252
279
242
242
242
253
242
242
255
242
242
241
291
256
242
287
248
245
689
296
242
241
242
246
241
242
242
242
241
241
242
241
241
242
238
251
248
241
241
242
241
302
242
241
241
241
241
254
241
305
241
242
246
249
292
253
252
244
242
717
241
245
242
295
251
241
551
242
245
243
252
242
242
242
241
245
242
300
250
289
242
242
684
241
242
255
245
261
242
242
242
241
253
257
242
242
242
246
241
245
250
241
241
242
241
241
245
241
256
238
242
242
250
241
248
293
241
242
242
242
258
242
255
253
242
252
241
245
242
258
242
293
242
242
242
243
252
245
241
254
242
242
241
242
241
241
241
242
252
241
242
241
311
242
252
245
242
242
241
241
242
242
265
242
296
242
253
251
241
242
253
241
241
241
241
242
655
253
251
242
242
245
242
241
250
245
251
238
244
242
242
241
242
241
244
241
250
242
242
250
241
242
242
252
242
294
242
252
242
241
684
252
253
241
241
252
242
241
242
252
241
242
242
254
245
242
241
560
242
241
242
241
242
241
251
241
243
293
242
254
241
253
241
246
241
245
296
254
241
252
302
253
242
254
242
242
241
253
241
243
241
241
245
241
245
242
245
242
248
243
242
258
242
253
241
242
242
242
242
245
242
237
242
241
245
242
253
241
242
241
241
293
241
241
243
242
242
246
242
242
242
253
242
242
241
243
242
317
242
249
241
242
246
242
246
242
242
241
241
246
292
241
291
242
241
241
242
242
241
251
244
242
245
242
241
242
241
245
242
242
241
242
253
479
246
242
258
245
242
241
241
242
297
242
246
241
241
245
242
242
241
244
256
241
253
242
252
251
243
242
249
245
242
248
255
261
242
242
242
292
246
242
241
245
260
250
241
245
253
259
241
242
253
253
242
242
254
253
242
245
255
241
242
254
242
241
241
251
242
326
252
322
251
242
242
242
241
242
242
252
245
242
242
242
242
242
237
242
252
242
251
241
241
252
242
258
242
297
251
253
242
241
242
260
321
242
252
242
252
242
242
242
261
255
242
242
245
258
242
240
242
242
241
249
253
242
253
242
252
253
253
241
242
241
241
252
241
242
242
241
242
241
241
242
242
242
241
242
242
254
251
242
241
260
253
260
242
241
242
256
245
241
668
246
241
242
250
242
242
237
238
245
241
241
285
242
242
241
292
241
242
241
250
241
246
242
258
241
249
242
242
242
359
242
241
242
242
242
242
242
241
241
502
250
242
241
241
242
253
242
241
288
242
242
251
290
241
245
241
242
241
259
242
241
242
254
242
256
241
237
245
241
252
242
242
254
242
241
242
247
252
291
245
246
241
242
242
242
245
241
297
254
242
242
253
242
252
242
242
241
241
241
252
242
241
245
241
241
241
241
242
242
248
241
241
242
253
242
245
238
289
242
241
242
238
242
287
242
242
241
244
242
241
242
256
244
246
252
245
241
241
242
241
249
245
246
241
242
241
242
241
245
257
242
322
241
243
253
242
299
296
251
698
241
257
241
245
253
246
243
241
241
242
251
242
241
242
244
258
242
242
242
242
252
251
248
252
243
241
242
253
242
241
299
253
245
292
241
242
242
290
241
242
241
245
244
689
245
242
242
242
242
242
241
251
242
242
242
242
249
241
253
242
242
242
241
241
242
241
242
247
242
252
245
242
252
256
243
241
242
242
242
256
242
241
241
245
242
269
242
241
242
253
245
242
262
254
242
257
253
242
241
242
242
245
242
242
242
242
254
242
242
242
324
242
241
241
256
242
288
242
242
241
241
242
242
241
242
252
242
245
241
303
242
242
242
316
254
253
246
245
241
254
254
242
242
241
242
242
241
241
242
241
243
254
254
242
244
245
242
253
242
242
241
287
242
241
241
242
242
242
245
241
241
241
257
242
241
255
243
292
241
252
242
242
248
242
242
242
241
241
242
242
242
242
279
242
254
299
241
253
242
243
242
241
241
241
708
241
259
242
295
305
241
242
242
242
252
242
333
298
241
241
242
241
253
241
242
255
241
242
241
241
297
242
242
309
253
242
252
241
254
241
242
253
258
242
242
241
255
253
253
241
257
241
263
242
290
241
241
242
255
242
259
243
660
309
241
251
242
237
245
242
242
242
293
245
241
245
241
242
244
241
245
242
253
245
242
242
251
300
242
241
254
252
242
242
241
242
242
245
242
241
241
242
252
242
242
253
241
242
252
293
241
242
242
242
261
421
248
241
241
241
242
547
244
242
253
242
242
241
241
241
241
242
241
241
253
242
242
242
242
241
253
243
256
242
393
256
256
242
242
242
242
242
241
242
242
242
242
253
242
242
242
242
256
256
242
245
242
241
245
242
237
241
242
242
244
241
241
242
246
242
241
253
254
316
325
253
251
315
257
245
242
286
244
257
241
242
246
241
241
260
241
242
242
241
241
242
242
242
242
241
242
242
241
241
241
242
255
257
303
256
241
241
252
241
241
242
251
246
242
258
241
241
241
242
238
241
253
242
242
241
241
253
242
242
241
241
260
242
241
241
252
253
256
241
252
242
241
242
241
245
242
242
244
259
241
252
244
242
241
252
245
306
253
241
242
241
238
241
252
242
243
241
242
242
252
252
241
242
253
241
242
248
242
241
416
256
262
242
242
245
242
242
242
290
241
241
251
241
301
242
245
241
290
251
242
250
253
238
242
242
242
245
292
245
241
256
250
242
251
253
253
244
258
241
241
242
303
246
575
245
241
276
252
246
250
242
242
241
242
236
250
241
242
246
297
255
298
242
242
242
242
253
254
325
242
253
289
241
241
242
241
242
242
245
241
241
370
241
242
290
241
241
242
241
258
242
252
242
241
237
242
242
242
253
256
241
242
241
242
241
246
254
242
585
253
241
252
242
242
241
255
253
242
242
242
253
242
242
243
258
242
242
242
241
241
242
246
254
246
254
242
242
250
242
244
236
242
242
242
248
241
241
241
242
242
250
245
243
254
251
242
241
241
254
242
242
243
241
242
242
242
241
241
254
253
256
242
253
245
258
242
241
242
251
242
253
242
242
253
248
242
242
244
269
242
241
241
244
250
245
242
242
241
242
241
258
242
241
295
272
253
241
242
254
242
246
241
251
242
242
251
250
242
242
242
242
242
241
242
252
245
298
242
290
241
241
254
241
242
252
242
242
242
242
554
241
241
241
549
242
254
573
242
242
253
242
242
242
241
242
241
242
245
248
242
241
704
241
245
252
245
260
253
253
242
258
242
250
251
252
242
242
254
242
253
242
241
241
289
251
242
253
241
295
242
237
242
304
241
254
242
242
298
246
252
245
241
241
245
241
241
688
254
242
242
310
310
252
241
242
246
252
242
245
242
246
241
241
242
241
242
295
242
253
244
242
242
242
242
245
241
236
245
536
242
242
241
246
242
241
241
242
241
242
241
253
249
241
242
242
242
241
256
242
242
248
242
250
253
242
243
