171
186
186
173
168
172
176
189
166
181
262
170
170
172
170
169
172
170
172
174
171
170
256
171
170
178
379
172
170
166
171
171
171
166
173
172
171
246
170
173
178
174
173
182
171
185
170
173
170
181
166
184
237
175
181
260
170
172
168
176
170
172
166
172
172
173
171
172
172
178
173
173
171
172
172
172
170
188
171
170
176
170
182
171
180
185
184
170
171
172
171
230
222
170
174
173
171
172
170
171
170
170
172
172
170
171
174
187
170
170
306
172
170
171
174
166
170
176
170
173
176
172
172
173
649
171
239
173
170
488
170
171
171
179
187
170
173
172
172
172
171
174
175
166
172
174
179
170
172
171
170
170
172
172
254
173
176
171
176
171
170
172
172
171
180
172
172
171
170
174
172
170
171
173
172
171
232
181
172
165
172
171
172
172
173
171
171
183
172
172
192
172
173
171
174
173
173
171
171
170
172
172
170
171
168
181
183
229
173
237
171
170
177
170
172
174
170
171
170
172
171
177
171
179
171
168
172
183
172
172
169
173
172
170
180
171
171
172
170
173
173
170
176
171
173
172
173
170
172
170
170
172
182
171
171
172
185
171
172
172
170
170
171
170
165
172
171
183
177
178
179
170
429
170
172
201
172
184
170
170
172
170
178
172
172
171
176
174
170
255
171
172
170
171
172
269
172
171
173
171
171
172
170
172
405
171
171
170
172
172
170
483
182
172
173
177
170
171
171
167
182
171
170
173
172
498
168
173
179
172
170
172
171
172
170
182
172
172
171
172
172
172
170
241
171
171
170
180
170
173
183
172
173
172
184
171
172
171
170
187
166
174
172
173
173
174
269
172
171
172
182
171
173
172
175
181
171
390
222
172
170
172
170
182
172
171
170
181
170
172
171
170
172
176
172
173
175
173
172
185
170
172
173
171
170
182
171
170
176
172
172
172
172
172
190
171
170
171
172
186
172
407
174
180
173
173
172
184
171
170
166
172
171
184
171
171
172
171
168
171
172
173
172
173
184
173
170
501
170
183
195
170
173
170
170
171
172
182
170
171
174
172
173
172
170
181
184
171
172
171
171
172
170
171
171
171
171
227
170
170
173
172
170
171
170
170
215
175
172
170
171
172
170
174
175
382
200
170
170
181
173
170
170
178
171
174
172
172
171
170
172
172
170
170
183
172
170
172
171
171
171
174
172
306
171
183
171
170
172
171
172
184
171
171
170
171
170
176
171
170
166
172
181
173
172
173
170
170
171
172
181
172
174
172
182
172
176
180
172
489
177
236
170
180
170
171
170
243
171
177
224
172
183
170
172
170
183
172
170
172
173
179
172
181
170
176
173
173
381
172
172
172
172
266
172
176
172
170
171
171
171
171
167
173
173
172
179
171
173
396
171
170
182
172
170
180
173
171
170
180
173
174
170
170
170
171
170
170
177
171
171
183
171
170
180
172
174
172
174
172
170
180
170
175
170
181
170
172
172
233
171
171
220
171
171
183
170
170
172
171
214
170
170
173
172
235
173
170
172
170
183
173
172
177
172
172
172
171
182
171
172
170
170
178
171
173
171
173
173
170
171
172
173
172
170
170
188
311
171
172
172
171
171
172
171
172
170
170
172
170
174
186
173
176
170
174
172
172
187
170
173
181
170
234
173
170
230
172
175
172
257
236
172
170
173
173
171
171
180
173
170
174
174
262
172
267
182
260
171
166
180
170
178
175
236
170
171
181
172
171
170
166
172
171
174
171
171
166
166
170
174
171
174
173
172
172
170
172
226
182
171
174
176
173
170
171
172
172
170
171
173
170
172
170
177
171
172
171
173
170
235
171
170
172
184
181
170
247
172
171
166
236
173
172
170
172
177
173
172
176
171
170
168
172
217
172
172
184
228
172
172
178
182
171
171
171
170
172
182
170
359
170
172
166
170
171
236
181
177
174
171
170
175
170
192
172
170
172
176
171
170
176
171
172
173
177
170
389
172
177
180
184
181
172
170
170
172
172
177
180
171
173
171
173
172
189
171
261
171
172
172
170
171
171
176
171
166
182
188
194
172
171
172
170
166
172
171
186
178
171
174
171
178
234
173
172
226
171
171
171
171
171
170
173
186
173
170
173
172
172
268
174
171
170
218
170
170
173
171
173
171
259
170
173
198
170
245
171
170
171
172
172
178
178
171
172
171
171
170
224
172
171
173
187
172
170
172
173
170
172
174
184
172
172
172
171
175
172
173
170
170
173
170
181
172
172
173
172
171
170
170
172
172
172
196
173
172
170
182
177
236
172
172
171
171
172
172
172
251
177
170
173
180
170
171
174
173
170
170
170
170
171
224
172
170
173
170
170
174
172
171
171
171
170
182
170
167
172
172
176
171
175
185
172
177
174
171
173
172
172
166
171
171
170
172
172
170
170
174
174
170
172
170
482
183
171
172
243
170
175
173
172
167
176
170
174
170
172
170
172
172
195
186
184
170
171
170
172
172
171
171
176
172
174
181
182
170
171
184
171
172
172
182
173
170
177
170
178
173
172
182
187
171
172
174
182
173
170
171
170
173
223
171
173
172
185
173
166
171
176
170
171
173
171
171
171
170
170
170
171
170
170
178
173
172
171
178
172
170
227
171
172
170
171
180
221
176
170
172
171
176
172
170
230
170
174
172
172
172
168
182
170
174
182
173
172
172
176
171
165
173
172
172
173
359
173
171
171
176
170
170
174
171
173
171
172
170
170
172
170
240
172
170
172
171
170
173
171
173
171
172
171
170
184
173
170
222
183
172
308
190
170
172
172
173
170
171
173
170
171
173
177
177
174
171
172
172
172
171
173
180
330
172
171
173
170
172
172
174
171
172
171
181
172
170
173
171
170
171
171
170
236
176
173
180
171
171
171
170
179
170
171
170
170
178
176
173
173
176
171
170
174
171
172
170
171
184
173
172
232
172
170
168
225
172
176
170
172
171
171
171
496
170
172
170
170
171
171
172
171
176
173
404
171
170
172
171
170
172
170
183
172
171
172
173
171
183
178
172
172
181
171
170
173
171
173
184
244
170
171
175
170
176
182
171
170
183
172
171
170
170
172
175
176
172
170
172
172
173
172
173
170
171
173
171
176
178
173
170
172
173
172
173
170
175
170
171
173
170
281
172
217
171
381
184
173
172
176
170
174
171
173
171
173
173
172
173
172
179
178
179
172
170
171
176
172
182
170
171
170
177
172
181
172
172
170
172
171
172
174
170
171
176
173
171
175
172
166
239
183
176
170
250
176
187
172
170
172
172
176
171
171
218
266
172
172
170
170
170
182
172
171
172
172
172
172
181
172
172
233
170
171
173
174
175
172
171
172
179
172
182
231
172
183
173
172
182
185
170
175
176
171
236
171
170
173
249
170
171
172
184
170
186
172
171
173
171
172
171
173
176
172
173
173
175
172
170
172
182
172
171
488
170
175
180
171
170
172
176
171
172
174
175
218
177
183
172
172
239
173
184
178
169
175
172
170
242
172
172
172
263
176
172
171
183
173
170
171
172
238
174
189
170
170
171
171
172
170
172
234
170
176
172
172
165
176
171
171
172
171
170
170
170
182
172
176
172
171
174
172
172
170
170
166
483
170
175
173
169
172
178
238
172
186
171
170
170
171
246
172
170
508
172
172
172
171
170
171
182
178
173
170
171
172
171
170
184
174
171
172
184
170
230
183
171
172
171
172
234
172
171
175
183
171
171
173
170
181
179
171
170
170
233
171
171
172
172
180
171
170
178
172
172
173
171
173
173
170
172
180
171
335
170
171
175
173
182
171
171
170
180
172
515
170
171
170
172
179
170
170
172
264
171
181
173
170
170
171
171
171
166
172
170
171
172
172
172
171
179
182
170
171
173
186
170
172
172
172
172
171
172
229
170
173
225
176
181
170
170
170
176
171
171
173
170
170
172
183
172
171
173
171
173
171
189
180
170
173
172
171
172
173
170
168
172
182
172
183
172
173
170
238
174
170
176
170
172
179
265
235
171
173
170
176
180
172
173
170
171
173
172
172
171
220
172
171
183
166
173
175
172
172
170
174
170
170
172
170
171
171
171
177
172
170
171
175
172
175
172
172
173
176
170
171
502
170
172
182
173
172
166
173
171
172
183
171
173
171
173
178
173
182
170
177
171
217
173
172
181
172
182
171
173
179
175
177
172
171
185
172
172
174
173
172
172
183
181
173
179
170
172
170
170
170
173
171
170
172
487
171
172
183
176
173
487
173
175
172
171
234
172
181
172
170
170
172
172
168
172
230
172
170
170
172
188
174
172
172
182
172
180
170
176
172
172
170
170
176
173
234
172
172
172
171
170
172
174
172
172
170
172
171
172
172
170
172
168
171
176
171
170
265
170
182
182
172
172
182
172
168
232
172
171
175
172
172
171
183
171
181
174
172
173
183
173
237
170
176
174
170
172
170
172
172
171
173
173
173
172
170
170
170
185
173
183
170
181
171
172
174
178
172
178
166
176
172
172
172
171
173
171
180
173
187
171
171
170
174
172
172
178
180
267
223
176
185
232
170
180
170
170
170
171
177
171
171
172
171
170
171
171
171
177
171
173
172
173
173
172
234
171
172
186
171
171
172
172
172
177
172
171
173
172
172
176
188
172
172
173
171
181
175
173
171
172
172
173
171
229
175
179
174
173
182
170
170
171
170
173
226
174
170
172
181
172
172
180
170
173
172
171
174
171
171
172
170
391
172
172
172
170
242
186
180
172
182
186
173
171
173
174
170
173
173
172
170
172
172
174
172
185
171
172
192
172
170
173
171
174
172
172
172
171
172
172
172
171
170
172
239
176
178
172
172
171
181
172
184
184
172
170
188
172
172
171
171
172
174
184
187
174
172
182
172
170
176
172
170
191
171
218
173
227
377
175
184
173
166
172
168
171
171
171
173
172
172
171
181
184
170
170
172
172
174
172
170
171
381
171
172
172
170
180
171
183
177
171
170
170
170
174
170
171
172
177
172
173
170
173
172
182
173
449
170
172
184
170
170
173
172
172
377
173
183
176
170
172
171
170
172
172
184
170
172
179
170
173
173
229
173
170
176
172
166
180
170
240
237
184
176
183
171
241
171
179
170
172
171
170
489
172
171
170
172
172
172
171
173
170
171
196
172
171
436
171
173
170
170
182
268
172
181
173
172
170
170
172
170
172
172
173
170
173
172
173
172
173
170
187
172
171
174
170
171
172
170
236
170
182
170
171
172
170
182
172
171
172
171
171
170
171
172
171
171
177
170
173
173
171
170
171
172
171
171
172
172
178
182
174
230
172
170
172
196
170
170
172
197
173
171
170
171
170
171
229
170
171
170
171
170
170
172
170
172
236
173
176
172
171
172
172
171
240
172
171
170
170
299
183
171
172
173
173
171
182
182
170
182
234
169
172
179
171
382
172
170
172
171
172
182
172
172
170
172
173
172
170
170
172
169
170
170
172
171
171
171
180
174
172
170
170
171
174
169
179
171
171
174
170
171
172
172
182
170
170
171
171
173
279
182
172
171
170
181
173
170
176
181
171
171
170
171
171
229
171
171
171
173
172
171
170
170
171
172
167
172
172
179
172
172
166
172
180
170
170
171
173
172
168
241
173
176
172
171
170
203
236
173
172
172
172
173
172
171
173
378
175
183
170
171
173
168
168
173
171
172
171
172
171
184
171
170
222
177
170
171
170
183
173
173
186
172
172
170
182
173
178
176
171
177
170
174
184
173
172
172
173
174
171
172
166
177
172
176
172
173
170
171
178
172
182
172
170
177
172
173
170
170
171
171
171
176
171
179
235
170
171
172
171
229
240
172
172
170
172
181
170
173
170
172
171
181
172
171
170
173
173
170
172
172
171
244
177
172
171
171
170
172
170
172
171
172
171
172
171
170
176
172
172
181
175
170
171
171
171
172
172
172
172
402
173
171
177
173
170
173
230
173
178
170
172
170
170
182
170
172
171
174
183
174
172
173
186
173
172
173
172
172
171
172
185
168
172
172
170
242
183
171
172
170
176
182
173
177
172
172
172
170
450
184
170
170
177
170
170
171
172
171
180
175
170
173
171
171
170
170
170
172
173
171
170
172
183
172
172
172
171
170
172
173
499
173
171
170
171
170
172
174
173
172
184
172
172
176
182
173
171
184
172
171
172
220
171
170
167
170
183
166
180
171
172
170
172
170
170
171
172
238
170
183
176
170
170
170
172
172
179
183
171
176
170
172
170
171
166
170
172
171
172
173
173
172
171
173
166
170
170
167
173
184
171
176
180
173
170
183
171
170
234
171
176
171
173
171
171
377
172
170
172
171
171
172
172
170
171
174
172
182
172
172
171
185
172
171
225
171
180
172
233
170
173
171
171
219
170
173
172
172
170
171
171
171
170
244
172
170
173
170
172
171
172
170
171
172
170
168
172
171
172
166
166
425
170
170
178
170
174
170
184
167
265
181
170
183
171
171
172
171
170
170
171
179
173
180
171
313
173
171
171
172
170
171
173
170
170
185
166
212
170
176
484
172
183
176
182
181
170
233
179
172
176
176
170
171
173
171
249
170
172
171
171
171
173
270
179
179
172
171
236
170
170
170
168
175
168
170
172
173
170
174
173
170
171
171
171
170
171
172
170
180
167
171
178
170
180
170
171
178
170
171
172
178
170
170
173
173
201
178
166
173
172
179
172
171
170
173
176
172
184
173
170
168
173
172
170
172
172
188
186
171
173
171
172
173
170
180
238
171
172
173
180
170
176
180
220
172
172
182
178
173
172
171
182
172
172
240
171
170
171
172
172
170
172
170
170
173
182
183
170
172
170
170
184
170
173
182
173
171
171
237
173
238
171
171
171
170
173
171
230
171
170
174
188
173
172
170
171
173
172
171
182
174
171
184
269
182
172
173
170
172
176
236
170
172
170
171
302
171
173
172
172
171
171
171
517
172
174
171
170
181
179
173
217
170
170
170
229
170
172
175
172
172
172
172
173
226
177
172
168
170
173
170
172
172
169
171
175
172
170
171
172
171
172
185
170
172
171
172
183
171
182
235
171
239
171
170
304
168
173
173
174
172
479
170
170
183
171
182
175
179
173
171
172
170
171
174
170
219
183
171
185
171
170
170
182
172
170
172
170
170
170
172
172
171
171
170
172
176
176
193
177
172
171
173
171
171
172
171
172
171
172
182
184
170
182
173
171
178
173
171
171
170
172
172
170
174
173
171
172
172
173
171
171
171
169
170
172
172
170
233
170
482
172
242
171
173
172
171
168
170
169
173
172
172
170
171
170
172
171
246
179
172
170
171
254
170
172
170
238
170
171
174
173
172
170
172
170
170
171
172
181
170
172
171
170
185
174
172
170
172
172
463
182
171
172
182
243
170
171
171
171
168
171
179
172
173
171
172
178
234
172
170
172
170
172
172
171
170
172
172
171
173
171
171
171
171
171
176
171
170
170
172
185
173
170
171
171
217
179
171
170
176
170
170
170
179
171
172
170
170
173
171
187
170
176
219
173
171
171
227
173
172
170
173
171
173
174
185
236
173
170
170
180
171
172
172
170
180
172
170
176
171
183
170
178
225
185
171
237
173
172
172
171
170
170
174
171
175
173
172
227
171
172
172
186
183
170
170
170
166
172
184
170
174
170
170
184
183
172
170
171
171
166
172
173
170
172
168
175
172
172
172
172
181
177
171
174
171
183
184
171
175
172
172
184
239
172
171
170
170
172
173
188
170
170
172
178
171
174
171
173
184
172
173
171
172
170
170
171
170
184
170
172
172
179
171
172
166
172
171
172
170
171
172
182
171
171
170
172
172
241
172
171
181
173
178
170
171
172
171
172
171
171
189
172
172
172
172
174
180
176
170
171
169
173
174
171
170
172
484
170
181
170
172
171
170
170
170
170
482
170
171
182
172
172
171
171
172
172
216
175
171
172
183
172
178
171
171
172
178
173
171
172
170
185
172
490
171
172
173
172
174
176
172
170
168
172
170
174
173
172
171
172
173
170
187
172
218
172
184
182
172
171
171
181
179
171
170
172
171
171
171
170
172
184
172
172
172
172
173
172
172
171
172
171
182
172
172
377
170
170
175
172
239
170
181
172
242
229
170
173
174
172
176
171
170
173
171
192
171
172
184
172
170
173
171
174
174
171
170
178
171
172
174
172
170
171
173
172
171
244
172
176
173
251
170
171
171
170
487
172
181
172
237
170
221
172
173
179
175
172
173
172
225
172
172
234
172
172
171
172
166
170
170
171
173
234
171
173
171
171
171
170
172
233
172
182
173
173
170
170
181
170
173
171
174
172
172
176
170
170
170
176
172
187
170
179
170
173
170
180
377
171
172
175
173
172
172
170
173
171
181
172
170
170
173
172
177
171
172
171
171
172
240
180
172
175
243
174
173
181
170
170
171
187
172
181
172
177
474
179
179
172
183
172
172
171
171
172
488
171
172
171
172
171
172
172
167
171
172
170
170
186
173
170
170
171
183
178
168
170
177
171
171
171
172
172
171
171
171
172
182
171
171
172
172
168
170
171
171
170
172
184
234
170
171
172
172
231
172
173
173
177
172
173
173
173
183
170
181
244
172
171
172
182
171
173
171
171
174
171
172
170
170
172
171
172
170
171
171
172
237
170
170
184
173
168
170
171
170
170
173
191
170
228
170
171
172
186
176
171
170
181
171
168
240
232
177
171
171
172
173
173
170
170
173
170
170
183
176
171
175
170
179
187
171
482
176
170
172
174
178
172
170
171
172
174
175
170
172
167
181
170
172
170
172
185
171
172
170
171
176
171
173
170
171
172
248
171
170
177
172
172
170
173
172
172
171
171
181
170
172
175
170
169
170
170
171
182
172
170
172
173
170
177
173
170
170
173
170
172
473
172
170
170
173
172
170
170
186
170
171
174
171
179
171
173
229
172
171
183
171
181
170
170
169
176
172
178
170
171
181
172
170
170
167
171
225
172
170
171
183
173
182
172
171
170
508
178
172
172
488
172
185
171
170
171
170
171
173
171
198
170
171
171
171
171
234
177
176
180
171
171
171
167
173
172
179
173
451
172
171
182
182
356
172
173
171
173
173
221
177
172
192
173
170
172
174
170
170
173
172
172
173
173
338
494
170
170
173
172
172
171
172
166
171
183
170
170
171
173
170
171
237
413
171
172
173
182
171
171
496
186
172
172
170
173
173
502
173
171
172
175
172
172
171
170
173
171
171
178
170
171
178
170
183
172
174
178
172
172
235
170
245
174
