181
178
192
181
185
181
183
186
183
182
183
185
183
186
207
184
183
188
218
183
179
185
192
185
201
185
185
183
180
183
186
188
181
394
185
184
183
183
184
183
183
185
195
183
189
185
192
197
520
185
183
184
178
185
184
183
179
180
180
193
190
183
219
197
244
194
183
183
185
183
183
186
184
190
184
519
183
183
181
196
184
185
183
185
194
185
189
193
183
185
183
184
184
216
185
183
230
183
185
185
183
183
186
183
183
183
186
199
184
183
183
221
183
192
193
184
192
185
197
189
184
195
183
319
187
183
186
184
183
183
183
191
185
187
185
185
185
185
188
183
197
185
184
193
188
197
179
186
183
185
212
193
183
185
188
187
182
184
192
186
185
181
179
184
183
182
188
185
185
183
183
181
183
184
185
183
187
358
183
185
182
183
180
532
185
430
232
192
185
184
185
183
183
183
244
194
199
184
184
183
185
185
185
185
183
185
187
185
184
185
184
191
183
192
185
189
221
184
184
183
185
181
184
186
197
183
191
187
234
184
187
184
183
195
186
186
529
180
185
188
184
184
184
189
185
183
185
187
182
183
183
183
183
185
183
183
183
188
185
185
183
183
199
183
185
185
185
186
188
186
187
202
184
185
183
184
185
184
185
183
185
185
183
185
185
185
183
185
183
184
183
188
183
186
184
184
184
183
185
183
185
185
182
183
183
185
185
189
185
183
185
184
182
183
182
188
183
185
224
185
184
183
185
189
183
185
183
184
185
188
181
182
199
185
184
184
186
183
187
199
183
185
184
184
183
194
185
188
186
189
195
185
194
185
181
186
421
183
183
187
183
184
184
185
184
186
183
183
184
184
193
187
184
183
183
291
183
182
183
184
185
194
204
183
184
188
183
184
196
204
183
186
197
184
198
185
184
183
183
184
183
185
193
184
185
182
185
179
184
194
222
184
185
194
184
183
184
183
185
183
184
185
183
185
185
183
185
185
185
185
183
183
183
188
192
183
183
181
190
185
183
246
183
183
188
183
185
183
184
183
183
189
183
189
185
185
185
183
196
199
192
185
242
247
183
183
185
183
185
195
183
183
183
185
184
182
185
245
183
183
183
185
184
190
215
537
182
189
183
183
187
197
183
185
185
183
184
185
184
185
183
185
183
184
194
185
183
183
183
185
228
194
183
184
184
184
198
188
193
198
185
183
185
183
183
183
188
183
195
186
226
183
184
185
186
183
183
185
185
247
354
187
185
185
185
183
185
183
185
185
207
185
194
193
185
186
184
185
184
183
185
189
184
183
184
184
185
183
181
183
182
185
185
181
188
187
184
184
185
183
197
240
197
185
183
194
187
185
195
184
183
188
231
185
183
184
185
185
186
184
185
188
182
183
185
185
185
185
183
184
185
183
185
185
266
183
248
193
183
185
186
183
189
178
195
183
185
183
184
184
358
200
186
187
209
185
185
185
228
254
183
184
185
183
188
236
192
183
185
208
186
194
183
182
182
196
185
238
183
183
183
185
185
197
308
197
183
185
183
185
193
321
183
194
184
189
182
183
185
195
185
184
184
207
184
183
186
184
182
183
183
184
185
184
220
183
192
185
184
191
183
185
184
185
184
196
184
184
183
183
182
183
183
247
284
183
185
183
195
195
194
183
185
183
185
195
185
185
244
183
184
183
185
324
187
185
184
184
192
183
183
184
183
194
185
183
184
188
185
183
234
184
196
183
185
197
184
185
185
186
195
188
194
183
184
184
183
185
183
188
234
185
194
184
185
198
193
185
183
186
183
185
185
194
184
185
225
186
185
197
188
184
183
184
183
185
185
225
195
183
344
185
183
185
187
208
184
183
183
183
183
185
183
185
189
183
185
204
183
183
183
239
186
183
183
184
185
185
187
196
183
185
192
225
186
189
183
185
183
185
185
183
183
183
198
183
184
186
531
185
183
188
184
185
185
184
181
185
184
184
183
183
185
185
182
185
184
197
182
185
183
183
182
185
186
183
237
183
185
183
405
200
197
182
184
185
256
185
183
189
187
183
183
185
184
183
183
183
183
183
187
185
186
183
192
184
187
183
184
185
190
244
185
185
189
187
188
183
183
185
185
183
191
187
197
188
185
185
183
197
184
183
179
188
202
183
192
185
185
185
181
185
183
189
183
185
200
185
184
196
187
187
197
190
183
181
185
183
184
188
184
232
228
200
183
185
191
183
184
185
185
185
185
183
184
188
185
184
183
182
183
183
183
185
198
183
249
239
183
192
183
185
183
183
188
183
185
194
185
183
188
184
253
185
183
185
183
183
185
221
194
184
183
183
183
184
253
185
183
183
183
183
190
179
256
183
186
183
186
184
188
185
186
187
185
183
184
184
185
189
185
196
237
257
183
450
184
185
189
183
183
189
183
183
192
189
185
185
183
185
183
189
193
185
185
185
183
189
185
194
185
186
226
185
183
196
182
185
188
183
199
183
183
194
255
179
196
184
184
185
183
197
183
184
186
184
183
184
185
184
184
183
193
183
187
183
184
183
183
183
203
187
188
184
184
184
254
186
186
243
186
222
184
190
193
193
185
185
185
190
183
185
186
190
184
183
183
185
185
249
183
186
183
185
191
183
185
185
183
183
186
183
183
182
185
183
185
194
183
199
184
183
183
185
254
183
185
184
186
185
184
183
185
185
183
186
194
185
185
183
183
183
183
193
187
187
181
240
185
185
202
182
184
185
183
185
184
183
183
183
194
183
185
183
195
185
189
183
185
187
182
185
185
255
183
183
183
183
184
185
185
228
196
183
183
195
275
183
183
183
183
185
186
194
183
197
185
183
185
185
191
185
183
183
183
222
185
183
196
185
184
249
195
185
185
192
196
193
185
185
183
183
179
185
184
184
183
226
185
185
184
194
192
184
180
183
183
183
183
184
186
187
183
183
183
183
183
182
183
190
184
186
188
183
185
183
183
188
185
186
185
187
185
183
183
245
183
185
186
183
183
183
189
185
192
183
184
183
194
200
180
183
185
185
194
188
182
185
182
185
185
184
185
183
182
183
183
194
185
187
197
236
185
199
185
183
179
183
185
189
185
196
186
183
184
191
184
185
185
185
184
186
184
184
192
185
183
192
183
185
194
183
185
183
185
184
186
186
242
183
534
186
185
182
183
195
185
183
188
189
185
184
184
185
182
185
193
186
182
183
183
185
185
183
184
182
185
183
183
183
183
184
184
183
183
197
185
185
226
242
183
237
183
185
185
185
184
183
187
183
196
183
187
183
183
187
185
193
195
188
196
183
185
185
186
230
185
186
183
232
185
183
184
183
186
181
180
184
183
184
183
183
183
185
189
212
183
185
185
184
183
192
218
185
183
183
183
183
184
185
185
184
185
183
185
185
185
183
185
183
184
184
183
183
183
240
184
184
184
185
183
198
183
183
185
187
185
186
183
183
188
178
183
183
190
197
183
184
183
185
185
184
184
183
184
189
184
181
183
189
187
195
519
183
183
185
185
188
185
183
183
185
183
231
195
187
223
275
524
183
185
200
183
298
185
185
194
185
185
183
185
191
185
184
184
185
185
183
185
183
184
184
185
183
184
184
185
194
181
183
186
183
183
184
185
182
185
185
185
185
185
183
183
198
185
196
183
185
184
182
183
199
184
185
183
194
186
183
184
189
185
184
184
183
189
185
183
183
185
185
195
185
185
184
190
185
193
185
183
185
184
183
245
221
185
185
186
203
185
185
183
184
193
185
189
184
186
193
187
183
184
184
224
192
184
185
191
184
184
185
249
194
185
189
241
185
183
536
188
194
467
186
183
197
185
183
185
185
230
185
192
185
183
191
184
185
255
183
183
186
183
184
197
185
183
189
182
184
183
183
189
183
189
185
185
185
184
184
185
187
183
189
183
185
183
185
229
183
182
183
186
230
183
190
183
198
185
187
405
193
197
183
183
194
184
183
184
240
184
249
183
195
183
183
249
184
184
188
185
207
183
184
183
185
183
182
185
185
195
202
185
185
209
185
183
185
187
185
186
190
193
183
183
183
184
185
185
185
197
187
185
195
187
183
183
185
192
472
195
196
183
185
187
183
186
183
184
178
184
191
185
185
183
184
185
183
194
185
185
183
185
405
192
192
185
183
198
185
183
190
185
230
246
181
183
183
184
185
183
196
183
185
183
198
184
183
183
183
183
183
249
184
271
185
186
183
183
183
194
196
183
182
185
185
185
183
184
185
183
183
199
186
183
185
185
194
185
405
187
192
187
185
185
183
243
183
183
247
183
183
185
196
183
184
185
184
184
194
183
193
421
183
185
183
185
183
185
390
195
185
185
185
185
245
185
184
185
183
185
183
186
192
186
183
184
183
183
183
188
183
197
185
184
182
185
245
184
183
184
185
185
189
183
190
184
185
183
183
183
183
185
184
185
185
185
185
185
185
186
186
195
185
185
235
185
185
182
184
183
183
183
238
188
185
259
183
185
185
245
183
184
183
187
184
180
197
185
183
187
183
195
191
184
195
231
185
187
196
185
185
183
183
190
185
183
185
183
184
185
199
183
183
185
185
184
185
196
183
183
185
197
183
185
185
183
186
185
183
191
184
185
183
184
186
183
185
185
183
185
188
182
185
183
186
187
183
185
183
185
185
197
183
183
185
188
187
184
185
198
184
185
185
183
189
189
183
249
187
240
183
184
194
184
240
187
183
184
531
183
183
410
183
185
183
266
184
183
183
190
184
185
185
187
410
185
183
184
196
187
191
185
198
183
271
201
185
183
207
183
185
187
185
206
186
185
183
185
183
184
183
185
182
198
183
185
183
185
194
185
183
182
183
185
179
189
184
183
184
183
185
189
192
185
183
186
195
184
195
197
183
183
185
185
183
184
200
185
183
185
209
217
195
185
185
184
406
188
184
183
185
183
183
183
184
184
185
182
183
184
184
183
186
194
183
189
183
183
185
182
183
183
183
190
192
183
198
183
185
183
185
183
185
185
196
183
183
182
185
180
183
185
183
186
183
185
179
188
184
184
197
197
183
183
519
184
183
378
183
185
249
195
251
183
199
183
185
241
185
184
206
185
183
200
186
182
184
183
180
185
183
184
185
184
183
185
194
185
183
183
189
188
185
184
183
186
185
185
185
194
188
183
183
183
185
196
183
186
405
185
186
185
185
184
197
183
186
183
186
510
198
184
246
186
183
189
183
186
197
183
186
185
185
182
199
183
184
195
183
190
192
520
183
183
200
184
182
184
185
185
185
185
182
183
187
183
183
185
186
184
183
186
183
197
183
191
195
183
196
183
188
200
188
197
187
183
201
191
195
185
200
186
185
194
185
184
184
185
191
195
183
186
188
184
185
182
198
185
185
185
185
187
186
183
180
185
409
250
187
189
409
185
182
185
227
189
185
196
183
184
184
183
183
183
185
196
205
183
519
189
247
183
189
183
184
184
188
195
181
195
183
184
185
183
192
187
184
185
183
183
184
187
183
185
185
194
184
184
184
204
183
182
185
184
187
186
185
185
185
183
183
185
185
187
183
195
185
183
192
183
183
185
182
185
183
179
204
186
183
184
185
188
183
198
251
183
185
182
199
186
184
185
185
194
188
184
183
183
184
183
184
183
183
185
183
184
184
187
185
183
200
227
183
184
185
183
187
203
192
185
184
248
183
182
184
185
187
185
183
183
184
184
197
184
185
190
183
189
185
183
183
187
183
185
183
183
185
188
187
184
188
195
183
195
185
183
183
185
189
184
193
185
185
183
187
183
185
185
184
243
183
184
183
185
183
194
184
183
180
185
250
184
192
183
196
185
184
185
185
184
191
185
194
183
193
189
185
185
185
183
185
211
185
185
188
185
183
194
190
185
183
194
183
184
260
183
183
220
183
185
183
184
524
185
188
185
185
185
183
237
186
189
183
197
183
191
187
185
185
185
183
183
183
183
194
184
188
184
183
199
186
188
185
196
183
185
185
185
204
184
185
183
226
184
186
192
183
187
194
184
185
183
265
190
186
184
185
185
186
183
185
186
185
248
183
181
195
183
183
185
185
183
183
183
185
193
199
183
183
184
183
185
238
185
184
185
233
183
420
185
183
185
194
187
183
183
187
184
185
189
197
188
182
183
182
196
183
187
519
194
186
185
185
185
186
252
185
183
183
183
186
184
188
187
185
183
183
183
185
244
236
185
183
183
201
183
183
183
183
182
185
183
188
183
183
185
202
183
187
183
184
190
246
187
192
183
184
184
183
185
188
197
189
189
196
248
180
189
200
191
183
184
183
185
189
184
184
184
183
183
186
183
406
183
196
185
183
186
183
184
183
184
184
196
184
183
185
525
184
184
204
192
184
185
189
186
185
183
185
192
183
183
184
185
183
183
186
185
182
183
183
245
183
196
184
185
181
192
185
182
183
185
185
186
179
185
183
285
185
183
187
183
185
185
194
191
183
183
184
195
185
253
192
183
185
183
189
204
185
185
193
184
185
184
185
184
185
183
189
183
183
191
196
183
183
185
184
183
184
188
183
184
183
185
185
183
185
196
183
185
188
185
192
183
193
183
185
185
183
184
185
185
184
183
185
183
181
183
185
185
184
192
186
183
194
185
184
183
183
182
185
183
196
185
185
184
251
481
193
185
183
183
185
185
185
183
184
183
183
195
192
198
193
189
183
195
187
183
185
216
185
185
183
183
249
183
192
200
185
184
185
184
409
221
183
188
183
183
188
185
209
184
184
185
183
184
191
183
185
184
183
182
185
185
182
183
185
192
183
185
183
182
183
185
185
184
183
183
296
187
185
245
200
183
184
193
183
183
189
182
185
184
185
184
183
183
189
184
187
185
187
183
186
179
185
182
248
185
184
188
185
183
185
184
185
185
243
185
185
183
195
180
201
187
186
200
185
183
288
184
185
194
185
183
180
193
184
196
185
185
185
196
189
185
183
181
186
184
183
185
185
193
184
184
183
185
184
184
183
183
183
195
183
185
189
192
185
184
183
423
185
183
183
185
185
185
185
185
189
183
185
183
190
183
185
187
217
183
185
203
185
185
190
185
197
253
194
183
197
183
183
230
187
186
200
189
183
186
197
191
185
183
185
247
185
185
183
197
185
184
185
183
181
183
207
185
183
183
183
183
184
191
182
185
185
183
189
185
191
186
189
185
185
240
191
183
185
188
185
185
184
185
183
183
183
183
185
190
183
183
198
184
183
191
186
195
185
190
188
185
187
247
379
185
188
185
185
183
183
187
185
187
184
185
185
387
187
183
186
185
185
183
248
190
186
183
183
183
184
186
195
185
184
185
184
183
183
183
184
184
184
186
182
188
179
183
184
188
251
192
229
183
183
190
188
185
185
195
185
183
195
185
384
184
188
248
194
196
185
186
184
189
182
185
179
186
183
183
185
194
211
238
183
183
183
186
188
183
183
188
184
184
189
185
185
197
183
181
194
182
185
190
188
189
192
222
183
245
182
257
183
185
184
195
183
183
183
194
185
194
182
185
197
184
186
232
184
183
185
183
185
184
187
195
184
189
183
185
194
183
186
185
185
189
185
183
184
188
197
195
190
185
184
184
185
201
183
180
198
183
186
183
185
183
185
190
185
185
183
185
194
183
203
195
185
188
198
184
185
183
183
185
217
185
186
247
185
183
183
245
182
184
184
180
184
185
184
185
186
185
183
185
187
183
183
185
186
185
183
194
186
183
182
183
269
183
183
183
185
185
185
182
242
183
184
185
183
183
245
183
183
197
182
181
179
185
352
183
188
183
183
183
246
183
196
182
184
185
184
182
183
183
183
185
185
185
185
190
188
183
184
183
183
187
183
186
183
190
197
182
186
192
184
183
236
183
183
184
186
185
255
188
182
187
185
183
183
183
204
183
183
185
186
187
185
183
183
184
189
185
183
184
300
183
183
183
186
183
185
183
189
192
193
423
185
183
184
184
197
198
245
183
184
183
189
188
183
197
183
189
195
183
184
410
185
184
183
183
185
183
189
192
183
184
185
183
183
193
183
183
183
183
183
184
184
183
183
188
248
184
179
185
185
184
192
185
185
184
194
183
185
183
183
183
255
189
183
191
179
191
191
182
183
183
183
185
183
183
194
188
184
223
183
185
183
195
185
186
196
185
206
204
185
186
184
185
186
185
185
185
185
183
185
235
183
193
196
205
185
185
185
180
252
183
183
185
185
183
185
185
186
183
185
185
185
185
189
185
185
184
187
187
185
185
212
184
183
185
185
183
187
185
184
185
187
183
185
183
185
183
195
185
186
182
186
185
183
185
185
184
184
186
186
184
403
185
183
190
188
188
183
184
185
183
183
183
185
184
183
185
185
233
185
184
183
199
183
185
184
185
185
183
197
188
186
183
185
187
183
185
183
184
196
194
203
188
183
197
185
187
185
185
185
185
250
185
185
183
185
183
183
183
186
185
184
185
192
244
183
183
183
184
185
194
195
184
188
183
186
183
181
185
183
183
184
184
183
183
183
184
185
183
185
195
195
195
184
185
183
184
184
183
183
192
187
182
239
185
183
185
183
183
183
185
185
184
183
185
185
193
183
184
196
185
183
185
185
192
183
194
183
183
239
185
183
185
191
406
525
185
185
185
183
185
183
182
185
226
183
205
184
183
185
185
185
185
185
241
184
185
193
185
186
183
185
195
185
183
183
198
185
184
386
194
183
183
185
194
182
183
185
185
183
184
185
185
183
184
185
183
185
197
183
183
183
410
183
183
182
185
183
192
186
184
185
195
245
183
185
185
185
184
184
184
183
183
189
185
185
252
193
183
185
183
188
184
182
197
185
191
183
183
184
185
232
183
184
185
183
249
185
183
185
185
184
183
184
184
183
187
182
185
182
184
212
186
192
179
185
182
186
187
382
179
181
182
185
183
185
185
194
183
186
196
183
188
185
183
185
185
198
183
194
185
183
189
183
194
193
532
200
184
186
187
184
183
192
189
185
185
183
184
183
184
185
231
185
185
183
183
185
183
189
221
198
185
183
186
187
193
183
183
183
186
187
184
183
185
199
188
185
184
184
182
183
183
184
183
186
192
191
178
196
183
183
194
197
187
183
185
185
197
182
183
183
193
183
248
183
185
185
185
183
187
183
245
182
184
187
184
184
185
183
185
190
185
184
184
185
191
183
183
194
183
184
183
185
185
249
184
184
185
187
186
185
192
183
185
184
187
184
185
183
184
184
184
185
184
183
180
185
183
193
183
185
184
185
198
539
179
186
187
185
184
546
