164
170
168
168
169
173
169
168
168
172
173
169
168
169
179
169
168
172
169
170
168
168
173
168
168
170
168
169
168
176
163
177
168
164
164
164
172
168
168
169
168
167
163
169
169
169
168
174
168
167
169
168
182
489
476
172
169
167
168
172
169
168
168
169
169
222
221
179
166
168
169
168
168
168
169
168
168
168
169
169
172
171
179
168
168
172
183
169
169
182
168
276
168
478
167
168
172
169
168
169
168
168
179
168
168
168
179
168
227
168
169
169
168
168
168
224
168
169
168
168
172
167
169
169
168
175
236
179
168
227
169
168
174
182
168
168
168
168
167
168
169
168
169
168
170
169
223
168
175
172
167
169
172
172
172
205
169
168
178
172
181
169
168
169
165
165
174
169
168
168
168
168
169
168
168
386
168
167
181
168
169
179
169
169
169
168
170
168
168
164
168
169
169
200
168
169
169
169
168
173
197
170
168
168
392
169
169
167
169
168
168
169
168
168
209
185
169
169
174
167
168
168
169
168
179
179
168
169
169
167
179
168
169
180
168
172
167
167
168
203
168
187
168
168
168
168
172
168
169
168
168
168
180
168
219
169
169
167
168
175
168
169
173
169
169
169
172
169
168
169
173
164
169
170
168
197
169
179
168
168
168
168
168
182
169
175
169
169
164
172
169
170
167
168
168
165
164
168
169
168
169
169
169
169
169
169
169
171
181
168
171
172
178
169
180
169
175
172
168
169
169
168
215
176
167
169
168
179
177
169
169
169
168
168
172
169
169
167
169
168
172
230
233
179
167
168
169
168
169
180
168
169
168
185
178
168
169
169
166
164
179
172
168
168
169
168
168
168
169
169
168
169
169
169
168
176
168
168
168
169
179
168
168
168
168
169
269
169
169
168
180
168
168
168
168
168
167
168
168
169
167
168
169
169
172
168
172
168
168
168
168
168
168
172
167
168
169
170
171
168
178
168
175
169
169
168
169
171
168
169
224
168
168
168
168
169
168
168
168
168
180
168
168
168
168
184
164
169
184
171
172
168
169
168
175
169
169
168
168
168
174
168
169
182
177
179
168
214
168
168
168
168
168
177
184
169
169
164
170
167
169
168
224
169
169
167
169
180
182
179
171
164
168
168
169
182
168
178
168
169
179
168
169
168
169
167
168
168
175
173
172
168
175
168
168
169
177
169
179
172
179
322
169
169
169
169
167
168
168
169
167
174
169
168
168
170
184
168
168
169
168
168
168
168
167
169
168
168
173
181
169
168
168
180
168
172
169
169
169
168
168
179
180
169
169
169
168
181
164
168
168
169
169
168
168
169
168
169
168
168
169
168
195
168
168
172
169
169
169
180
169
167
168
168
168
169
168
168
171
168
284
168
167
169
372
168
169
186
175
169
173
168
169
175
188
173
172
169
167
172
167
167
168
172
168
168
168
176
168
168
168
194
169
168
168
169
168
169
180
168
168
232
169
168
168
169
168
168
168
172
169
168
176
207
168
169
168
178
169
167
169
172
185
184
169
169
169
175
172
180
178
179
219
169
178
172
169
168
168
177
168
176
171
169
168
172
168
169
168
169
168
169
168
168
168
175
168
168
168
168
169
168
168
169
168
168
169
169
167
168
167
169
168
169
168
169
168
169
168
170
173
169
169
180
169
168
169
180
168
168
193
169
168
167
169
168
191
168
172
172
184
169
181
168
168
169
169
173
169
169
169
169
169
169
169
171
179
168
184
168
180
169
169
168
168
168
168
182
168
178
169
168
478
180
169
167
169
169
170
169
169
171
169
171
168
168
168
168
168
169
169
172
180
168
168
168
171
168
169
180
168
169
168
184
181
168
168
168
169
169
215
168
168
169
172
172
169
168
170
168
170
179
168
169
169
169
184
168
180
168
169
214
167
169
168
168
173
169
171
168
169
168
168
168
169
175
169
167
168
169
169
169
186
169
169
171
168
168
168
180
175
169
430
169
174
169
169
169
168
170
168
176
169
168
169
168
168
181
172
188
169
172
173
168
168
168
168
168
178
169
167
172
169
169
183
173
169
168
167
167
187
168
170
171
169
169
168
175
169
175
169
177
169
168
168
169
168
475
372
168
168
168
168
168
169
168
168
226
168
169
169
168
200
172
169
168
168
178
172
168
180
169
180
180
170
168
164
168
175
168
169
171
169
168
172
182
168
168
168
224
168
168
180
168
168
217
168
168
182
181
168
168
211
172
164
177
168
167
182
169
169
177
168
168
168
168
168
168
173
183
168
169
168
476
180
169
184
167
168
178
182
167
169
172
170
169
169
169
167
169
168
168
171
169
169
220
171
168
168
164
171
168
172
169
171
168
169
168
167
169
169
168
174
169
176
168
168
168
168
168
174
168
168
168
168
168
168
171
365
169
477
181
224
169
169
172
168
170
169
168
169
176
169
168
169
168
168
168
168
180
164
168
168
224
168
168
172
175
180
230
169
168
168
167
168
169
168
168
169
168
181
171
169
168
172
168
168
169
168
169
169
169
180
169
168
168
169
189
168
169
168
180
224
171
169
169
167
168
168
168
169
177
168
171
169
172
215
169
174
168
168
168
169
169
289
169
169
167
168
174
169
168
170
227
170
168
168
173
169
168
168
168
176
168
169
167
168
168
168
167
169
168
176
171
167
172
169
169
168
168
176
168
169
168
171
169
167
169
169
168
169
167
217
169
169
168
168
168
172
169
168
169
168
168
169
164
168
168
170
170
168
168
168
169
169
169
167
168
175
169
167
168
180
168
167
173
168
174
168
169
168
168
224
168
169
167
168
167
179
169
168
169
222
169
168
170
178
180
168
168
169
169
168
169
177
168
168
168
168
168
168
169
168
174
168
178
182
168
168
173
168
169
226
169
168
180
168
164
180
294
169
168
169
169
169
168
168
169
168
182
168
169
169
168
165
167
169
168
164
168
177
169
163
230
169
168
169
169
167
168
168
169
182
170
169
168
175
172
168
169
169
227
474
169
168
167
172
169
168
168
169
169
167
184
168
169
167
168
168
168
170
173
203
235
207
168
171
169
168
168
175
168
168
165
168
169
182
175
168
167
168
170
168
168
169
169
169
168
164
169
168
179
169
169
168
169
169
168
168
168
169
168
176
474
168
171
168
169
169
172
179
167
178
169
168
169
169
168
169
169
168
168
169
169
492
168
184
178
169
169
221
168
347
168
222
173
168
169
168
168
173
168
168
168
169
171
167
168
169
168
181
168
169
168
169
168
169
168
168
169
180
169
168
167
169
168
170
168
179
169
169
169
168
180
169
167
169
167
169
169
172
169
168
170
163
172
168
168
175
168
171
169
180
169
169
174
221
476
168
168
167
169
169
169
175
168
168
168
170
168
169
168
168
173
174
174
168
175
181
315
168
169
168
169
168
168
213
173
168
180
168
177
168
168
168
169
169
168
179
168
168
221
172
388
215
169
168
168
168
172
169
169
168
169
168
169
168
168
172
168
169
168
168
168
180
169
200
168
169
168
168
168
167
169
169
180
169
168
168
169
168
179
172
165
168
168
169
168
168
168
168
172
168
168
169
168
172
235
169
168
168
169
168
169
169
180
169
172
169
168
169
169
169
169
168
167
168
173
172
169
180
169
169
168
169
169
169
172
169
168
169
168
180
168
164
169
169
167
168
172
168
223
169
168
167
168
168
172
211
169
171
169
477
489
172
164
168
168
169
167
169
167
167
172
169
169
180
169
169
168
169
168
171
169
168
169
168
193
168
170
168
169
168
168
168
168
169
169
172
179
168
167
171
169
169
172
169
169
168
168
169
167
168
168
212
169
169
169
168
168
173
169
179
174
176
178
172
174
176
168
175
168
169
168
168
169
169
168
168
168
169
169
169
169
175
169
172
169
169
168
168
168
169
169
169
173
174
168
168
169
168
168
168
169
168
168
169
169
185
168
169
182
169
172
181
220
168
168
168
168
169
169
168
168
169
185
168
177
168
169
165
169
171
168
172
168
179
169
170
168
169
169
169
176
178
169
169
168
169
179
169
228
168
220
180
168
169
169
168
194
169
168
174
174
180
168
168
168
168
168
169
168
173
172
168
168
164
167
224
176
168
169
168
168
164
168
169
168
169
167
168
169
169
169
169
176
168
168
215
181
172
168
166
168
168
180
172
168
169
179
169
168
168
219
169
172
211
182
172
168
169
224
172
170
170
169
169
371
169
168
168
168
175
168
169
167
169
168
169
169
168
168
179
168
168
169
169
168
163
176
168
168
172
168
168
169
168
168
181
168
169
172
174
169
168
478
169
167
169
168
222
169
168
171
169
169
169
168
169
168
169
168
169
169
180
169
169
164
169
169
168
168
179
222
169
168
168
179
168
168
179
169
169
169
169
168
180
168
169
168
169
168
169
168
202
179
179
169
172
168
169
169
170
168
169
169
169
168
169
169
169
169
168
170
168
169
179
169
169
169
190
169
180
169
168
172
168
168
168
175
168
168
172
164
168
168
168
168
168
167
226
175
180
183
172
169
171
172
179
169
169
169
169
169
167
168
187
168
173
169
168
176
168
168
169
169
168
163
169
168
168
178
168
169
168
168
172
178
168
175
169
169
169
168
168
200
168
170
223
168
175
169
169
173
169
168
169
172
169
164
169
168
168
168
168
169
168
169
168
169
169
172
169
173
168
169
169
168
179
168
168
168
168
168
169
169
185
172
168
168
169
172
168
169
168
353
169
174
169
172
200
168
175
168
168
168
169
168
180
168
169
169
169
168
168
168
169
169
181
168
168
169
169
168
168
168
168
235
169
179
168
169
169
176
478
169
168
168
184
169
226
168
180
164
477
168
168
168
171
167
168
181
168
168
190
165
181
173
168
169
169
175
168
169
169
168
175
174
168
169
170
418
169
169
168
169
179
168
169
169
165
169
274
169
168
168
169
176
168
169
172
168
168
168
167
168
167
168
168
318
168
180
169
171
168
168
182
169
169
168
175
168
169
168
168
169
168
169
169
176
168
175
168
169
177
170
169
168
169
168
172
168
169
169
168
169
168
169
178
169
168
168
181
169
172
168
168
168
181
169
168
168
168
168
169
169
169
168
169
169
503
179
169
169
168
174
176
173
168
169
180
169
169
168
184
169
178
168
168
169
181
168
183
168
169
169
169
169
169
176
168
172
179
460
169
168
169
169
172
170
168
169
168
168
180
168
168
169
169
168
169
182
167
168
174
169
172
168
169
168
169
169
169
169
169
168
169
183
168
175
177
169
172
169
168
169
172
167
168
228
168
169
168
178
173
211
167
168
169
168
173
169
178
169
168
168
168
168
168
168
206
206
168
168
397
169
168
172
175
168
169
167
168
168
168
169
168
168
169
168
336
186
178
168
169
173
168
172
169
169
169
172
172
167
168
168
167
168
169
168
169
168
434
169
168
169
168
168
164
168
180
167
169
169
169
167
169
369
169
169
168
176
169
169
175
177
168
168
167
168
167
168
172
169
183
173
169
178
168
169
169
168
175
169
169
173
168
168
168
184
167
168
169
170
180
169
169
217
167
172
168
168
168
174
167
169
169
168
169
168
172
168
168
169
162
168
168
170
176
170
175
164
168
168
169
168
169
168
169
168
164
169
168
172
175
168
170
169
168
177
168
169
168
183
169
168
168
168
164
172
168
169
167
163
168
168
169
169
169
169
184
179
168
168
167
168
169
183
175
183
169
169
168
205
169
169
168
169
169
168
167
169
169
172
169
168
172
168
236
171
168
168
168
169
169
168
168
169
168
168
168
168
169
168
172
178
168
169
168
169
178
169
169
173
171
168
169
168
164
168
171
280
241
168
169
204
169
164
174
183
168
170
169
168
508
168
168
169
169
169
169
169
503
167
168
175
169
168
168
167
180
172
168
167
168
168
168
168
176
181
168
168
182
169
169
226
169
168
175
224
168
169
169
169
172
165
169
223
168
169
169
169
176
168
168
175
168
168
176
172
169
169
180
181
164
175
169
173
168
169
170
168
168
209
168
168
181
168
220
168
172
169
183
372
179
180
169
171
168
180
167
168
168
179
175
172
168
169
169
217
169
168
180
168
168
172
168
169
169
168
186
169
168
169
496
172
168
169
171
166
168
236
168
180
168
168
183
180
168
168
169
169
181
169
169
167
168
168
169
177
169
169
175
169
167
168
176
168
169
169
172
168
169
187
169
169
169
169
168
175
184
175
169
168
168
168
182
217
168
168
169
169
168
172
168
168
168
169
168
180
168
169
168
169
169
166
168
172
177
180
169
168
168
169
169
164
168
168
169
169
169
184
169
169
169
170
169
168
169
168
169
169
168
185
168
169
168
171
168
168
180
175
169
169
169
168
236
168
168
168
169
168
169
168
169
181
168
168
169
164
172
181
218
168
169
337
168
168
168
168
169
217
233
168
221
168
168
167
169
169
168
164
164
174
168
169
179
168
169
167
168
169
170
168
168
168
167
168
179
172
169
169
168
168
169
168
172
165
169
169
169
175
169
169
168
169
169
168
170
168
175
174
168
169
169
169
172
178
172
169
168
168
221
168
188
370
168
175
172
226
203
168
176
169
168
182
168
168
173
169
169
169
180
168
168
168
169
168
179
168
226
164
168
168
169
168
168
169
169
173
170
169
169
172
176
182
169
168
169
167
168
169
168
168
169
168
169
168
173
168
172
174
174
168
167
167
169
171
168
168
169
169
172
178
169
168
169
168
163
167
168
169
169
168
168
168
169
169
170
169
169
169
168
168
195
162
168
222
168
173
167
169
168
168
171
168
168
168
173
168
171
168
169
173
169
164
168
168
169
168
168
173
167
168
169
169
169
477
173
168
168
169
173
176
180
169
170
168
169
169
168
169
169
169
181
169
168
229
168
169
177
168
168
168
169
168
169
168
168
169
181
230
168
173
169
168
168
169
168
168
176
169
168
168
169
168
171
172
168
169
168
169
168
169
167
167
177
168
179
168
169
177
169
169
169
168
479
174
168
168
230
169
184
164
169
168
204
169
169
168
169
168
169
169
168
167
173
168
174
170
168
169
168
168
168
168
234
168
169
172
169
169
169
165
168
168
168
168
169
235
169
168
178
169
167
172
168
168
168
169
169
176
169
182
169
168
179
175
169
168
168
168
169
169
169
168
169
168
170
172
169
172
168
168
179
172
169
169
169
168
167
168
169
172
169
169
179
179
169
178
180
168
489
169
169
168
169
167
223
169
168
168
168
173
168
170
168
168
168
169
169
168
180
185
168
169
169
173
176
169
169
169
178
176
169
169
210
175
168
169
218
168
168
169
169
168
169
175
190
181
170
171
169
169
169
179
168
186
169
168
169
169
168
179
169
168
168
169
165
169
164
168
168
169
168
180
175
170
169
169
169
172
168
169
171
169
184
169
168
168
169
169
168
167
174
171
169
168
179
168
168
169
169
168
169
169
168
169
169
169
168
169
168
172
168
201
169
168
176
168
169
213
169
165
168
169
168
172
176
175
169
174
168
168
176
171
169
169
169
168
182
168
169
175
168
168
169
169
169
168
477
167
180
181
169
180
168
169
180
169
173
168
170
174
175
169
167
168
169
168
168
168
169
172
168
169
176
169
179
180
169
228
169
174
172
169
168
168
168
168
168
171
168
182
168
169
169
168
176
227
169
179
169
170
169
169
172
172
168
168
168
168
168
169
164
167
183
169
169
169
168
168
168
179
168
171
168
169
169
205
169
169
176
169
181
476
164
164
170
232
168
169
168
168
175
169
168
396
169
168
391
167
168
170
227
168
186
179
168
170
173
168
168
475
187
167
169
390
168
168
169
168
169
170
168
169
169
169
172
169
168
168
171
169
170
169
168
164
168
172
169
168
168
169
164
245
169
176
169
168
169
169
169
169
169
172
168
168
179
168
169
169
174
169
177
169
168
168
168
169
169
169
167
169
168
168
169
168
216
173
169
168
168
205
168
340
167
168
180
168
168
168
168
169
168
175
179
163
168
171
172
169
169
214
164
169
175
168
168
172
168
168
179
179
175
167
176
178
169
168
172
168
168
168
168
169
181
168
168
168
168
167
168
180
168
167
167
172
172
184
179
499
169
169
169
168
169
168
168
169
179
178
167
168
169
168
177
181
167
169
169
168
168
168
168
169
168
176
169
169
168
169
170
168
169
177
168
168
174
174
169
168
168
211
168
170
169
228
169
168
168
168
345
168
168
169
168
169
169
170
178
168
168
172
163
169
168
400
168
168
168
168
168
168
168
180
170
169
168
168
169
163
169
168
168
168
169
169
179
169
170
193
175
169
168
182
181
169
172
168
170
224
168
177
169
170
171
176
177
169
168
169
168
172
169
168
169
168
168
169
169
169
169
169
168
169
168
169
167
164
169
168
176
164
168
169
224
490
168
168
169
169
167
180
172
177
169
169
168
169
168
168
169
169
168
171
193
169
163
168
168
169
169
168
172
168
168
176
168
384
169
168
169
179
168
179
179
168
169
180
168
168
168
178
175
169
177
169
179
169
230
168
179
169
168
168
169
168
168
168
171
169
176
168
169
169
168
168
226
168
172
168
168
168
169
169
169
169
182
168
168
169
169
182
169
168
175
169
168
168
168
172
168
170
168
304
168
164
170
168
169
168
169
168
168
168
167
177
169
168
174
169
169
169
167
168
168
175
169
168
169
168
182
168
168
168
168
193
168
477
169
169
168
174
169
179
168
169
168
168
169
169
174
168
168
171
177
176
169
169
169
168
169
169
184
186
169
169
168
167
169
167
168
497
168
168
175
169
168
477
167
169
168
168
168
173
169
256
168
168
172
168
163
164
180
169
181
168
183
373
177
170
175
167
168
388
168
169
173
168
168
169
169
169
173
176
174
168
169
169
168
169
169
168
168
168
168
178
169
190
173
173
168
168
184
168
167
168
168
172
176
172
168
180
169
169
168
169
168
165
386
173
169
169
228
184
173
168
169
167
175
172
172
172
181
163
168
172
179
168
170
172
170
172
169
168
168
172
168
167
169
168
169
168
168
168
169
179
181
168
233
168
168
168
168
220
169
169
169
171
215
168
168
169
163
169
167
169
170
167
172
168
168
230
168
168
177
169
168
168
169
169
169
168
169
168
169
180
192
169
169
183
169
168
164
168
169
168
168
169
168
228
169
174
168
168
169
169
169
173
168
168
169
169
168
165
222
169
169
168
169
170
168
169
