119
258
117
118
117
118
127
118
118
112
129
117
118
118
124
124
117
118
119
119
118
119
119
113
118
118
125
119
118
119
114
118
118
117
118
118
118
118
118
119
155
118
118
118
133
122
117
118
118
118
124
118
118
126
118
118
117
118
126
118
127
117
119
118
118
117
118
344
118
122
122
158
114
117
118
119
118
118
117
117
118
117
118
124
118
118
118
118
119
118
118
118
118
119
118
132
118
117
119
135
118
118
118
119
118
118
118
119
118
118
118
117
118
165
126
119
117
117
118
117
117
126
118
118
118
118
118
118
117
117
119
121
118
118
119
118
119
118
118
118
118
118
117
117
122
128
118
119
123
118
118
118
119
120
121
119
118
119
125
114
121
118
114
118
118
118
118
119
118
118
118
118
118
118
118
132
119
118
169
117
118
119
119
118
118
118
117
117
119
361
126
118
117
118
119
118
131
122
118
118
120
118
118
118
125
117
117
119
127
118
118
116
119
128
118
119
118
118
118
119
118
117
118
118
118
122
156
127
119
119
118
118
134
118
120
119
160
119
118
113
119
117
118
118
117
118
119
119
118
118
118
119
118
118
117
118
118
118
118
118
117
117
124
117
118
117
118
117
118
119
122
118
115
118
118
118
118
118
118
119
118
118
117
118
118
152
118
151
119
118
119
119
118
118
118
118
128
119
118
118
117
122
118
119
118
118
117
122
119
118
118
119
118
118
118
117
118
118
118
118
119
113
118
119
118
118
118
117
117
118
117
118
117
118
118
118
118
118
118
119
119
118
115
118
118
117
118
118
122
133
118
119
119
122
119
333
129
118
117
117
118
118
118
119
118
118
123
118
117
118
127
118
118
118
119
118
118
118
118
118
118
137
330
118
118
119
118
118
118
113
119
125
163
115
120
118
118
118
121
118
122
118
114
126
118
118
118
118
119
126
125
114
119
125
118
118
139
118
118
118
119
117
118
117
118
143
118
120
118
118
120
118
118
119
118
118
117
118
118
118
118
118
118
117
118
118
118
119
118
118
118
120
118
148
125
118
118
115
164
122
170
117
114
125
332
119
118
119
117
118
117
118
124
118
119
118
118
118
118
122
118
118
118
118
118
119
122
122
118
118
118
164
118
118
122
118
119
118
120
117
126
118
118
119
118
118
118
118
118
118
118
119
118
117
119
131
113
118
124
118
114
117
119
118
118
118
117
118
118
123
118
119
118
118
118
118
118
114
119
123
118
114
117
118
118
114
118
131
118
118
118
118
118
126
119
118
118
118
124
118
118
119
119
118
118
118
117
118
117
118
119
118
118
118
159
121
118
118
118
118
129
114
119
129
118
118
118
118
125
118
118
118
118
118
119
118
118
118
118
118
118
124
133
123
117
118
330
118
118
118
118
117
118
119
124
118
118
124
118
119
119
119
118
119
114
118
118
118
118
118
119
118
120
118
131
117
118
118
118
118
118
118
118
118
118
118
117
122
118
118
118
118
118
118
119
118
118
125
114
117
118
117
119
126
118
146
122
118
119
125
118
122
118
117
118
118
118
127
118
124
118
119
117
118
119
118
118
119
118
118
167
118
119
118
117
118
120
143
117
124
122
126
117
118
118
170
118
119
118
119
118
118
122
123
330
118
118
117
118
118
144
119
118
125
118
118
118
114
118
118
119
117
119
118
125
118
118
118
166
119
119
118
118
117
118
118
347
122
119
118
121
119
118
118
117
118
118
118
118
114
118
119
118
119
118
119
121
118
117
118
119
118
178
118
118
119
113
119
118
121
118
118
118
118
118
117
118
119
118
118
117
118
118
118
118
123
123
118
122
119
114
118
156
121
119
114
119
118
114
121
118
120
118
118
124
124
117
128
119
118
118
119
128
118
119
118
122
118
120
130
119
118
117
118
118
121
119
117
118
118
121
118
118
118
119
118
118
118
118
118
117
118
118
119
118
118
118
118
118
118
117
119
118
118
118
118
119
118
118
118
121
169
118
118
118
118
118
117
117
144
124
122
160
118
118
117
118
118
118
121
118
118
118
118
114
118
118
118
117
118
118
118
123
119
119
121
118
118
119
118
125
118
117
118
118
122
121
118
119
118
118
173
118
118
119
118
118
118
118
118
118
118
134
127
118
118
126
118
118
118
117
117
119
119
154
118
132
119
122
119
117
118
117
122
118
114
119
119
118
122
118
121
118
118
117
118
119
119
117
118
123
118
118
118
118
137
118
118
117
118
118
118
118
119
180
119
128
118
118
126
118
119
126
122
124
117
119
118
119
118
119
118
137
118
118
114
118
125
119
118
136
118
118
118
122
277
117
118
118
123
118
115
162
118
119
118
118
118
181
118
128
120
118
118
119
119
119
118
119
148
118
120
118
126
114
118
118
330
118
118
119
118
119
119
123
118
118
117
119
118
119
121
118
118
117
119
118
123
118
129
118
118
130
118
118
124
118
119
118
117
117
119
186
124
129
121
125
119
118
118
118
114
118
118
118
118
119
118
118
117
119
126
118
118
122
118
114
119
119
118
119
121
119
118
118
118
125
119
118
118
118
127
118
115
119
132
118
118
119
118
157
118
120
126
118
119
136
119
117
130
118
121
118
117
260
118
119
118
118
118
122
118
118
118
118
118
118
120
122
121
114
118
118
118
125
118
119
150
118
118
114
118
118
119
117
117
159
118
118
118
118
118
118
118
118
118
118
121
118
118
137
118
121
114
118
119
118
119
119
113
124
118
117
118
119
118
118
118
118
118
118
118
118
122
117
117
118
114
117
118
126
121
118
118
271
123
118
118
118
118
119
118
118
119
113
165
118
118
118
118
155
118
118
330
121
118
117
118
118
118
114
163
118
118
118
123
132
118
299
113
115
118
118
118
119
117
129
119
117
118
119
172
118
118
114
118
118
118
117
118
124
118
118
118
121
118
118
118
117
118
118
117
122
118
119
119
117
117
119
118
118
118
118
119
119
118
118
119
118
118
118
120
118
113
118
331
118
119
118
161
118
118
117
118
118
118
118
118
118
118
117
118
118
118
118
119
118
118
118
118
118
118
118
117
118
119
117
118
118
125
118
119
119
117
118
118
118
118
118
118
118
119
118
119
167
118
118
130
118
118
124
118
118
118
119
119
143
118
118
118
118
118
117
272
118
126
128
118
113
118
119
118
118
118
118
118
119
119
124
118
153
118
118
119
118
118
118
117
119
118
119
119
118
119
118
117
117
118
118
117
119
119
119
125
118
118
114
119
121
118
174
118
119
146
119
118
118
119
118
119
118
118
118
118
131
331
117
118
126
119
117
125
146
118
117
118
117
119
260
118
118
123
118
119
118
117
118
123
119
166
117
119
118
117
119
124
118
118
117
118
118
159
117
118
118
118
118
118
118
114
117
117
122
113
169
117
118
118
118
118
117
118
118
118
118
118
118
119
118
118
122
118
118
119
126
176
118
125
119
118
117
118
122
118
118
118
118
119
118
118
121
120
117
260
118
118
165
119
118
129
118
118
118
118
125
119
118
265
119
113
118
119
118
341
118
118
118
118
119
119
118
167
119
118
118
118
132
118
117
118
123
118
118
118
118
115
118
126
117
118
118
114
118
118
118
117
118
117
118
118
118
118
118
118
118
118
118
119
117
118
127
114
118
117
118
117
119
118
118
118
114
119
118
118
118
118
113
118
118
118
137
124
118
121
127
118
123
117
117
118
118
118
129
119
118
118
120
124
119
117
118
128
123
118
118
114
113
127
118
117
259
118
119
118
119
117
118
150
119
118
126
125
118
126
130
118
119
117
119
118
118
114
164
118
117
122
127
118
117
118
118
231
118
131
118
117
118
118
127
121
118
129
125
118
119
119
119
118
119
117
122
117
114
119
118
119
118
122
119
118
118
118
119
118
118
117
119
118
117
121
173
129
114
118
122
118
119
119
118
118
159
118
118
119
118
118
118
118
119
119
122
135
117
118
124
117
118
118
188
119
118
118
117
118
117
118
118
118
118
118
118
118
117
118
119
118
118
119
122
134
119
118
117
117
125
120
118
118
125
118
119
126
117
118
118
117
126
118
149
122
119
118
118
118
118
119
118
115
119
119
118
118
119
118
119
118
118
244
118
125
118
121
124
117
118
119
118
118
118
122
118
118
118
118
123
186
122
118
119
147
118
118
140
119
118
117
118
122
118
118
117
119
118
118
120
118
118
121
118
118
118
118
118
118
118
117
119
122
118
118
126
118
118
118
118
122
126
125
118
118
121
118
119
131
128
119
118
131
118
118
118
126
118
118
119
118
118
330
117
114
118
118
119
118
119
118
119
121
118
121
119
118
117
124
118
118
119
118
118
117
118
125
118
122
127
118
118
118
117
118
150
118
118
117
118
119
118
118
118
118
118
125
121
124
117
118
117
121
118
118
118
118
118
118
118
118
358
118
118
117
122
118
113
118
118
118
118
118
118
118
118
118
122
118
126
122
118
118
125
118
122
273
118
117
118
165
118
118
117
119
119
118
134
121
122
119
117
125
118
117
118
117
117
118
119
118
118
114
117
127
119
119
118
118
119
121
117
118
118
119
162
114
118
118
118
119
118
118
113
118
118
118
118
119
118
118
130
117
118
117
118
117
118
118
118
118
118
119
117
117
125
143
118
117
123
121
118
118
127
119
118
119
122
118
125
122
118
118
115
118
118
125
122
126
113
118
118
114
119
118
122
119
118
118
117
167
119
119
125
118
119
119
118
118
122
118
129
118
118
118
113
125
113
120
125
118
118
170
118
118
117
119
128
118
118
118
114
122
118
119
118
118
118
118
118
118
119
118
118
118
118
118
113
124
117
119
119
118
118
121
121
118
119
119
118
118
118
124
170
118
119
118
118
118
119
118
119
118
118
118
135
118
125
118
119
118
114
114
115
121
239
118
118
117
118
118
118
118
118
117
118
114
119
118
118
124
118
118
118
126
120
118
117
127
118
130
118
118
177
122
118
118
119
118
118
118
119
118
118
118
118
119
117
119
113
145
118
118
118
134
118
119
117
118
119
118
114
117
118
118
118
113
117
130
118
113
124
118
118
118
119
118
118
117
118
118
118
118
118
118
117
121
119
118
118
136
118
150
118
117
118
118
118
118
119
117
119
119
125
140
118
119
120
134
118
118
124
122
330
118
118
118
122
118
114
119
118
220
118
245
119
122
119
118
118
118
118
118
125
118
113
118
118
118
118
118
117
132
125
167
119
118
137
114
118
118
118
118
118
118
118
118
119
118
118
118
119
117
119
118
118
119
117
118
132
115
118
125
119
119
118
120
118
118
118
125
118
147
118
129
118
118
118
113
118
118
118
118
118
125
118
119
118
119
118
118
119
118
119
118
118
118
118
119
118
119
125
118
119
119
118
118
118
118
117
118
124
119
121
118
118
119
119
140
166
122
118
118
118
124
118
121
119
114
117
151
166
118
118
118
118
119
128
117
119
118
118
118
118
118
119
118
119
118
118
117
119
120
119
119
119
118
119
118
118
118
117
119
118
118
118
117
117
114
118
125
119
167
119
118
114
118
119
117
118
118
118
118
118
119
118
119
167
126
113
118
118
135
113
118
118
117
118
119
244
118
118
119
118
118
118
118
118
118
118
117
119
331
120
164
118
118
118
122
119
118
118
118
117
118
117
118
118
128
117
118
118
118
118
135
118
132
127
118
165
119
118
114
118
286
118
118
119
118
118
121
118
118
118
122
120
125
175
117
118
119
118
118
118
118
334
118
118
120
118
131
125
332
118
118
119
119
118
118
123
119
117
118
270
118
118
118
118
118
119
118
118
118
118
118
118
126
118
113
162
118
118
119
118
118
125
119
119
118
119
117
164
125
118
119
118
119
118
119
117
118
119
119
118
118
118
118
118
118
118
119
119
118
118
118
159
118
130
118
118
120
118
117
118
330
118
119
118
118
123
117
118
118
125
118
118
118
129
119
118
118
117
118
120
119
118
118
119
118
168
118
170
129
124
118
130
118
166
119
118
119
118
119
118
118
118
118
125
119
134
125
117
118
130
118
119
119
118
117
120
119
120
118
118
118
122
121
117
119
118
119
118
119
117
118
119
118
117
118
118
125
118
118
119
126
118
118
118
118
119
117
118
118
119
131
118
118
119
118
126
119
118
118
119
118
117
164
122
118
118
118
117
259
118
117
118
118
118
125
121
118
118
118
258
128
118
122
119
119
118
331
119
117
117
118
117
119
118
128
120
118
118
119
119
122
119
118
118
118
119
118
118
182
164
118
118
119
119
150
119
118
118
118
122
119
118
129
118
114
258
118
128
122
118
118
115
122
124
117
119
117
118
118
118
118
118
118
118
118
119
125
118
120
118
118
118
117
118
113
119
121
118
118
118
118
126
117
114
118
118
118
122
119
117
119
118
120
117
134
118
119
119
127
118
118
118
120
118
128
126
118
118
118
126
118
128
129
119
118
117
121
117
117
118
118
118
121
118
118
118
119
119
124
118
114
118
119
118
118
117
118
118
118
121
130
119
118
122
118
118
118
120
118
118
118
118
123
119
118
119
119
117
117
118
118
118
119
118
118
126
121
119
118
117
118
125
119
118
147
118
118
120
118
119
118
119
118
119
118
118
118
118
170
118
118
118
117
119
118
118
118
118
114
118
118
131
118
118
120
125
117
119
118
118
118
119
119
170
125
118
126
173
125
118
118
118
118
119
114
118
118
119
121
118
114
117
118
119
118
118
123
119
119
118
119
119
302
114
117
119
118
154
118
118
117
117
118
118
113
117
118
119
118
121
118
123
125
118
118
123
278
118
124
127
118
118
117
118
124
119
122
119
121
118
119
117
128
119
118
118
125
119
125
118
119
118
118
118
118
118
123
118
118
118
124
152
117
118
121
171
118
118
118
118
118
131
117
118
118
126
117
118
118
119
119
118
119
118
118
118
118
119
122
124
118
118
118
119
118
118
118
118
118
118
119
163
123
118
118
118
118
118
118
118
118
118
118
125
118
118
118
258
117
118
118
117
118
119
120
118
126
119
118
119
118
118
157
120
166
128
118
118
118
118
118
118
119
118
118
118
118
118
124
118
118
118
118
118
119
118
118
118
118
118
113
118
115
118
131
113
118
125
118
118
118
124
117
117
118
114
122
117
118
118
118
119
123
119
124
118
118
118
117
118
118
118
118
117
118
119
118
115
119
122
127
118
117
127
122
120
118
130
114
119
117
118
117
117
121
118
118
120
118
119
118
113
119
117
119
124
118
119
118
119
117
118
117
118
118
118
118
117
118
118
118
125
118
118
119
118
118
117
121
118
118
118
118
118
118
117
119
118
119
157
119
119
118
124
118
114
118
113
125
118
117
118
122
117
118
129
121
127
118
117
118
119
119
118
118
117
118
118
118
118
126
118
119
117
118
117
124
118
119
117
118
118
169
119
117
129
117
117
118
123
118
118
118
113
118
118
118
118
125
117
117
118
118
117
118
118
118
117
118
118
118
119
119
118
117
118
118
118
118
118
124
117
119
118
118
160
118
118
153
117
118
119
118
118
118
119
118
118
114
119
124
118
118
118
118
117
121
330
121
119
119
117
118
119
119
119
119
117
118
119
119
169
210
118
117
122
125
118
118
118
119
119
273
118
119
124
118
117
115
118
119
118
118
118
118
118
117
118
120
118
118
118
118
119
118
118
330
118
118
118
118
119
118
118
125
118
121
118
118
118
119
119
126
118
118
145
118
118
118
124
118
118
118
136
119
119
119
118
118
118
119
114
119
118
120
119
118
119
118
119
118
118
118
117
333
118
118
119
136
118
118
118
119
117
117
118
119
165
129
118
118
128
119
118
118
119
124
118
119
118
124
122
119
122
138
119
118
331
118
118
121
119
120
118
118
118
118
118
156
117
118
118
118
125
118
118
118
118
118
118
119
170
118
144
119
118
117
118
125
118
118
261
118
118
118
118
117
119
119
114
119
118
118
120
118
127
140
118
118
119
125
117
118
118
144
118
119
118
118
118
117
118
119
118
118
118
117
122
125
118
118
118
118
118
118
118
118
118
118
117
131
118
119
118
126
120
117
125
118
118
114
118
118
118
118
118
118
118
126
124
133
117
118
118
118
118
119
118
164
117
117
118
119
119
124
119
118
118
119
118
119
118
119
118
170
119
118
113
115
119
119
118
128
118
118
119
119
118
118
118
118
118
118
118
118
117
119
118
118
119
118
118
119
118
119
119
119
117
118
127
118
118
117
118
164
119
118
115
118
118
129
118
118
118
117
118
117
117
117
118
119
119
119
118
118
118
118
126
124
118
114
118
118
118
125
169
118
118
119
118
119
118
118
127
118
331
118
118
118
118
117
118
126
118
118
118
119
118
118
119
117
118
126
124
118
118
118
130
118
117
117
118
118
118
119
118
118
118
118
118
118
118
118
118
118
119
118
122
118
119
119
117
122
129
119
118
118
118
117
118
118
118
124
120
118
118
331
117
119
118
118
118
121
116
119
125
119
117
118
118
119
123
118
115
120
118
123
122
118
119
119
119
118
122
118
118
118
117
145
118
118
118
119
119
119
118
126
118
149
125
117
118
119
118
118
118
168
118
115
118
113
118
118
167
118
118
119
118
121
118
118
118
118
119
114
118
118
319
118
120
122
114
118
123
259
125
117
118
119
118
119
118
118
118
118
113
129
126
119
117
118
118
117
118
118
118
118
118
118
118
118
125
122
117
118
118
118
118
118
118
331
118
119
118
119
119
126
118
117
125
117
119
119
121
118
118
121
118
118
118
118
121
118
118
125
117
118
163
118
118
118
118
168
122
119
119
114
118
118
118
118
118
118
118
119
118
117
118
118
119
118
118
118
118
124
119
117
118
118
119
118
118
118
118
118
118
119
139
118
118
117
128
119
119
118
114
118
118
118
118
117
118
117
118
119
118
118
124
129
118
118
118
118
119
119
118
118
119
119
261
156
128
118
121
119
119
118
118
118
118
118
118
126
118
118
119
118
118
118
119
331
118
118
118
121
117
118
119
118
121
119
148
118
118
348
119
118
118
119
118
145
118
133
118
118
282
118
118
118
118
119
123
113
118
118
118
118
123
117
119
117
118
118
118
128
123
118
119
118
117
118
118
118
118
124
118
118
118
119
125
132
118
123
119
118
118
118
118
129
119
119
118
122
118
114
119
117
118
121
122
118
119
118
123
118
118
117
119
118
119
118
118
125
118
119
118
118
118
119
259
119
118
118
118
118
