141
136
141
142
140
141
142
141
148
141
140
148
149
142
141
135
148
142
151
141
141
141
137
142
201
141
141
141
141
201
137
137
142
140
141
141
150
142
140
141
426
148
141
141
141
137
153
145
396
142
140
147
140
137
140
136
157
149
141
149
141
142
141
148
136
141
148
146
195
141
196
140
141
141
174
154
312
141
140
141
141
137
144
140
140
137
141
141
141
141
142
140
141
142
141
141
140
141
142
142
141
136
140
141
141
141
137
141
142
144
143
140
141
142
141
141
142
141
151
145
144
181
149
140
141
141
153
141
140
142
141
142
142
141
141
141
141
141
141
141
148
199
142
150
156
141
151
141
141
142
141
142
141
141
141
151
141
136
141
152
137
141
140
142
141
141
140
140
141
151
153
142
141
141
149
141
142
141
141
145
137
142
145
152
141
146
142
141
196
141
142
145
141
141
141
142
142
142
142
147
142
141
141
141
142
145
145
141
141
141
152
141
141
142
141
147
141
141
141
137
137
147
141
140
141
141
142
141
142
142
141
141
142
142
141
141
197
149
141
144
141
145
142
141
141
141
150
141
197
141
141
139
142
141
141
140
148
142
140
142
142
141
141
141
145
145
146
141
142
141
143
141
140
141
148
141
141
150
137
142
141
149
144
142
140
141
141
141
141
145
142
141
149
144
145
141
142
142
141
141
141
156
136
141
141
142
141
142
141
143
141
141
141
142
141
152
141
141
141
141
153
141
140
171
181
142
141
140
152
141
152
141
150
141
396
141
141
141
143
144
142
142
145
141
140
142
417
141
155
141
311
141
199
141
142
140
141
145
141
141
140
144
141
142
141
141
137
142
338
141
141
141
145
141
141
141
142
142
141
141
140
141
141
140
149
151
142
142
141
141
398
141
142
141
141
141
141
141
142
141
141
142
140
140
141
141
148
145
145
141
141
137
141
140
141
141
141
142
141
192
188
145
151
141
141
141
140
142
141
137
141
137
141
141
142
142
142
140
141
141
141
141
142
141
142
141
141
142
144
147
142
146
140
141
142
141
141
149
141
142
201
145
144
140
142
141
142
141
142
202
141
141
140
142
141
141
147
153
141
147
328
141
137
141
145
149
141
137
200
141
142
141
141
141
144
141
141
141
147
142
140
140
149
142
149
141
407
148
142
150
140
141
145
141
141
142
138
141
142
141
142
146
145
142
142
140
142
141
141
137
141
153
141
142
141
181
141
141
136
142
142
152
141
141
145
141
142
153
141
141
141
141
141
141
142
141
141
141
142
141
140
147
153
141
141
141
141
145
141
141
148
155
148
141
141
145
415
141
141
140
141
142
141
141
148
141
141
196
141
142
152
141
142
141
136
142
200
141
142
141
141
141
141
141
148
141
148
141
141
141
152
141
141
141
141
156
140
141
141
147
142
197
141
145
150
142
148
141
141
153
141
141
146
141
142
142
140
142
197
195
141
141
142
140
141
398
189
149
141
141
141
220
141
141
142
147
153
141
141
192
145
141
141
145
142
140
141
151
329
141
141
141
158
151
142
145
136
141
141
141
141
141
141
178
142
141
161
141
141
141
141
141
137
141
143
141
141
141
144
141
141
140
141
141
145
141
145
141
141
141
399
141
141
137
392
148
141
141
143
141
141
222
142
144
141
148
141
141
137
141
141
141
141
152
188
144
151
141
147
146
145
145
141
145
141
141
141
162
148
141
141
141
141
142
141
141
196
141
141
141
141
140
203
141
146
142
141
141
312
148
142
194
141
141
141
141
196
141
141
140
142
141
142
152
141
140
141
312
174
141
141
141
141
137
140
141
141
142
141
141
141
203
141
141
141
141
141
141
141
141
141
141
151
141
140
141
140
157
142
142
137
201
142
141
153
152
214
146
141
146
148
142
142
142
148
141
142
140
146
142
141
141
145
141
171
141
142
142
141
141
142
157
141
144
141
141
142
141
147
141
141
142
142
141
140
140
141
141
141
142
142
151
143
141
141
142
168
152
398
141
140
141
141
145
142
142
142
142
140
142
141
141
141
141
141
140
140
141
141
142
141
136
141
140
141
142
147
142
142
145
142
142
154
191
141
141
141
141
141
140
140
141
148
142
141
141
147
141
146
141
142
140
147
141
153
141
142
146
141
141
141
145
142
141
141
141
140
141
141
143
141
319
142
142
194
141
141
140
141
140
137
141
141
141
140
158
141
140
141
145
141
141
141
145
141
142
145
142
140
142
142
145
141
142
140
140
141
141
141
142
141
140
148
141
142
150
141
140
141
141
140
139
141
141
141
136
141
141
142
141
141
146
152
141
141
141
159
141
141
140
141
142
142
149
141
141
197
141
148
143
140
140
142
141
141
145
140
142
141
141
141
140
145
141
141
142
310
144
145
142
141
153
137
141
136
142
141
141
398
142
142
142
153
145
141
142
141
141
141
149
142
137
141
149
141
141
145
141
141
141
324
195
142
145
141
141
141
142
141
141
192
140
142
141
141
148
142
142
142
141
152
140
142
142
142
141
140
140
141
142
141
137
142
142
141
141
141
142
152
142
141
147
141
143
141
142
141
145
150
142
141
147
148
141
150
141
141
141
141
141
141
145
201
141
141
142
140
141
144
157
141
141
141
141
141
142
141
142
141
195
140
140
141
142
141
145
142
141
142
141
145
141
399
141
141
141
138
201
141
142
141
142
145
141
142
141
140
151
140
189
399
152
149
140
140
140
140
142
141
141
141
141
142
142
140
143
142
141
150
142
141
141
140
141
398
141
143
153
142
141
141
307
141
141
202
141
145
141
141
141
142
141
148
142
141
142
142
142
145
141
140
142
144
142
139
141
142
141
141
141
141
145
141
141
142
142
146
142
140
137
140
141
149
146
142
142
142
145
141
141
141
141
142
140
141
141
141
141
140
202
140
141
145
152
156
141
141
142
141
141
141
153
141
140
141
141
142
142
141
141
141
140
142
141
141
141
145
141
141
142
142
141
141
142
144
141
141
145
141
141
141
141
141
141
142
141
141
141
141
141
142
141
141
145
145
141
141
141
141
152
141
142
152
141
140
154
141
136
141
141
398
141
141
147
142
141
141
141
142
141
141
141
145
153
140
141
145
142
145
141
140
142
142
141
142
142
141
141
141
148
140
153
197
152
154
141
141
141
141
141
149
141
160
141
142
141
141
141
325
193
148
141
140
142
141
141
153
141
137
141
141
141
140
141
149
193
141
141
141
193
137
142
196
141
142
142
141
141
142
141
142
141
141
148
141
144
141
142
145
141
398
142
141
140
140
142
141
136
145
141
142
142
141
150
142
141
141
141
141
141
145
137
142
137
141
142
141
152
141
141
141
136
141
144
140
141
141
141
141
145
141
141
142
141
146
141
194
141
141
224
140
141
141
141
141
142
157
141
141
141
141
140
145
141
141
141
153
142
145
152
195
141
140
141
142
156
141
154
145
141
150
142
141
142
141
141
140
142
414
309
145
160
153
141
141
137
141
140
141
147
141
141
141
141
141
141
141
141
140
140
141
141
141
141
152
141
142
145
141
141
140
155
148
141
141
141
141
144
153
141
168
140
142
141
194
140
157
141
140
141
141
154
141
146
140
142
141
141
141
142
141
141
141
137
141
145
141
152
142
141
141
142
142
148
141
141
141
151
141
141
140
141
141
141
141
141
159
144
141
141
147
140
141
136
141
141
154
141
141
141
142
141
218
142
136
142
142
141
141
142
141
141
141
218
141
140
190
141
142
140
141
142
140
142
145
141
141
142
141
154
142
141
141
142
142
145
141
149
142
142
148
157
144
423
141
142
146
142
142
145
141
196
142
142
145
142
141
140
159
142
142
141
142
142
142
141
136
141
141
136
141
144
147
141
150
147
201
141
141
142
141
141
141
146
142
141
141
141
141
149
192
141
141
141
141
141
142
141
141
142
139
141
145
148
141
141
141
152
141
140
142
140
140
141
141
145
398
141
152
142
152
304
141
141
141
141
220
141
142
193
141
141
141
142
141
141
298
141
141
145
153
142
141
141
142
141
141
147
152
141
141
141
141
153
141
141
140
200
189
141
142
137
142
141
141
141
141
425
141
142
141
141
142
141
141
141
145
190
141
398
142
142
142
140
142
142
141
141
141
141
141
147
141
141
142
141
148
141
141
141
150
142
141
141
141
143
141
141
141
141
142
153
141
141
140
141
141
144
141
142
146
148
142
141
140
141
141
141
140
141
141
195
141
141
141
141
142
141
141
309
141
141
141
142
142
140
141
141
141
141
140
141
142
141
141
142
141
141
141
142
140
141
142
142
199
141
141
141
141
141
140
141
141
140
141
141
146
141
141
141
141
144
141
142
148
154
311
141
152
142
146
141
141
201
195
398
141
141
141
145
144
145
142
141
141
142
155
141
142
142
141
141
141
149
142
141
140
141
141
140
141
399
141
141
140
141
141
398
136
140
144
141
142
141
137
136
141
141
149
145
141
141
141
141
141
141
142
149
143
141
142
142
141
140
141
140
141
141
147
141
141
145
141
140
154
141
141
142
191
145
136
141
141
145
146
141
142
141
140
144
141
141
140
152
141
196
196
146
141
142
140
141
142
141
142
142
142
141
142
323
142
142
140
141
141
141
141
141
141
141
142
140
140
141
399
150
141
140
141
141
150
141
142
142
141
140
140
145
141
141
146
140
141
141
140
142
152
141
142
150
154
142
141
141
141
141
151
153
141
143
137
145
141
144
137
141
141
148
141
141
141
141
148
141
146
145
144
142
141
141
141
140
142
149
140
141
141
142
141
141
142
145
141
142
194
141
141
136
141
145
141
189
141
142
141
141
141
140
141
141
141
142
141
142
141
142
141
141
141
142
141
143
136
150
141
142
141
141
141
142
137
141
141
141
146
140
141
141
142
142
141
153
137
141
141
140
153
141
141
161
141
142
142
141
141
152
141
141
156
142
343
152
209
141
141
141
141
142
141
141
141
141
141
141
143
142
141
141
141
142
141
140
200
141
140
154
142
141
144
152
141
145
141
140
141
140
141
141
142
140
153
141
140
141
141
137
141
140
141
155
141
141
142
141
148
141
146
141
149
141
140
149
141
141
204
141
147
141
140
140
140
141
141
141
142
141
141
141
141
141
141
142
142
140
140
141
142
141
141
141
142
141
141
142
141
140
142
141
141
154
401
142
142
141
141
142
143
145
141
141
145
148
154
140
152
142
141
142
137
142
148
147
145
141
142
141
140
141
142
142
198
396
142
141
141
396
140
140
227
141
141
142
141
142
141
141
142
205
146
141
141
155
138
141
141
140
142
142
141
141
141
141
145
141
141
141
141
141
188
148
141
141
140
141
141
141
142
141
141
141
141
141
140
142
140
140
141
148
142
141
151
137
142
141
141
141
141
137
141
141
140
202
140
141
140
141
141
153
142
144
202
142
137
141
141
141
189
141
141
141
148
141
148
142
141
141
150
141
141
142
141
141
150
142
144
141
147
141
142
148
153
145
155
141
141
141
141
141
141
141
195
142
141
140
141
191
148
140
144
140
140
193
141
141
140
141
152
145
140
140
141
148
141
141
152
142
142
144
142
141
142
199
394
141
141
145
141
141
141
141
141
142
141
142
142
141
151
141
142
137
144
155
141
141
398
140
141
141
141
141
141
147
140
141
141
149
141
141
145
142
146
140
141
142
154
141
141
141
143
141
141
141
142
141
140
140
141
142
141
141
213
141
153
142
141
151
142
141
152
149
137
141
141
141
197
202
141
141
152
141
142
141
140
152
141
151
141
141
141
141
142
144
141
141
142
142
398
141
141
141
141
140
151
140
140
142
146
141
136
142
142
147
194
141
192
147
142
142
142
141
150
141
152
141
141
141
141
141
140
140
142
142
141
141
142
141
140
141
142
142
141
140
140
150
147
142
140
141
142
141
141
146
141
141
142
141
140
141
142
141
141
145
141
141
142
141
141
141
141
141
141
141
142
141
141
142
141
141
141
141
141
141
140
142
142
140
141
141
141
145
150
148
141
142
141
144
140
140
150
141
141
141
141
141
141
141
142
309
141
141
141
141
141
141
141
141
155
141
142
142
141
141
141
152
148
141
144
181
141
197
141
141
141
141
141
141
141
141
149
141
141
141
142
141
142
201
142
142
141
196
141
150
142
141
148
141
141
142
267
142
142
141
141
141
141
141
144
136
141
141
142
142
141
141
141
141
141
141
151
141
141
142
141
144
142
142
140
141
146
140
141
141
142
142
142
142
145
142
142
144
141
141
141
141
150
142
141
142
141
141
140
141
142
148
141
142
150
141
141
146
141
141
138
142
141
142
151
141
141
141
141
141
146
141
154
141
141
141
141
193
137
142
142
141
140
142
141
141
141
141
146
204
142
145
140
141
141
141
141
149
145
142
141
142
141
140
410
144
141
141
141
141
141
141
141
141
141
141
141
145
141
197
140
140
141
141
142
142
155
144
141
140
148
141
142
141
142
142
141
141
141
141
143
140
145
151
141
141
311
164
141
148
141
141
142
147
141
141
399
142
141
140
141
141
141
136
141
141
142
141
141
142
141
141
152
141
141
141
141
142
141
141
140
145
153
140
141
141
150
141
141
141
141
141
141
142
140
141
147
140
140
149
141
141
141
141
141
144
142
141
141
141
141
142
140
142
141
142
142
141
140
142
141
144
140
141
141
141
149
142
203
141
141
141
143
148
141
141
142
141
141
142
147
140
141
142
136
141
141
202
140
140
141
141
141
138
141
142
142
145
142
141
141
142
141
140
145
150
141
154
141
141
140
141
140
141
145
145
152
142
141
142
153
153
185
142
140
142
141
142
148
141
141
141
141
144
197
141
141
140
143
142
140
148
141
140
142
141
142
140
141
142
141
146
140
141
145
142
140
137
144
141
140
141
141
141
142
140
141
141
140
147
143
140
141
141
141
141
140
145
151
141
141
141
141
141
141
141
141
141
142
142
209
141
137
141
141
140
141
141
145
140
140
140
142
140
149
141
141
141
141
142
142
144
142
142
141
141
280
147
142
141
141
142
141
141
141
140
141
141
140
141
141
142
142
146
141
140
398
141
140
144
141
396
372
151
141
141
141
191
152
142
140
141
141
177
141
156
142
141
140
145
153
141
148
201
141
141
153
141
141
141
141
145
137
141
141
141
141
153
141
144
141
205
142
141
141
141
141
149
148
143
141
145
140
141
151
151
141
141
142
142
141
150
140
145
141
142
141
142
140
141
141
141
141
141
142
141
142
141
141
144
141
142
141
142
142
141
142
141
141
202
145
141
140
148
148
141
141
141
141
141
141
141
142
141
142
141
141
141
141
141
141
141
153
140
142
146
145
141
141
138
142
141
141
142
141
399
142
140
142
140
142
141
140
141
142
142
140
150
151
147
141
145
316
141
201
141
141
141
140
141
141
140
141
137
141
153
151
141
142
141
141
141
141
140
151
142
142
141
141
141
140
142
141
148
155
141
141
141
137
142
147
141
141
141
142
141
144
141
141
141
208
141
141
142
210
398
142
137
141
141
141
141
145
141
141
206
141
144
137
241
141
141
149
141
148
141
151
141
141
142
141
142
141
141
141
142
141
141
144
141
141
142
150
148
148
140
140
152
141
144
141
141
141
146
149
141
142
141
142
140
141
142
141
141
140
151
141
141
200
142
141
141
142
141
151
141
309
142
141
141
141
141
142
141
141
142
146
141
141
141
322
142
149
141
161
203
145
141
145
141
141
141
142
142
141
141
148
142
205
141
141
142
152
141
141
141
142
142
141
141
230
144
145
141
141
141
146
141
142
137
141
141
141
145
142
141
149
141
141
140
152
140
141
141
141
141
153
141
141
142
141
140
141
142
141
148
140
142
145
141
141
142
148
141
195
144
141
204
141
152
141
141
141
146
141
140
156
140
141
141
142
141
145
141
141
141
142
142
141
142
141
141
141
141
141
141
142
141
141
149
141
144
141
146
141
141
198
137
141
142
141
213
142
148
142
143
141
141
140
141
141
141
142
152
137
142
155
141
141
153
142
148
142
142
142
141
141
142
141
147
142
140
141
152
141
141
151
141
141
154
141
141
142
142
146
149
144
141
141
148
140
141
141
141
214
140
148
142
142
140
141
141
144
188
141
142
141
142
140
140
141
142
141
138
140
141
142
141
141
141
311
156
141
153
141
142
141
141
141
147
141
141
140
143
141
155
141
145
141
141
141
141
141
141
141
147
146
141
141
142
141
141
142
140
141
142
141
142
144
312
141
141
141
142
145
141
141
399
141
140
140
145
141
141
141
142
140
145
141
140
136
141
142
141
140
140
140
398
141
140
141
141
141
141
141
142
158
141
140
141
148
141
142
145
141
235
141
333
142
141
141
157
140
179
140
141
142
146
144
142
141
142
141
153
145
140
141
141
141
141
141
142
141
140
143
137
141
180
145
141
142
141
141
141
140
145
141
154
140
141
142
141
142
141
141
141
141
142
310
142
140
141
141
141
144
141
141
141
141
141
141
142
145
142
141
195
141
141
145
141
140
141
147
140
141
141
141
145
142
141
141
141
141
141
142
141
141
140
142
141
142
142
140
142
143
141
145
141
180
142
141
141
141
141
141
141
141
141
191
140
141
142
141
142
141
141
142
142
141
141
150
141
151
140
141
142
141
141
142
141
141
141
142
141
141
141
148
141
202
140
141
141
145
144
141
140
150
142
147
142
141
145
141
154
141
141
141
141
141
142
140
141
153
197
141
140
141
142
141
294
142
142
141
154
141
142
141
142
141
177
311
142
144
141
142
213
141
142
145
399
142
141
146
141
141
141
141
148
141
141
141
141
142
141
141
140
172
145
137
141
141
141
141
141
141
140
142
141
141
142
142
141
399
141
141
141
141
154
145
147
151
141
140
141
141
141
142
141
142
141
146
141
141
141
141
136
193
148
142
140
141
142
142
141
151
144
148
142
324
145
140
141
141
141
140
141
398
141
137
142
198
142
141
207
142
140
148
140
142
140
147
142
145
141
141
141
142
142
141
153
140
140
141
141
146
141
141
142
141
141
141
141
142
141
141
141
142
141
141
142
152
142
197
141
141
142
143
142
150
142
141
141
142
179
141
142
147
141
141
141
142
141
141
141
143
141
141
142
141
145
141
145
145
141
142
141
141
141
147
142
137
141
141
141
141
140
144
141
141
141
141
141
