84
83
84
84
83
84
94
84
84
84
84
83
84
84
83
84
83
84
84
84
84
84
96
83
84
83
83
85
85
84
84
84
97
93
83
189
94
83
95
88
84
84
83
83
84
187
158
83
83
84
84
83
83
83
83
84
83
96
83
151
83
83
83
83
84
84
84
245
83
83
84
92
95
82
82
84
84
83
84
82
87
84
83
83
83
98
84
82
83
84
87
84
83
94
84
83
84
84
84
83
83
83
84
83
84
83
98
83
84
83
84
84
83
83
84
93
83
84
84
82
83
84
83
86
96
83
132
94
83
84
84
83
84
84
84
83
84
119
84
84
84
84
82
85
92
83
83
83
84
98
84
83
94
84
94
84
85
83
84
84
95
84
84
83
83
84
83
84
84
85
83
84
83
83
83
83
84
84
87
83
84
84
82
84
84
83
84
84
84
84
85
84
84
83
84
83
84
85
84
83
83
86
83
83
83
83
83
84
83
83
84
83
84
83
83
83
84
84
84
83
83
85
136
104
83
84
95
84
83
84
84
83
94
84
84
83
84
84
84
83
94
82
84
176
84
84
88
83
83
84
84
84
84
84
84
245
83
83
84
84
83
83
84
84
83
82
195
84
83
83
82
83
82
83
83
83
94
83
83
84
94
84
83
95
94
83
83
84
241
84
84
95
83
84
84
83
84
84
84
84
84
83
84
95
82
93
83
84
84
83
84
84
82
83
84
85
204
84
134
84
84
85
87
83
83
83
84
84
83
84
83
93
84
83
245
84
83
87
84
83
83
83
83
84
83
84
84
83
83
84
84
83
83
84
84
84
84
280
83
84
94
84
84
83
84
83
84
84
83
84
84
84
84
84
84
84
83
84
84
84
83
84
84
84
84
134
83
83
83
84
84
83
84
84
84
83
84
83
83
84
84
83
84
84
84
83
83
83
83
83
83
84
84
85
84
84
83
84
84
83
85
84
83
83
83
84
84
83
83
84
84
84
84
87
84
87
84
84
84
84
84
94
83
83
95
94
84
83
93
83
83
84
84
83
84
245
83
83
84
84
84
83
84
84
191
82
92
84
83
84
84
82
93
196
84
83
83
121
85
83
84
84
83
84
83
84
84
83
84
83
84
83
84
91
83
84
84
93
84
84
93
84
84
93
84
83
84
84
83
84
84
84
84
84
83
83
82
84
84
83
84
84
83
83
84
83
83
84
83
84
84
83
83
84
83
84
83
84
83
83
84
101
84
84
97
84
98
83
83
87
84
87
84
84
84
93
83
83
84
83
84
84
82
84
94
83
83
84
83
84
84
84
84
83
83
86
83
84
83
83
83
85
83
84
84
87
83
82
83
83
84
139
84
83
84
83
85
84
83
83
84
84
95
84
84
96
84
83
95
84
148
85
83
84
84
83
84
83
83
84
83
84
83
83
84
84
83
84
83
84
83
87
83
83
84
84
84
83
84
94
84
87
84
83
84
84
85
84
83
96
84
84
83
84
136
84
85
84
88
84
83
82
83
83
84
84
84
82
86
84
91
84
83
83
84
84
192
83
84
84
83
83
99
85
83
84
84
84
84
84
83
84
84
84
83
143
84
84
87
84
84
93
84
84
82
85
84
86
84
83
84
84
137
84
84
83
83
83
86
99
134
244
150
83
193
84
84
85
83
94
84
83
83
87
84
94
84
96
84
83
83
84
83
83
83
84
84
95
86
84
83
84
82
83
84
83
83
84
84
84
86
84
84
84
83
134
84
83
83
84
86
234
84
83
84
82
84
83
83
83
84
84
84
83
84
83
84
84
242
83
84
83
83
84
84
94
83
83
84
83
83
84
84
84
83
84
83
83
83
83
84
83
83
87
84
86
84
83
84
83
84
87
94
83
83
98
83
82
84
83
86
83
84
86
245
82
94
263
84
97
84
84
84
96
83
83
84
84
84
84
84
83
84
83
84
83
84
84
84
245
84
84
83
84
83
84
95
82
96
98
83
84
84
87
84
83
82
84
84
83
84
84
83
83
84
84
82
84
83
84
84
83
165
84
84
84
83
84
84
95
83
82
83
83
84
82
83
82
84
86
99
83
83
84
190
83
83
82
84
84
83
84
84
83
84
83
84
83
84
84
83
86
83
83
134
84
94
84
84
83
84
83
83
82
83
83
84
84
83
84
83
229
83
83
83
83
84
94
83
84
83
84
83
84
83
84
84
84
84
84
84
84
83
83
84
83
84
84
84
84
84
83
83
88
83
138
84
83
142
84
84
84
138
97
83
262
83
84
84
85
83
84
87
84
84
94
83
83
84
96
84
84
110
84
84
84
82
84
84
84
86
84
84
84
84
84
84
84
83
84
83
83
84
83
84
84
82
83
85
84
94
87
85
95
84
83
94
84
193
84
84
83
83
84
84
84
83
84
84
84
84
83
84
83
83
83
84
88
84
82
84
83
142
82
83
84
84
84
84
84
83
83
84
83
83
83
83
84
84
84
87
83
84
83
84
83
83
84
83
84
84
83
93
83
84
82
84
84
93
153
83
83
83
83
86
84
84
83
83
82
87
83
83
82
95
84
93
84
93
93
84
83
93
84
84
84
84
84
95
84
83
87
84
84
242
84
82
108
84
84
84
84
83
86
83
84
83
83
209
82
83
84
83
85
84
87
85
264
84
84
83
84
84
84
84
84
84
84
84
84
87
83
83
84
84
83
84
199
84
83
84
83
84
84
86
83
84
84
93
163
83
83
83
87
83
83
84
82
92
83
84
83
84
85
84
84
83
138
84
83
83
83
83
84
83
84
83
85
189
84
82
84
84
83
83
83
84
84
83
84
98
83
82
96
84
83
82
83
84
85
85
244
84
83
83
84
84
83
83
83
94
84
84
83
83
84
84
83
83
84
87
83
83
84
84
84
82
205
84
84
84
94
83
138
83
83
84
84
83
83
242
84
83
84
84
84
84
94
84
83
83
84
84
85
84
83
84
84
144
83
84
84
85
84
83
84
83
104
87
95
84
84
83
84
94
83
84
83
83
84
134
87
84
84
84
84
84
85
84
83
84
84
82
83
84
84
84
242
83
84
84
82
83
85
87
84
83
84
84
83
93
84
84
83
83
86
92
83
83
83
83
83
84
84
84
84
84
83
83
84
83
94
94
83
84
82
82
84
95
84
83
84
83
84
84
84
84
95
84
83
83
84
84
83
96
84
87
83
84
83
83
84
84
83
93
82
84
84
92
83
87
83
83
84
84
84
83
84
84
83
84
84
84
84
83
84
84
84
83
82
83
83
83
93
90
84
208
83
84
84
84
84
84
84
84
83
84
89
85
84
83
84
84
84
83
84
84
84
84
83
84
84
84
84
84
83
84
84
84
83
83
84
84
84
83
82
83
83
84
95
84
83
84
83
83
84
83
191
83
87
84
84
83
87
84
83
84
83
84
84
84
83
83
84
83
83
84
95
155
94
84
84
83
84
83
83
84
83
83
85
85
208
94
83
84
85
84
84
83
83
84
85
84
84
84
84
83
84
83
83
83
84
84
83
84
84
83
84
84
82
135
83
83
84
96
87
95
83
139
84
95
84
84
83
84
85
83
82
97
85
84
84
83
141
84
84
242
83
83
95
84
83
84
86
83
83
84
82
84
82
87
85
84
82
83
83
83
83
84
83
83
87
83
83
82
83
82
84
84
83
83
88
84
83
84
83
83
83
85
83
83
83
84
88
83
83
107
83
137
84
82
84
94
84
84
83
83
82
84
84
86
83
82
94
84
84
84
84
84
134
83
84
83
83
84
84
84
83
82
86
84
85
83
240
84
85
83
83
82
83
84
83
84
84
84
84
204
83
84
83
83
83
84
85
84
84
83
82
83
83
84
84
83
84
84
84
84
83
83
83
93
83
83
241
155
84
93
84
93
83
84
84
84
84
83
84
83
84
83
84
83
83
84
83
83
83
83
84
84
94
83
84
84
85
140
84
83
86
85
84
84
84
84
84
83
83
82
83
83
83
84
83
94
83
84
85
86
84
84
93
84
86
84
83
84
84
136
84
85
84
84
94
83
87
95
84
84
263
83
83
84
84
84
84
84
86
84
244
84
82
94
84
84
86
84
83
84
82
84
84
83
84
83
95
84
84
94
83
84
84
83
172
84
84
83
84
83
83
83
84
84
83
84
83
85
84
84
96
139
84
84
84
95
84
83
84
84
84
84
86
84
83
84
262
85
83
83
84
83
83
87
83
83
83
83
85
85
83
131
211
83
84
84
84
83
83
86
84
83
84
84
95
83
84
83
83
259
83
95
83
82
85
87
83
84
84
83
87
84
87
82
84
83
82
84
228
84
84
85
84
83
82
146
95
83
227
83
84
83
84
86
83
84
84
83
83
83
82
82
83
84
84
84
85
84
83
97
82
83
83
84
83
83
87
83
83
83
83
83
83
83
85
83
83
84
84
83
95
83
84
84
83
84
83
84
83
82
83
82
82
82
83
84
93
83
82
84
84
96
84
84
84
84
84
84
82
83
138
84
84
84
84
84
84
83
83
83
135
84
83
84
83
83
95
83
84
87
84
84
135
84
84
83
84
84
83
83
84
84
95
86
83
140
84
82
83
87
83
83
84
83
84
83
84
244
84
84
84
83
83
83
84
83
83
83
83
83
84
84
84
84
83
84
84
83
84
84
84
87
87
83
84
84
84
85
83
83
84
84
82
84
85
85
83
83
84
87
83
84
83
84
84
83
83
84
94
83
84
84
84
84
83
83
85
84
140
84
89
84
84
84
96
86
84
84
94
83
84
83
83
94
84
84
96
83
96
83
84
84
84
93
84
83
85
84
85
84
83
95
84
83
84
83
83
84
84
84
84
83
192
83
84
83
83
84
84
82
84
84
84
96
83
85
84
83
241
83
84
84
84
94
84
83
84
83
84
84
83
84
84
83
86
83
82
84
87
84
94
142
95
84
94
85
95
84
83
83
97
84
85
209
82
82
83
83
84
83
84
84
84
82
84
83
84
84
83
84
99
83
83
83
83
83
84
85
96
84
83
84
83
84
84
83
84
85
84
83
83
83
83
83
84
84
82
85
83
138
83
84
83
84
84
83
83
83
85
84
82
84
84
84
84
83
84
84
93
84
84
83
83
83
83
84
84
138
83
83
83
93
83
83
83
83
83
84
84
83
83
87
83
84
84
83
83
84
84
94
92
84
84
143
84
140
84
83
84
84
83
127
189
84
83
84
82
84
84
84
84
83
83
84
84
83
84
83
85
83
82
83
84
84
84
84
83
84
82
83
95
83
97
83
84
96
84
120
83
93
84
84
83
84
83
83
84
83
84
84
83
84
84
84
84
83
84
84
84
83
83
84
84
86
95
140
83
84
84
84
84
84
85
83
84
85
83
134
84
86
84
82
83
84
84
83
84
92
83
83
95
84
84
94
83
93
83
84
83
83
134
84
84
84
245
84
133
84
83
160
83
84
83
84
88
84
84
84
83
84
83
94
83
83
83
144
84
84
83
84
83
83
84
83
84
84
84
83
84
83
84
84
84
84
84
83
84
83
187
83
83
84
83
82
84
84
95
84
94
84
95
87
245
84
84
84
84
211
83
83
87
85
94
83
84
83
88
83
94
95
84
84
83
84
84
84
84
84
83
84
87
84
83
84
84
137
84
84
84
84
84
82
84
84
83
84
83
83
95
84
84
84
84
84
83
86
83
83
84
83
83
83
89
94
84
83
83
84
92
83
83
84
84
84
84
83
83
84
88
84
84
95
84
84
83
96
83
84
84
83
88
84
95
83
83
84
84
84
135
83
83
84
84
84
83
83
83
84
83
84
84
83
84
83
83
84
84
88
84
84
82
83
83
83
84
84
84
83
83
83
85
84
88
84
83
84
84
83
84
84
244
96
84
83
83
84
84
84
84
84
236
84
84
85
167
85
84
84
84
83
83
84
84
84
84
84
83
244
84
84
84
93
84
208
84
84
84
83
83
84
82
83
84
84
95
138
84
83
84
95
84
84
83
84
83
83
209
83
83
88
83
84
84
84
83
82
83
83
83
84
83
83
84
84
85
84
84
84
87
84
84
204
83
87
84
94
162
244
96
84
84
84
84
84
83
83
85
83
84
84
83
84
85
83
84
82
82
109
83
85
83
96
84
83
84
83
84
84
84
84
84
82
83
84
84
83
83
84
85
136
84
83
84
84
84
88
84
85
84
83
83
84
84
84
83
84
83
83
84
85
83
84
84
84
83
94
259
84
85
83
93
84
83
82
84
84
83
83
84
83
83
87
84
85
83
84
84
83
85
83
83
84
83
155
84
83
84
82
95
84
85
84
83
85
83
87
83
96
83
83
84
84
192
83
85
83
83
86
83
83
95
82
84
84
84
83
84
83
84
84
95
84
84
83
84
84
83
82
83
82
85
88
83
94
83
84
85
94
83
84
84
84
136
84
83
83
83
96
84
84
185
83
83
85
84
84
83
83
83
84
82
84
84
84
83
83
84
83
85
84
83
84
83
84
263
92
84
84
84
84
85
83
84
83
83
83
83
84
84
83
136
84
83
84
84
83
84
133
84
84
83
118
84
84
84
83
136
83
84
82
84
83
239
85
83
84
83
82
83
83
84
83
83
84
84
84
84
84
84
83
93
87
83
84
82
84
84
85
83
83
85
83
85
83
84
84
121
84
84
83
84
83
84
83
88
84
85
84
84
85
86
83
83
84
83
103
84
82
84
261
87
83
84
84
84
83
83
82
84
83
83
93
83
136
83
84
84
87
82
84
84
84
84
84
95
83
83
84
84
96
83
83
84
84
85
84
133
84
84
84
84
82
85
84
84
83
84
84
83
83
155
84
83
82
84
83
84
83
84
84
84
83
95
84
84
84
84
84
192
83
86
84
84
85
84
84
94
84
84
84
88
93
84
84
84
83
83
83
84
84
84
82
86
84
83
83
84
84
83
83
84
84
85
84
84
84
94
84
83
84
84
83
84
84
95
84
84
94
83
83
84
84
84
84
84
84
83
83
245
84
84
84
83
83
82
84
84
84
83
83
83
84
265
84
83
83
86
83
84
88
87
87
84
84
82
82
84
83
85
85
83
83
84
94
192
83
84
94
82
83
84
83
95
83
83
142
84
83
83
86
84
128
84
83
83
84
94
84
85
83
83
84
86
86
83
85
84
83
84
84
84
83
83
83
244
87
84
84
83
136
92
83
83
83
85
84
84
83
83
84
84
84
83
96
83
84
84
83
83
88
84
86
83
85
83
83
84
83
96
84
83
84
84
84
93
85
83
84
83
228
84
82
84
84
84
84
96
83
84
83
84
83
83
83
84
84
83
84
84
83
83
84
82
83
84
82
84
83
84
84
84
83
137
84
135
83
92
84
84
83
83
84
87
84
84
83
95
84
84
83
83
83
83
84
83
83
119
84
84
83
83
88
82
83
83
84
84
83
83
83
94
85
84
84
84
84
93
83
84
83
84
84
84
83
96
92
83
83
85
83
83
83
83
84
84
85
84
85
135
84
84
83
84
84
83
85
86
82
84
96
244
83
87
87
84
83
82
83
83
83
82
85
94
83
88
83
84
84
87
84
84
83
84
87
82
95
83
84
143
87
84
84
83
96
92
83
84
84
83
84
83
83
84
84
85
87
83
245
83
94
84
84
82
95
84
124
83
88
96
84
92
83
93
84
84
84
84
84
85
137
84
84
84
82
96
83
83
84
83
95
83
83
84
83
84
83
87
84
84
84
84
83
84
100
83
83
84
245
84
84
83
83
83
86
83
84
84
83
93
84
96
83
83
84
84
83
83
84
82
83
83
84
83
242
84
84
84
84
84
96
189
83
84
82
83
84
84
84
83
84
115
84
139
84
84
83
84
84
245
83
84
83
84
84
83
84
83
84
85
83
83
84
98
95
84
84
84
92
83
84
85
84
83
96
83
83
149
84
84
83
84
85
84
84
139
85
84
84
83
84
84
84
84
83
83
85
83
82
84
83
84
83
84
84
84
83
84
83
95
83
84
83
84
84
138
83
85
84
84
84
84
125
84
84
134
134
84
87
84
84
143
85
84
95
129
82
84
87
84
84
84
82
84
83
119
83
83
84
84
94
84
83
84
85
84
141
83
83
88
83
84
84
83
84
83
83
83
83
84
84
83
84
83
84
83
98
83
84
94
82
83
84
84
84
84
83
120
84
83
84
85
83
83
84
133
84
85
83
83
84
85
84
83
83
97
85
83
84
230
84
84
83
82
83
83
84
84
83
85
84
84
84
84
85
84
83
96
84
84
84
83
83
93
84
83
84
83
83
84
84
84
83
82
94
87
83
83
82
82
84
86
84
87
83
94
84
84
93
84
86
84
83
94
84
93
85
137
83
84
84
83
83
93
92
84
84
83
137
132
84
85
83
84
82
84
93
84
84
94
86
84
84
84
83
84
96
84
84
136
82
83
84
84
83
83
84
135
83
83
84
84
83
84
85
84
83
84
84
84
84
83
83
84
85
191
84
84
84
84
84
84
86
85
84
83
84
84
88
85
98
85
83
85
85
84
83
84
94
83
84
99
83
259
82
83
84
84
84
83
84
84
83
83
83
83
84
84
83
84
93
84
83
83
83
84
84
83
87
83
84
84
87
84
84
83
85
83
99
84
83
83
83
83
84
84
84
85
84
83
83
84
84
84
83
84
83
95
83
84
83
84
85
83
83
84
83
87
84
115
84
84
83
84
84
84
94
84
84
83
84
137
84
83
83
83
94
84
84
95
84
83
84
84
84
84
83
83
84
82
84
88
242
83
84
83
84
84
82
84
84
84
84
82
83
95
84
94
84
84
83
84
84
83
111
84
242
83
84
83
83
85
84
84
83
87
84
83
83
84
84
84
83
83
84
82
84
84
84
84
142
195
84
84
95
84
84
83
83
84
83
85
84
83
87
83
84
84
84
83
83
84
83
83
83
84
83
84
85
84
83
84
84
94
83
83
83
96
83
84
83
84
84
83
84
82
83
84
83
82
84
83
83
82
83
97
94
84
84
84
87
84
83
84
84
84
84
95
84
139
83
84
95
215
83
85
94
84
96
85
83
83
83
83
84
95
84
83
84
84
83
84
84
85
86
82
82
84
83
84
84
83
84
83
83
83
83
83
83
82
84
83
84
83
83
84
84
83
83
83
84
85
83
86
82
85
84
92
