360
337
335
510
332
321
327
327
320
298
327
332
332
326
325
439
335
321
431
326
327
322
326
330
334
330
317
332
344
321
333
321
340
331
336
312
331
335
322
325
320
332
317
323
326
413
321
336
323
339
326
507
326
344
328
462
321
388
314
330
333
321
343
332
330
321
342
328
321
330
321
334
306
331
340
341
332
328
330
742
325
346
328
337
333
341
332
331
337
322
336
336
346
328
334
327
335
320
330
335
326
331
330
326
336
329
329
339
335
333
338
332
437
332
340
326
321
337
338
330
347
344
341
330
332
330
326
324
335
343
334
381
323
331
390
330
326
329
313
329
405
336
337
324
332
343
330
334
790
332
336
321
330
332
321
332
316
330
327
341
339
325
333
331
338
336
322
340
333
329
319
323
321
401
351
335
328
327
330
327
338
346
330
336
344
332
335
328
332
325
391
337
321
346
324
301
394
332
310
391
568
335
335
332
321
332
335
332
330
338
375
332
329
335
321
341
328
341
332
399
320
333
379
339
332
333
321
348
335
351
331
325
332
328
330
328
362
321
334
326
339
335
333
334
330
342
346
332
302
332
327
329
337
321
321
347
320
330
324
332
336
335
392
339
328
335
321
335
335
336
335
340
342
321
336
321
327
321
347
326
301
331
342
332
332
332
339
342
330
330
331
319
326
321
332
339
332
320
322
332
332
331
391
332
324
332
336
344
324
336
340
320
329
347
320
325
339
335
332
320
420
324
414
325
426
331
719
330
336
329
973
330
388
391
347
335
332
331
335
345
333
330
331
327
332
322
324
330
326
412
402
321
332
327
332
591
327
332
337
331
338
329
326
342
329
346
347
332
334
331
326
402
322
321
329
338
336
327
317
329
330
329
332
329
321
336
325
336
334
324
344
334
334
338
336
345
328
325
344
331
321
336
344
331
338
326
352
342
333
333
332
332
336
330
332
339
324
323
320
347
347
342
335
329
327
333
329
336
336
320
335
333
341
333
345
332
331
324
341
302
364
335
335
615
333
344
331
346
349
331
320
322
379
326
332
413
346
336
338
323
332
340
327
343
332
329
328
338
332
340
328
332
336
355
329
334
326
323
335
345
346
335
339
340
336
333
325
340
396
425
320
329
773
336
341
335
335
333
351
335
335
337
334
322
335
334
332
324
336
326
347
302
332
391
324
324
337
321
334
339
344
332
332
332
333
322
348
332
323
908
344
333
322
332
402
329
332
332
350
302
332
331
330
339
331
391
325
332
316
321
340
327
335
343
328
324
302
714
332
327
403
325
336
331
332
326
345
332
329
335
332
340
332
322
336
321
335
329
342
349
345
331
330
323
410
331
400
302
342
334
330
351
327
336
324
330
670
694
336
335
336
323
329
335
327
332
336
342
333
332
332
398
324
332
334
332
336
347
332
335
336
338
349
957
343
390
406
339
321
391
330
323
333
335
322
337
327
339
321
342
329
331
330
342
352
336
333
347
319
336
328
407
341
327
340
332
327
350
332
334
329
344
331
332
302
332
335
333
325
392
332
332
333
332
330
328
332
343
333
326
339
316
326
325
390
330
337
349
340
318
342
344
322
339
353
347
331
336
343
332
321
346
318
341
324
324
334
335
328
326
323
346
332
326
336
320
346
385
322
335
338
334
329
341
342
333
344
324
342
348
337
335
328
392
433
341
323
326
336
329
336
350
418
351
334
336
329
342
333
333
332
966
413
335
321
320
342
336
329
333
325
332
332
332
346
332
332
331
332
329
336
334
332
335
333
343
331
323
338
343
325
337
345
331
321
341
327
336
408
326
329
324
409
337
340
339
547
416
335
323
331
347
345
329
339
331
338
335
322
336
331
336
335
331
345
371
350
330
335
342
332
359
328
321
321
344
335
348
326
330
336
332
345
335
321
442
332
321
327
321
342
305
343
394
332
301
343
332
326
326
331
336
334
334
335
382
335
321
336
415
337
330
338
322
335
321
341
327
330
339
336
332
332
331
329
318
330
340
329
344
332
342
330
338
328
324
331
329
333
328
331
322
335
321
321
341
332
328
326
389
321
320
337
336
335
339
301
329
336
335
321
400
324
334
332
336
329
325
330
335
333
346
340
318
332
341
339
335
331
329
335
332
335
395
332
340
325
331
335
393
330
333
330
336
339
342
321
950
312
324
334
327
321
326
323
334
320
322
321
336
334
331
327
336
349
326
332
323
322
395
393
330
332
333
323
326
321
333
321
338
321
351
345
322
331
337
326
341
376
328
334
339
332
338
328
326
338
385
336
336
335
335
324
324
322
451
327
336
321
333
342
325
339
398
307
322
322
333
331
332
320
332
332
326
328
342
326
338
335
343
342
320
392
311
323
335
326
332
315
326
391
326
335
334
322
387
341
335
329
335
354
332
395
320
397
330
314
345
321
350
345
340
337
328
351
378
325
332
325
330
329
321
326
345
341
332
335
338
349
369
334
325
332
332
332
332
332
334
360
336
335
349
330
332
332
336
335
393
334
334
347
339
343
387
332
330
336
334
324
393
342
335
330
335
334
326
336
329
713
338
348
335
322
347
345
406
324
325
327
331
335
337
329
328
339
320
335
860
333
325
331
433
332
332
322
392
325
344
320
325
341
344
346
334
332
330
340
332
330
329
415
336
342
332
327
329
333
338
321
324
328
332
332
336
327
330
302
349
322
334
346
335
334
324
329
330
336
326
336
397
331
327
391
346
340
325
340
335
335
324
325
335
331
331
332
325
333
332
334
324
350
345
332
333
342
394
325
325
331
326
332
326
332
332
332
332
334
321
346
327
344
338
321
335
347
332
321
332
335
321
344
331
339
336
326
339
324
321
338
331
397
334
339
345
335
322
342
341
321
324
336
333
332
321
335
331
331
340
338
414
334
321
341
344
341
399
321
387
342
340
344
321
326
331
324
347
335
393
393
329
332
396
335
327
332
332
326
341
333
334
323
332
322
302
324
331
329
322
331
321
326
326
332
331
337
408
330
345
313
332
320
331
399
332
334
323
343
332
389
337
332
303
326
350
331
327
332
327
322
330
416
314
315
332
331
335
327
340
341
325
331
325
335
333
332
321
321
324
341
332
329
333
321
347
318
335
335
398
321
335
350
322
330
326
331
334
335
334
338
341
332
330
335
331
333
344
330
329
341
334
326
340
336
321
326
332
309
330
331
340
334
371
368
344
338
324
331
331
335
335
322
332
332
332
333
336
390
339
331
399
325
346
334
332
345
342
342
327
332
339
336
322
326
326
336
323
332
334
314
348
326
332
331
330
332
301
321
321
354
337
337
329
310
782
322
332
337
343
330
339
322
321
406
465
320
335
336
326
387
335
321
332
337
350
408
336
352
468
329
331
333
331
328
338
317
335
335
313
357
324
326
332
335
335
335
340
411
328
335
321
335
342
332
317
335
334
332
414
414
388
342
326
331
349
334
324
321
302
340
339
323
333
340
335
335
332
325
338
328
321
326
320
327
320
335
325
338
318
407
328
339
346
385
333
332
345
321
340
342
328
334
336
332
425
595
333
336
336
323
321
326
335
333
342
335
329
326
479
336
335
341
325
340
326
336
425
332
321
341
325
348
329
341
341
320
339
324
332
327
330
331
327
347
335
600
348
326
352
321
342
325
330
327
332
343
334
325
350
335
321
347
334
412
342
358
401
325
335
334
336
324
338
330
335
389
326
334
336
322
338
338
335
339
324
346
328
334
336
339
339
336
321
341
328
299
345
324
336
427
339
320
333
345
342
411
368
329
327
332
325
404
332
342
331
322
384
331
336
335
415
328
332
328
324
340
336
310
331
336
328
420
343
321
335
332
325
342
335
332
334
325
301
331
336
325
335
315
408
324
329
339
343
337
322
335
330
332
341
332
323
326
344
341
348
331
342
331
330
319
336
348
346
325
346
340
326
336
331
322
336
323
326
401
325
338
341
343
302
332
342
342
331
333
333
347
335
345
339
450
340
335
339
394
336
333
315
333
327
321
341
327
345
326
321
328
320
329
339
342
331
326
332
327
324
331
335
342
335
335
332
314
325
343
392
331
391
319
333
398
332
339
342
331
325
343
331
346
325
344
326
335
332
343
332
321
336
312
335
346
341
332
325
332
330
321
316
336
302
329
325
335
332
346
302
332
332
320
394
331
409
311
327
335
321
320
340
413
340
336
335
332
339
345
341
336
332
302
346
341
330
329
335
336
339
343
340
345
345
302
333
332
508
324
328
321
336
340
334
324
328
326
332
346
332
333
338
330
336
327
335
346
340
349
321
332
328
333
364
331
332
325
333
331
336
337
338
391
330
876
345
321
330
335
321
321
329
316
320
334
336
335
335
345
324
336
341
326
325
332
332
333
348
308
332
323
345
342
332
324
332
329
326
320
332
333
312
398
336
326
338
334
341
321
324
339
332
341
332
332
336
408
302
335
342
336
380
346
338
342
336
393
325
327
328
332
335
339
336
320
332
342
340
332
321
332
342
333
335
330
330
331
332
339
328
387
338
321
329
333
324
329
405
336
328
336
336
335
322
339
321
328
333
334
389
332
335
882
322
424
333
349
341
331
332
319
332
342
334
321
323
323
324
332
378
327
330
327
322
340
397
332
327
335
343
340
320
332
337
328
332
334
334
346
338
338
332
321
346
323
327
321
326
335
340
382
345
334
333
298
321
345
391
324
325
331
397
335
916
326
336
364
321
321
301
332
324
326
332
335
321
328
332
331
321
321
336
414
391
331
349
328
335
332
331
301
332
337
332
339
334
331
335
346
336
345
326
339
342
337
342
332
334
331
331
332
336
329
327
321
324
335
334
333
347
321
321
331
322
321
338
315
332
323
336
348
319
345
326
328
336
326
926
324
328
331
332
331
333
301
335
335
334
321
333
383
333
331
320
316
321
332
323
328
321
332
330
340
334
332
332
339
345
322
328
492
332
345
322
329
351
345
334
343
343
323
321
326
810
336
322
342
340
332
338
335
342
330
325
323
336
333
331
349
337
334
420
333
332
326
317
422
332
329
336
326
336
329
410
332
323
302
398
325
336
339
339
313
333
321
324
325
344
321
337
331
341
335
334
336
336
329
331
336
344
321
335
338
335
348
338
394
337
969
330
328
390
332
318
331
331
330
347
337
417
333
331
336
331
347
326
334
324
321
322
328
334
332
331
329
342
322
385
332
326
332
329
342
315
347
384
337
331
331
406
331
415
337
322
328
322
934
334
325
340
335
332
344
322
333
333
335
321
329
352
336
336
347
326
325
328
331
342
322
332
378
323
335
325
390
346
344
325
349
331
334
321
302
322
327
337
326
322
325
331
327
325
345
332
331
757
332
343
336
345
346
337
331
326
333
332
321
332
363
325
346
335
321
329
332
322
326
336
332
332
342
383
349
334
324
358
339
328
329
346
329
332
393
345
321
346
335
325
333
328
343
330
327
335
320
336
326
413
353
334
326
335
389
335
345
339
345
946
343
342
334
328
318
788
320
338
322
321
348
336
326
325
344
329
336
336
337
335
329
321
321
332
331
391
328
390
326
327
335
329
341
324
329
331
331
326
335
322
355
317
401
333
322
339
350
345
413
325
332
320
332
331
331
336
357
325
325
325
386
327
338
343
329
327
334
328
331
406
328
332
331
324
331
926
335
333
342
330
344
344
335
386
348
336
343
326
330
343
334
338
336
332
332
331
381
331
321
335
338
340
325
389
342
407
345
336
331
324
341
335
321
330
339
332
319
318
335
302
328
331
332
331
320
332
333
331
306
316
396
322
322
326
509
331
332
332
338
345
333
322
321
336
340
328
342
347
321
338
332
331
321
342
333
351
339
341
343
322
393
331
332
334
329
326
331
343
336
336
329
341
327
395
409
322
342
329
322
336
343
330
320
332
329
332
322
332
414
343
333
425
332
322
335
326
322
336
336
324
342
343
329
345
343
337
332
335
341
331
332
333
337
351
336
335
331
325
336
332
324
326
348
330
344
327
348
325
321
330
342
331
332
332
335
331
349
320
330
445
332
331
320
332
325
372
332
738
517
337
321
346
331
330
321
332
331
342
302
329
326
322
325
325
344
318
343
341
570
340
335
326
403
334
339
325
324
329
328
342
402
335
335
335
332
332
328
336
335
332
338
330
327
327
341
335
326
331
342
331
335
330
341
322
321
834
335
334
321
338
325
345
330
328
332
331
332
331
321
334
397
320
324
341
339
328
341
345
339
343
327
332
320
335
343
335
323
325
322
323
343
340
321
390
332
333
336
332
329
331
325
412
332
332
400
336
341
322
331
342
323
333
326
343
320
321
332
327
332
407
332
326
326
394
322
322
322
334
336
321
347
332
321
336
326
333
341
314
342
332
346
331
324
345
332
332
346
332
332
327
322
328
332
331
329
343
340
332
332
336
319
333
322
327
330
345
337
326
330
332
340
321
330
335
332
305
330
330
332
330
339
321
336
326
336
329
344
340
331
332
402
335
332
342
340
344
330
332
394
337
325
330
398
339
319
322
297
333
321
393
327
333
321
337
354
334
339
328
325
333
332
323
328
342
331
578
329
322
335
340
331
336
335
332
335
399
327
331
355
335
332
333
326
332
329
321
347
329
345
325
329
330
345
332
335
347
328
332
321
333
330
317
331
332
392
313
320
324
574
326
330
332
326
336
336
336
331
353
328
330
325
335
337
335
336
334
338
398
339
320
341
334
331
342
342
332
324
328
323
302
378
323
335
326
324
323
396
326
331
348
327
327
331
367
358
336
326
342
342
332
331
335
335
320
340
333
338
389
395
331
302
315
336
325
332
332
327
331
330
394
321
325
337
413
331
378
334
325
328
334
312
332
334
334
328
327
331
332
764
331
335
978
339
332
319
336
561
328
315
330
322
327
346
335
340
343
324
324
335
332
332
386
341
331
321
343
326
743
328
347
334
336
320
336
335
329
326
338
332
333
339
334
329
417
330
336
336
325
334
332
335
332
321
331
345
332
331
330
329
808
326
318
332
761
331
332
324
322
320
363
335
342
315
339
687
332
334
317
333
335
325
320
339
345
334
330
324
348
335
336
972
384
325
321
408
326
336
336
330
328
331
331
333
332
328
325
346
411
415
344
339
332
332
326
399
322
333
328
320
343
341
335
331
337
341
340
334
332
329
313
320
335
344
336
341
321
332
342
330
331
322
503
319
323
336
339
321
344
340
305
329
332
327
330
315
333
331
330
323
338
694
368
341
330
336
337
339
331
337
962
332
332
393
331
328
332
340
321
329
336
328
324
320
332
336
329
327
325
328
417
320
327
336
393
346
325
322
334
320
326
330
329
316
330
720
328
336
330
331
327
335
392
903
333
325
346
334
335
336
325
336
396
336
332
336
332
321
350
328
756
340
324
338
323
335
325
302
335
330
320
342
327
328
336
413
328
343
321
330
326
329
345
386
336
407
323
333
336
337
406
395
332
336
324
312
329
332
332
389
333
325
335
329
414
332
332
332
320
347
321
345
331
331
320
325
348
320
346
330
509
335
325
327
327
337
336
329
334
332
322
330
341
329
905
341
403
323
451
351
513
322
349
327
338
328
330
327
321
323
312
336
332
329
326
334
935
335
321
336
335
334
338
325
321
332
339
340
335
332
326
341
332
342
368
325
332
332
344
330
344
335
332
332
331
326
342
330
332
322
320
333
400
325
322
330
320
334
330
323
328
340
372
335
321
338
346
342
379
337
325
321
319
328
406
335
333
327
330
325
332
345
345
336
412
395
339
329
336
346
325
325
349
338
336
349
325
330
331
335
345
335
329
343
370
315
323
356
402
335
332
334
336
343
336
313
338
323
323
335
336
574
328
331
338
328
340
325
331
336
331
333
328
585
321
326
331
332
330
343
323
341
336
349
324
334
321
320
332
326
325
404
333
325
324
343
336
343
321
320
326
335
321
348
355
325
336
326
333
348
335
311
319
322
325
329
332
342
389
345
333
332
470
349
330
331
342
332
321
330
330
335
350
320
334
332
333
325
330
324
302
337
519
325
321
331
341
342
315
339
343
399
332
322
335
330
350
325
346
330
324
321
324
339
329
335
321
331
329
332
375
324
321
320
321
967
336
321
420
327
322
362
341
333
332
332
354
335
334
321
629
326
403
333
331
339
340
323
341
329
315
331
329
321
940
350
335
326
327
322
332
332
331
391
336
332
312
330
321
324
301
335
329
327
335
332
416
333
334
335
331
332
342
326
335
349
372
326
320
396
326
321
332
347
320
348
339
332
349
325
338
394
335
332
955
320
329
332
341
339
321
336
345
346
321
332
331
321
333
343
398
324
335
323
321
332
325
336
332
352
331
333
328
335
334
333
329
321
332
337
331
331
321
312
336
323
332
342
330
331
337
339
357
321
336
379
329
322
321
334
412
322
507
332
343
344
341
332
316
331
329
336
323
327
328
336
341
321
332
384
331
334
321
343
326
321
332
340
329
331
324
339
325
335
334
334
327
336
335
336
351
321
340
332
332
389
311
323
340
341
335
339
331
331
341
332
301
322
330
321
332
396
342
314
320
320
349
328
320
331
409
326
329
323
339
337
332
340
331
332
328
331
336
320
337
390
511
343
330
328
332
470
332
331
322
321
327
324
328
345
325
382
332
335
337
335
542
337
330
885
334
332
332
336
325
346
335
340
336
351
332
324
321
353
336
331
328
328
320
330
327
321
321
345
317
323
334
349
331
331
324
341
332
322
332
322
321
385
554
318
328
331
333
335
333
343
326
348
743
403
344
333
319
340
396
321
332
322
345
344
345
329
348
325
439
340
333
339
324
332
333
336
335
350
347
333
335
324
330
411
739
334
349
340
351
322
977
326
334
334
335
332
332
325
351
345
334
322
327
346
320
332
323
333
333
325
625
329
320
336
325
672
332
305
341
332
341
341
306
338
340
340
332
327
330
344
323
330
342
321
332
337
804
328
335
335
347
333
735
346
332
332
327
314
344
335
342
325
336
416
326
336
344
327
324
336
370
331
331
323
336
397
348
329
373
346
321
332
332
341
336
323
332
302
341
331
321
336
317
400
327
324
320
320
327
321
392
312
394
325
328
321
330
326
328
379
326
324
329
332
342
304
330
319
322
319
324
321
323
325
321
324
330
325
337
325
324
393
342
301
348
332
320
351
332
338
321
333
346
345
337
322
321
395
332
411
321
336
335
334
321
320
321
321
349
332
341
333
330
336
335
355
332
321
332
329
329
327
326
331
337
326
332
917
