78
74
74
74
74
75
75
74
75
75
74
74
74
77
74
73
84
74
74
75
74
74
74
74
75
74
74
74
75
75
74
75
75
74
83
74
247
187
75
75
98
75
74
74
74
217
74
74
75
74
87
85
74
75
76
74
74
75
74
74
74
74
74
74
170
74
74
74
74
192
74
75
76
74
74
74
75
74
74
74
179
74
74
74
75
74
74
75
74
78
78
74
74
75
74
84
74
75
74
74
74
74
74
86
74
75
87
74
75
74
75
75
75
74
78
74
208
74
74
74
74
74
217
74
74
84
74
74
74
74
74
87
74
74
74
74
74
74
123
74
74
74
75
74
88
74
75
75
74
74
74
74
74
74
74
73
74
74
74
74
74
84
78
74
75
75
74
74
74
74
74
84
75
74
74
74
74
74
74
74
75
74
74
75
74
74
74
75
74
74
74
74
75
74
76
74
74
74
80
77
74
75
74
84
74
74
74
74
74
74
75
85
75
74
74
74
140
74
75
74
74
75
74
74
78
75
74
74
74
74
238
75
74
74
78
74
74
74
77
86
74
75
74
74
74
75
74
74
74
74
83
74
118
75
75
170
74
87
78
75
74
75
75
75
75
77
75
74
74
74
74
74
75
78
74
74
74
74
135
74
74
74
85
74
75
75
85
74
78
74
75
74
75
74
74
75
74
74
74
75
75
74
75
74
100
74
75
74
75
74
74
74
75
169
74
74
74
74
74
74
74
75
75
74
74
131
75
74
219
74
77
74
74
74
75
74
74
74
74
74
75
87
74
74
191
74
74
74
74
75
87
74
74
74
75
75
74
74
75
74
84
74
74
74
127
74
74
87
74
75
74
74
74
74
74
74
75
75
74
74
74
74
170
74
74
76
74
84
84
187
74
74
74
75
74
74
74
74
74
75
74
74
74
74
84
74
74
74
74
75
75
75
74
74
75
252
74
75
75
74
75
74
127
75
74
75
74
75
87
74
74
87
74
76
76
74
74
74
74
84
75
73
74
75
74
74
74
74
74
74
74
74
74
82
83
78
74
90
74
74
74
75
74
74
75
74
74
74
74
74
75
74
74
77
74
74
74
74
75
74
74
76
74
74
74
74
74
75
74
84
74
74
75
75
74
74
74
82
85
74
74
75
74
183
74
77
75
74
74
74
74
74
74
133
74
74
75
75
75
81
88
74
74
75
74
74
75
74
74
74
74
78
74
74
75
75
75
74
74
75
74
74
74
74
74
75
74
74
74
75
74
74
73
75
107
83
124
74
75
78
74
78
75
74
84
74
74
75
74
74
74
74
74
74
74
74
74
74
74
74
74
75
74
74
74
74
74
74
75
75
75
74
75
74
74
74
74
75
74
74
75
76
78
74
74
75
75
94
76
74
218
74
75
140
84
74
75
74
74
93
75
74
74
231
75
73
74
75
75
74
74
75
75
74
74
74
74
74
74
87
85
74
75
75
74
74
74
74
74
75
74
74
74
74
75
75
74
74
74
75
75
74
74
74
75
95
85
73
73
74
74
74
74
83
74
74
74
74
74
83
74
86
74
74
80
74
75
74
74
130
74
75
74
74
74
75
74
74
75
74
75
75
84
74
74
74
85
74
75
74
112
74
74
84
89
74
74
74
75
75
74
86
73
74
75
74
74
74
75
75
74
75
78
74
75
74
74
75
75
74
74
74
74
75
74
74
74
74
74
75
75
75
74
228
74
74
74
74
74
87
74
99
74
83
74
74
170
74
74
75
79
74
74
74
75
74
74
74
75
74
75
74
75
74
78
75
74
82
74
74
74
75
78
171
73
74
74
79
74
75
84
74
74
74
85
73
75
74
74
74
74
75
78
78
74
74
74
74
74
74
75
75
78
74
75
77
78
74
75
74
74
73
74
78
74
74
75
75
84
74
74
74
74
83
75
74
75
74
75
74
74
76
74
74
74
74
78
74
75
74
74
74
74
74
74
75
74
74
75
74
85
74
75
74
74
74
75
74
74
75
74
75
75
74
74
74
74
84
74
76
74
75
74
75
75
75
89
74
74
75
73
75
74
75
74
74
74
74
75
74
236
75
74
74
114
74
79
74
75
76
74
74
76
74
78
75
75
84
74
74
74
75
74
75
74
74
74
77
81
77
74
75
129
74
74
84
74
74
75
82
74
74
75
74
74
74
74
75
74
75
74
74
74
74
74
74
74
75
73
74
73
74
87
74
83
74
74
75
75
74
74
74
74
74
74
75
74
75
74
74
74
74
75
74
84
75
75
74
83
74
74
74
74
74
74
74
74
78
74
74
75
75
75
74
74
74
74
74
75
74
74
74
85
74
74
74
74
75
74
74
74
74
74
74
170
74
86
74
74
82
74
217
74
75
74
75
89
75
74
75
74
74
75
74
75
74
84
74
74
75
74
74
74
84
74
74
74
74
231
74
74
75
74
74
74
74
74
74
74
74
74
74
74
74
74
74
74
74
74
75
74
74
74
74
74
75
74
75
74
74
75
74
74
74
143
74
75
74
74
75
74
74
74
74
131
74
74
74
75
74
74
74
74
74
75
74
74
74
74
74
83
74
74
84
74
74
74
170
75
74
75
74
74
74
74
74
74
85
74
74
82
74
74
74
74
74
74
74
74
74
74
74
74
74
75
74
75
90
90
75
75
74
74
74
74
74
74
76
73
74
74
74
74
74
74
73
74
74
75
74
75
74
74
74
75
74
74
74
74
74
74
74
74
74
74
74
78
74
75
74
74
75
85
78
75
74
74
74
83
74
78
74
184
74
74
74
74
75
75
188
84
74
75
74
74
123
74
75
83
75
74
74
74
75
74
75
74
75
75
74
74
74
84
74
74
74
75
74
83
74
74
74
74
169
74
74
74
74
74
75
74
75
74
88
74
75
75
74
75
74
76
74
74
75
76
74
74
105
85
75
74
74
74
75
75
81
74
74
74
84
74
75
128
87
74
74
75
74
74
75
74
74
74
75
74
74
74
74
74
75
74
74
74
86
74
73
74
74
74
217
74
75
74
74
74
74
76
74
74
74
74
74
74
75
75
75
78
74
87
74
74
74
74
74
74
74
74
75
74
74
74
74
74
76
74
75
74
74
74
74
74
74
74
74
73
75
75
187
74
86
76
77
75
74
75
74
74
74
74
74
83
74
74
75
74
74
86
74
74
75
74
74
74
74
74
74
74
75
75
74
74
74
74
74
75
74
74
74
74
74
75
78
74
74
75
206
75
74
75
75
74
85
74
74
75
74
74
75
74
77
86
85
74
87
74
75
74
74
74
75
84
74
74
74
75
74
86
75
75
74
75
74
78
75
75
74
74
75
74
74
74
74
74
74
74
74
84
74
74
75
74
74
75
74
75
74
74
74
74
75
74
74
75
74
74
74
74
74
76
78
74
74
77
74
74
86
74
75
160
74
74
75
74
77
75
74
74
74
74
74
74
75
75
160
75
74
74
78
87
74
74
77
73
74
74
83
74
74
74
75
75
85
217
74
74
75
217
74
134
74
74
74
85
74
94
195
75
74
85
74
74
82
74
74
74
91
74
74
74
107
76
74
78
74
74
75
74
74
74
75
91
74
74
75
75
85
74
74
74
74
74
75
74
73
75
74
75
75
74
74
171
74
86
74
77
83
74
74
74
74
74
75
74
74
74
74
74
85
74
74
75
75
87
74
75
86
75
74
74
75
74
75
74
74
75
75
216
74
74
74
74
74
74
74
74
74
75
172
74
74
75
74
74
77
74
74
74
75
74
74
74
75
74
75
75
74
74
74
77
74
74
75
75
75
75
76
75
74
74
75
74
74
83
74
74
74
75
90
74
74
74
74
75
75
74
75
197
84
74
74
74
74
74
74
74
75
74
74
74
74
74
75
74
75
74
78
74
74
74
74
74
75
75
79
115
74
74
74
75
84
74
74
73
83
74
75
75
74
74
75
74
74
74
74
85
75
75
74
74
74
74
78
74
75
74
74
217
75
123
74
85
74
74
74
74
74
74
74
74
75
74
74
74
75
75
74
75
75
75
74
75
74
74
74
75
74
75
75
73
74
74
74
75
74
74
74
74
74
165
74
74
74
74
75
149
86
74
89
95
74
93
74
75
75
74
84
74
74
74
74
74
75
75
75
74
75
74
74
74
74
74
74
74
75
87
74
74
78
75
75
74
74
74
74
74
75
76
73
75
76
74
74
75
74
74
74
78
74
74
74
76
74
218
74
74
74
74
75
74
74
74
74
78
85
74
74
74
74
74
74
74
74
75
74
74
74
74
75
75
95
75
74
74
74
74
74
131
74
75
74
74
75
74
75
78
74
75
75
74
74
74
74
74
74
74
75
74
73
94
74
74
74
74
74
74
74
74
74
74
75
74
74
85
86
74
75
76
74
74
74
74
75
74
74
78
76
74
73
74
74
74
75
218
75
74
74
74
84
74
74
74
74
75
74
74
74
75
74
75
74
75
75
74
74
74
74
74
74
74
75
75
75
74
74
74
75
74
75
74
75
74
74
74
75
75
78
74
76
74
74
74
74
74
74
74
74
74
73
74
74
84
82
74
74
74
74
83
74
74
74
216
74
75
74
74
74
74
217
74
74
74
74
74
74
74
74
74
75
74
74
86
75
74
75
75
74
75
74
75
74
74
82
74
75
74
74
74
74
89
74
78
74
74
75
74
74
75
75
75
74
74
75
74
74
204
74
74
74
74
74
75
73
81
78
74
74
121
75
74
74
74
74
75
74
75
74
74
74
75
87
75
74
78
85
74
74
74
74
74
74
75
74
74
74
74
74
74
74
74
75
74
74
217
104
74
75
86
74
75
74
74
75
74
74
73
74
74
75
74
74
88
82
76
74
75
88
74
75
74
74
74
74
76
74
74
74
75
74
74
74
74
74
135
75
216
74
74
73
75
74
75
74
74
83
73
74
73
74
217
74
74
74
75
74
74
75
74
75
74
75
74
74
74
74
74
74
74
74
74
74
74
85
74
74
74
74
74
74
76
78
74
74
74
74
74
74
127
75
106
74
74
74
74
74
77
94
74
74
75
74
74
74
74
74
75
77
74
74
74
74
74
75
75
74
74
86
202
74
90
74
75
74
75
76
183
75
73
74
74
74
74
78
74
78
216
74
74
78
75
74
74
75
74
75
74
85
74
74
74
74
83
74
74
74
74
87
75
74
74
74
75
75
74
75
74
74
74
217
74
74
74
74
75
78
73
74
74
75
74
74
74
74
74
84
74
74
75
74
74
74
73
73
74
74
185
170
75
75
74
74
74
74
74
74
74
74
75
77
75
74
86
74
74
74
75
74
74
75
74
74
75
74
74
74
75
75
74
74
74
75
75
74
74
74
126
75
75
75
74
74
86
74
74
74
75
74
125
74
84
74
74
74
74
74
74
74
84
74
74
74
74
74
75
75
74
74
74
74
82
84
74
74
74
92
216
74
91
74
74
75
74
74
74
75
74
78
73
75
75
74
74
75
74
74
77
75
74
74
74
74
74
74
74
74
76
74
75
84
74
74
74
74
75
223
77
74
74
74
75
74
74
74
74
74
74
218
74
74
86
75
74
75
86
75
78
75
74
75
73
74
85
75
74
74
130
74
74
74
74
74
74
74
75
74
75
74
75
74
124
74
74
74
74
75
74
74
74
181
74
74
74
74
75
135
74
74
74
73
75
76
74
74
74
74
74
92
78
74
74
84
74
74
74
74
75
78
85
74
74
74
75
74
74
126
75
74
74
74
74
74
74
95
74
74
75
74
74
74
74
74
75
74
74
74
74
75
75
74
74
74
74
171
75
74
82
75
75
75
74
77
74
74
74
74
75
74
74
74
74
75
75
74
74
74
75
75
75
74
74
216
88
75
74
74
74
87
74
74
74
75
77
74
75
74
84
74
75
73
75
74
74
75
74
75
75
75
74
74
81
74
74
74
74
74
75
74
74
75
74
74
75
76
75
74
85
75
74
74
74
74
75
74
74
74
186
74
74
75
74
75
74
75
82
74
74
74
74
74
75
74
130
74
74
74
77
87
74
74
74
74
74
88
176
75
74
75
75
74
74
74
74
74
75
74
74
75
74
74
75
74
74
74
74
83
74
74
74
74
85
74
75
74
74
75
75
83
74
74
75
74
74
74
74
74
74
85
84
74
75
74
75
74
217
85
74
74
75
74
169
77
74
75
74
74
83
74
75
75
75
75
74
75
75
74
74
74
74
74
75
74
75
74
74
74
75
74
185
75
73
74
74
75
74
74
74
74
74
74
98
74
74
84
75
74
74
75
75
75
74
74
74
75
74
74
75
74
75
74
124
74
74
74
74
88
74
78
74
75
74
76
74
75
75
75
74
75
74
74
74
74
170
74
75
75
85
74
75
74
73
75
85
87
74
74
74
75
74
75
74
75
74
75
74
75
74
78
78
74
124
74
74
217
75
74
74
74
75
74
75
74
74
74
74
74
74
75
74
75
74
75
77
74
74
75
74
74
74
74
73
74
123
74
75
75
74
129
75
74
167
74
76
74
74
74
75
74
74
74
74
74
74
74
75
74
233
75
74
74
74
74
74
75
74
75
231
74
74
74
75
74
84
74
74
74
74
74
74
74
74
74
75
76
216
75
74
79
74
74
85
74
78
75
86
78
75
75
75
74
74
74
74
74
74
74
74
74
74
74
74
74
74
74
73
127
74
74
83
74
74
74
75
75
74
74
74
75
74
74
74
74
74
74
74
74
75
74
75
75
75
74
74
75
130
75
83
74
86
74
83
74
74
75
74
75
74
76
74
74
75
74
74
74
74
74
74
74
74
74
75
75
74
75
74
74
101
74
74
74
74
74
74
74
74
74
85
74
73
74
75
74
75
78
82
75
75
74
75
74
74
75
75
74
74
74
74
75
74
74
74
75
74
75
74
74
75
76
74
74
75
81
73
74
75
75
74
74
75
83
75
180
86
75
74
74
74
74
75
74
74
74
86
74
74
128
74
75
85
75
84
74
74
74
75
74
74
74
74
87
75
84
75
75
75
74
74
84
74
74
75
74
74
75
74
264
74
74
75
85
78
88
75
74
74
74
75
75
75
74
74
75
74
75
75
76
74
74
74
74
74
75
74
74
75
74
75
85
74
74
74
74
75
83
74
74
74
74
74
74
74
75
83
75
74
75
74
74
74
74
74
74
75
75
74
74
135
74
74
74
81
75
84
74
74
74
74
82
74
74
74
75
73
74
74
74
74
74
74
83
74
74
74
74
76
74
75
75
74
85
126
74
74
74
88
74
74
103
74
75
90
74
74
74
74
76
74
78
75
74
78
74
85
74
75
74
74
74
75
74
74
74
74
74
75
74
74
74
76
89
87
74
74
77
74
74
74
74
136
74
74
75
74
85
76
74
74
74
74
85
74
74
74
74
75
73
74
94
74
182
75
75
74
74
74
74
74
74
74
74
74
74
75
74
74
74
74
75
74
74
74
160
74
84
75
74
74
74
74
73
74
74
74
74
74
74
75
74
74
126
74
75
218
74
74
75
74
74
75
83
73
74
74
89
74
74
75
74
74
75
74
74
74
74
74
75
75
75
74
74
73
75
75
74
74
83
74
74
75
75
74
74
74
75
84
74
75
74
75
78
74
74
74
127
74
84
73
74
76
74
74
74
74
74
83
138
74
74
74
78
78
74
74
75
74
75
75
75
74
74
74
74
75
75
74
83
74
74
74
74
74
74
75
75
74
74
131
74
87
74
74
74
75
74
74
74
74
87
75
75
74
75
204
74
74
74
142
74
86
74
74
74
74
74
74
75
74
74
75
74
74
74
74
74
75
74
74
74
73
74
193
74
88
75
192
75
74
183
86
74
74
74
129
84
74
73
74
73
74
74
74
75
75
74
116
75
74
75
74
74
74
74
74
75
74
74
74
74
74
74
74
74
74
74
74
74
75
75
74
75
75
75
75
75
74
75
73
74
74
130
75
75
74
74
74
74
73
74
75
74
74
79
78
74
74
74
74
74
74
74
74
74
74
74
78
77
74
74
74
74
74
74
74
75
74
75
132
75
74
74
74
74
74
74
74
74
75
74
75
74
76
76
102
75
74
75
74
74
75
74
74
75
75
74
217
74
74
73
78
76
75
74
74
75
75
74
236
75
74
84
74
75
74
74
73
74
75
74
74
86
75
75
74
74
74
74
91
75
74
74
74
74
74
74
73
83
77
74
82
217
75
74
75
74
74
74
73
87
98
74
75
74
75
74
75
74
74
74
74
74
75
74
75
74
74
75
75
74
74
74
74
74
74
166
88
74
75
75
75
74
74
74
75
75
75
73
74
74
74
74
74
74
74
74
74
74
74
74
74
74
74
74
79
74
74
74
74
74
74
74
74
75
74
74
74
74
74
235
75
74
76
74
75
74
74
74
74
74
74
74
74
75
75
75
74
78
74
75
75
74
74
74
74
83
83
217
74
74
75
74
74
74
74
74
74
90
217
74
74
74
74
74
86
74
75
74
74
74
75
74
74
74
74
85
74
74
86
74
74
77
85
75
74
74
74
74
74
74
75
75
75
74
74
74
74
83
73
74
74
74
74
75
74
74
85
74
74
74
83
97
74
74
74
75
87
75
74
75
88
86
75
75
74
74
75
75
74
75
73
80
75
74
74
75
74
75
74
78
74
74
74
74
77
74
74
228
74
84
74
73
75
74
75
74
75
75
75
75
74
88
74
75
75
74
151
75
74
74
75
74
86
74
74
74
74
74
74
74
75
75
74
74
86
75
74
75
74
75
75
74
74
74
75
74
84
74
74
74
82
86
74
76
86
78
74
74
85
152
75
75
74
76
86
74
75
74
75
77
178
74
74
78
74
75
74
74
74
74
74
74
76
75
218
78
78
74
74
73
74
74
74
78
75
74
74
74
76
74
218
74
75
74
112
75
74
73
85
78
79
84
75
74
74
75
74
74
74
74
74
74
74
74
130
74
256
75
74
74
74
85
74
75
74
74
75
74
74
85
75
75
77
75
74
74
75
75
74
74
74
74
74
74
74
75
74
74
74
74
75
75
74
74
75
75
74
86
74
74
74
74
127
74
75
74
74
74
74
74
75
75
74
74
74
74
74
75
84
84
74
74
75
75
74
74
235
74
83
76
74
74
74
74
74
74
74
75
74
74
74
74
74
75
74
74
75
74
