146
145
144
146
145
141
145
140
145
145
201
140
144
145
146
145
140
146
145
145
151
160
195
191
146
145
145
146
144
196
144
153
145
145
145
140
146
156
145
145
146
145
145
145
145
145
140
148
146
140
144
156
145
145
147
140
146
149
145
145
144
158
145
152
151
153
152
145
150
145
145
146
145
144
145
145
350
145
145
145
145
145
193
144
145
162
145
148
148
145
145
146
142
144
144
145
145
141
144
145
146
145
145
145
145
409
156
145
161
144
145
145
145
145
145
154
145
145
145
145
149
145
144
145
146
152
156
185
156
153
162
145
193
200
145
144
145
145
145
145
146
144
146
140
144
153
145
145
152
145
145
146
145
210
158
145
145
144
151
144
158
146
145
145
144
150
145
145
145
145
145
145
152
145
145
145
145
145
145
194
145
145
145
145
337
145
145
145
145
145
148
170
145
145
145
145
144
146
140
146
145
145
148
141
145
146
149
145
153
145
145
151
145
145
144
151
145
145
151
141
145
145
145
141
157
145
179
144
145
145
145
145
146
157
145
144
145
146
145
153
145
148
145
147
424
145
147
145
146
145
440
146
159
145
156
144
141
146
146
145
146
141
146
145
151
180
145
145
146
151
144
145
145
151
145
145
146
145
145
145
144
145
144
159
145
141
145
146
145
371
145
145
157
141
149
145
145
145
146
145
145
145
145
154
146
145
145
164
159
152
145
148
145
147
146
146
141
149
145
144
149
145
144
200
145
149
145
145
145
145
144
146
145
144
146
145
184
145
145
145
146
145
144
155
145
146
336
145
145
146
145
145
145
153
155
145
146
149
145
145
160
146
145
145
145
149
146
145
144
146
145
144
152
145
145
153
140
145
146
145
148
141
145
146
144
145
267
145
144
145
145
145
145
145
145
145
146
144
146
145
145
432
144
145
149
146
144
145
145
145
145
144
146
145
149
146
145
145
146
145
198
140
145
144
145
144
145
148
145
145
145
146
144
145
144
146
146
145
144
145
174
145
146
146
145
157
145
145
152
145
145
145
145
146
145
145
146
145
145
145
197
144
145
195
149
156
145
252
145
149
145
144
145
145
144
146
146
145
145
145
145
145
141
149
146
144
145
199
199
151
145
146
141
145
149
155
145
145
145
146
155
141
144
145
145
146
147
144
146
144
146
145
191
144
145
146
154
146
145
146
156
145
146
148
144
145
154
145
145
146
145
155
145
145
145
145
145
148
146
145
144
146
146
145
145
146
145
145
145
154
145
145
145
199
148
145
145
144
145
145
146
197
145
145
146
145
145
161
146
145
146
145
151
145
141
145
151
145
146
144
145
145
145
146
145
148
145
145
155
154
145
145
145
145
145
149
146
146
145
145
145
145
144
145
146
145
145
158
188
145
145
145
145
183
159
148
146
146
159
144
172
145
145
145
145
145
145
148
145
145
145
149
156
145
145
150
145
146
198
146
319
167
145
145
145
145
151
145
144
145
148
145
184
145
148
145
144
145
145
145
145
148
145
146
145
146
144
152
146
157
145
166
144
144
145
144
146
145
145
153
148
146
381
145
145
150
145
145
145
145
145
140
145
145
146
156
144
145
144
145
144
144
145
179
145
146
145
145
153
145
148
145
145
145
146
145
147
145
145
144
154
145
145
158
170
145
145
152
145
145
408
145
145
146
145
145
159
145
146
150
200
146
154
145
145
145
145
145
150
145
146
145
144
147
145
146
158
149
158
145
145
145
149
151
145
145
145
145
145
145
145
144
151
145
145
145
145
145
145
146
141
145
145
144
145
145
149
141
144
145
145
146
149
346
145
145
148
145
146
152
147
145
146
145
145
149
146
145
145
145
149
148
176
145
145
145
145
146
145
145
145
157
146
146
145
148
152
145
146
145
145
145
144
145
145
145
145
146
145
145
145
146
145
157
145
152
145
145
145
145
146
145
145
145
150
145
145
319
146
145
152
144
145
145
156
145
145
145
144
146
145
140
145
144
148
146
145
152
144
145
145
149
205
145
146
145
145
171
155
144
146
145
145
146
156
148
145
141
140
177
145
150
145
161
148
146
145
152
145
151
146
160
145
146
146
148
145
141
144
145
146
145
146
144
146
145
145
290
146
145
145
146
152
145
145
145
144
153
141
145
145
146
145
189
144
145
141
145
177
145
145
144
145
145
200
145
145
178
145
152
145
145
149
141
145
156
146
145
145
154
145
145
167
148
145
144
146
145
155
145
144
408
145
145
145
145
144
152
146
159
145
144
145
145
154
145
156
145
167
145
196
408
145
149
145
148
141
156
146
145
145
141
147
145
146
153
146
145
144
145
153
145
144
145
146
145
145
145
145
145
144
145
151
145
176
145
145
144
144
145
149
145
145
159
145
145
146
146
145
145
145
151
156
145
145
148
145
145
145
145
145
145
147
147
147
144
145
145
145
157
145
144
145
155
144
145
149
157
196
145
145
145
145
146
152
144
145
145
146
144
156
150
140
145
148
145
145
145
144
145
146
145
194
145
145
145
145
145
145
152
145
145
155
145
145
145
146
145
145
146
145
151
145
146
145
145
151
145
150
145
145
147
146
145
146
145
170
145
145
203
145
145
145
142
144
196
146
147
145
146
146
148
145
140
146
145
145
145
145
145
146
142
152
149
144
145
145
145
146
151
158
145
145
145
144
145
144
145
145
141
145
145
141
145
145
146
145
145
145
144
146
149
145
146
146
145
145
145
146
144
146
145
145
145
145
145
145
146
149
145
145
145
145
145
145
149
145
146
141
145
145
145
150
145
145
145
145
145
146
145
150
140
156
146
147
150
145
145
146
145
145
146
148
145
155
141
145
145
145
144
145
145
144
145
141
145
150
146
144
149
145
159
141
145
145
157
145
145
184
145
149
146
145
145
145
145
150
145
145
197
146
146
146
145
145
175
146
145
170
146
151
159
146
154
145
167
145
145
144
146
165
144
408
144
145
145
145
146
145
332
145
153
146
145
145
145
145
145
145
145
309
146
146
155
145
145
146
145
149
146
175
145
145
318
146
145
145
145
161
149
156
146
145
141
148
145
141
157
144
319
145
144
145
145
146
144
144
146
145
145
188
151
145
145
145
145
144
145
144
144
145
145
152
145
145
145
144
154
145
148
145
145
196
145
146
179
145
145
141
146
145
145
151
146
149
145
183
158
145
146
158
146
145
145
140
145
145
145
145
145
148
145
144
145
145
149
146
145
144
144
145
148
173
175
145
145
149
145
144
145
146
149
145
145
149
150
145
146
145
145
139
145
149
146
156
145
186
149
145
146
145
151
144
146
145
153
144
144
152
145
144
145
145
144
146
146
153
145
145
145
145
145
145
145
145
145
145
319
145
145
140
144
145
145
145
146
144
152
179
146
146
145
144
413
146
146
146
144
146
145
145
145
145
146
145
145
146
146
144
144
161
145
146
145
145
145
146
145
145
145
145
150
145
145
145
149
145
146
157
146
145
146
145
145
144
159
145
145
170
149
145
145
146
145
145
191
144
145
146
150
145
175
145
145
145
144
146
145
144
144
148
145
146
145
145
145
145
141
145
146
145
145
144
145
144
164
144
145
145
144
150
148
146
145
144
145
146
145
145
145
145
146
145
426
146
145
145
145
147
146
146
145
157
144
144
145
148
146
145
149
145
141
145
151
144
145
148
146
145
152
145
148
147
145
145
145
146
145
146
145
146
145
155
155
145
146
146
145
146
145
145
145
157
145
145
145
145
145
145
145
146
145
145
145
145
149
144
144
145
150
146
148
149
146
145
145
145
145
145
148
145
145
146
144
140
144
145
144
146
148
151
146
155
146
151
145
145
149
140
144
153
145
145
145
140
145
145
145
144
145
141
145
146
145
152
145
149
161
145
145
146
145
145
145
145
145
145
146
141
145
145
145
144
145
145
145
146
145
166
145
145
207
144
146
146
145
145
150
158
156
144
144
145
150
152
146
146
179
145
146
146
144
147
145
145
146
148
144
146
146
145
146
146
148
147
149
144
145
145
145
145
154
145
152
146
145
145
145
145
145
145
145
152
153
144
145
145
145
145
144
151
145
145
144
145
148
146
145
152
145
144
145
145
145
145
148
146
150
149
145
145
145
144
157
172
199
144
145
151
146
145
145
145
145
145
144
146
146
145
149
145
145
145
152
144
145
152
200
145
141
145
141
145
146
145
146
152
319
145
149
145
146
158
145
409
145
144
146
146
149
144
145
146
140
145
144
145
144
145
152
146
144
141
145
145
145
373
150
146
144
147
144
140
145
146
146
144
144
146
145
147
145
146
148
145
145
146
145
144
144
145
147
145
153
150
145
145
145
147
145
145
144
211
145
145
146
146
203
145
145
145
145
145
145
145
145
195
146
404
144
144
144
144
144
141
157
145
146
146
145
435
148
145
145
145
145
145
145
144
145
146
149
146
145
145
144
156
145
144
145
144
145
159
145
145
148
145
145
145
145
148
145
146
155
145
144
145
146
179
144
157
152
162
145
145
145
144
145
155
145
197
145
145
145
145
144
156
146
189
148
145
152
146
145
146
145
145
146
145
149
148
193
145
145
145
148
145
145
145
152
150
145
157
145
146
151
141
146
149
145
179
144
144
145
146
145
151
145
145
144
145
144
145
146
144
146
145
145
145
145
141
145
145
145
144
145
145
145
156
146
149
146
145
146
145
144
197
146
149
145
153
145
170
145
145
145
145
145
145
146
145
144
152
146
146
149
145
145
156
145
145
151
145
145
145
146
145
145
200
145
145
145
145
145
145
145
145
152
148
156
145
145
145
153
145
194
146
145
144
146
153
145
156
145
145
433
144
145
146
145
145
145
145
145
145
404
144
145
145
145
146
145
144
145
144
157
152
155
148
145
140
145
145
145
145
145
161
145
146
145
140
146
146
145
145
146
145
152
145
144
145
319
144
145
146
144
145
144
145
145
145
141
145
148
156
169
145
145
146
188
150
141
144
142
145
145
147
145
144
145
140
188
144
145
151
141
144
146
141
145
150
145
149
145
145
144
145
145
158
144
145
147
158
145
145
145
145
145
144
145
145
145
144
145
144
146
146
145
145
145
146
145
174
146
144
196
145
146
146
145
149
145
144
145
167
148
197
145
141
145
152
145
158
144
145
145
152
145
145
193
145
148
158
145
145
145
145
145
145
145
145
171
149
144
148
146
145
145
145
146
145
166
146
145
151
145
149
145
144
145
145
148
145
145
145
409
145
145
145
154
152
146
145
145
145
150
147
146
409
157
156
146
145
145
149
144
146
145
149
144
145
145
144
158
146
150
195
144
145
154
144
148
145
145
145
145
144
148
152
171
154
146
145
147
144
145
145
145
146
147
148
145
146
145
146
145
145
145
145
148
408
148
148
145
144
145
148
145
158
151
152
145
146
145
145
145
145
141
145
145
194
145
145
145
146
147
145
140
194
144
146
192
144
146
152
145
146
146
145
145
145
355
146
146
146
145
146
153
145
145
145
145
195
146
145
145
145
145
145
147
145
145
145
145
145
145
146
157
145
145
145
144
145
203
145
146
145
146
146
145
145
145
145
145
144
144
146
145
153
144
154
145
145
145
145
146
197
150
146
144
145
145
149
145
153
146
145
145
145
200
145
145
145
161
408
146
144
145
145
145
148
145
146
145
146
146
144
145
145
145
336
145
145
146
145
141
144
197
145
152
159
145
145
141
145
146
146
145
149
145
145
145
146
148
145
150
149
145
152
149
144
145
148
144
145
145
145
145
145
145
146
145
148
145
148
196
145
154
145
145
149
145
146
148
145
146
144
145
145
145
144
146
154
145
144
156
167
145
145
145
145
145
166
144
204
197
145
145
156
146
141
145
361
145
146
192
145
149
145
151
197
149
146
144
145
145
145
145
193
157
145
146
149
145
159
161
145
145
146
152
145
140
147
145
167
146
144
149
145
145
145
144
176
144
146
152
145
141
156
145
152
141
163
145
146
152
145
152
145
145
145
145
145
145
145
145
153
145
149
149
145
145
146
145
145
145
145
146
145
150
144
142
145
145
145
152
145
145
150
145
145
145
158
145
145
146
145
145
146
145
149
145
146
145
145
147
145
145
145
145
145
152
204
193
145
145
150
145
146
146
145
146
146
145
141
144
145
146
145
145
145
144
145
145
144
145
150
144
145
145
146
150
145
145
145
144
147
144
145
179
155
152
145
145
145
141
157
156
145
145
146
146
144
146
145
145
145
145
145
145
145
145
145
145
145
145
145
150
154
145
146
145
145
145
145
314
145
145
145
145
145
197
411
145
144
148
145
145
146
145
146
145
145
152
145
145
146
145
147
145
145
207
145
145
146
145
150
145
145
145
154
146
145
145
145
153
144
146
145
146
146
145
152
145
148
412
146
145
146
150
145
152
152
145
156
145
146
146
145
145
145
145
145
152
146
145
207
186
146
146
147
146
145
144
145
145
145
145
157
145
145
146
145
144
145
148
178
145
148
145
145
152
148
144
146
145
147
145
145
146
145
145
145
141
146
145
145
411
140
145
146
182
145
149
145
149
144
154
149
151
159
145
145
145
145
154
141
144
145
145
145
144
145
146
145
145
145
142
165
145
160
144
145
146
145
145
151
145
145
145
145
145
145
145
198
160
145
151
145
145
148
145
146
145
145
145
145
147
149
145
150
195
149
146
146
145
144
145
145
145
145
145
145
157
144
145
147
145
146
145
145
188
146
145
145
144
145
144
146
144
408
144
146
153
159
339
141
145
145
144
145
145
144
149
150
145
145
145
192
146
145
146
145
144
146
145
145
146
147
145
145
145
145
145
145
196
145
145
145
145
144
145
146
153
158
145
145
146
145
145
145
145
145
144
182
146
145
145
145
145
140
147
145
146
145
146
146
145
145
144
145
145
145
147
144
145
140
144
145
144
154
145
145
145
145
161
146
145
148
146
408
168
161
146
145
147
145
145
160
154
146
145
144
145
145
146
146
145
145
145
152
145
160
145
145
145
145
145
146
145
146
144
145
145
144
145
154
144
144
145
179
145
145
145
145
148
146
145
145
145
145
145
144
303
146
145
145
144
145
157
145
145
146
146
146
145
145
150
151
145
144
201
148
198
145
145
155
159
145
145
145
144
144
145
253
146
145
146
195
145
145
145
145
145
197
145
153
141
145
145
146
146
146
146
145
145
151
146
144
145
145
145
145
145
145
145
144
146
144
146
146
145
145
151
145
194
146
146
145
145
145
145
141
157
147
145
145
148
145
145
145
145
151
144
146
144
145
198
145
157
144
145
146
145
145
148
145
152
153
152
145
146
145
148
146
160
145
145
146
144
145
319
145
156
145
145
148
145
145
145
146
141
145
145
146
186
151
144
145
146
145
145
149
145
145
145
145
145
155
148
152
145
145
146
146
145
145
180
157
144
145
144
146
145
155
141
145
144
145
145
145
159
145
149
157
149
319
150
145
147
146
146
145
145
148
145
145
146
397
144
145
146
146
145
152
145
145
145
145
140
198
146
145
145
145
145
144
145
146
145
146
145
145
145
144
181
146
144
145
145
149
145
145
187
145
144
144
144
145
148
145
145
146
148
145
145
152
148
184
161
148
152
154
195
147
145
145
146
145
141
145
145
144
145
145
154
145
146
173
176
145
145
145
145
145
146
146
145
146
145
145
146
145
145
146
146
145
145
144
145
145
155
144
145
146
144
142
153
144
145
145
145
144
144
145
146
144
144
180
146
146
145
154
145
145
146
145
140
144
145
153
145
145
145
152
146
145
145
146
156
145
145
145
145
162
145
145
145
144
145
144
145
147
145
145
146
145
145
145
145
145
145
145
145
339
145
145
145
149
145
145
145
146
144
145
145
161
146
145
144
145
145
145
145
148
146
145
144
332
151
149
144
153
146
374
145
145
145
145
145
144
150
144
146
162
144
151
149
144
146
144
145
144
146
145
144
141
145
159
146
144
144
151
145
145
152
145
145
146
145
145
145
145
150
146
144
152
145
145
145
145
145
145
196
156
146
152
144
164
145
189
411
145
145
145
145
145
145
148
144
146
145
145
180
145
145
145
146
150
146
145
145
145
145
145
146
146
145
159
144
151
151
144
199
145
144
200
154
145
145
145
145
144
146
144
145
140
163
145
145
145
408
411
145
145
144
145
171
146
151
145
144
145
145
150
145
144
141
144
145
141
145
149
148
145
145
144
145
145
148
155
146
145
147
145
195
144
152
146
148
146
145
145
145
145
181
145
145
145
145
145
145
144
145
145
145
145
145
155
146
145
145
146
145
153
145
145
145
152
154
145
160
155
145
148
416
145
152
144
150
145
145
145
145
146
144
145
145
146
145
147
151
140
145
145
149
146
145
145
144
146
145
164
145
145
145
151
145
143
145
145
145
148
145
149
147
145
179
149
147
146
145
150
148
146
144
146
151
140
146
154
145
145
145
149
145
145
155
144
145
145
152
145
146
142
191
146
145
144
145
146
145
146
145
204
145
146
145
145
179
145
144
154
145
144
145
145
145
144
145
160
203
168
145
145
144
145
145
154
145
148
408
145
144
144
147
146
146
160
145
327
145
144
162
144
145
152
145
172
144
144
145
146
148
145
145
146
145
145
144
145
145
145
152
144
145
145
155
145
145
155
145
146
145
146
145
145
153
145
144
142
145
152
145
146
146
144
145
174
145
145
145
145
151
145
190
145
144
145
145
146
145
150
145
144
149
157
198
145
145
146
144
145
145
145
152
146
148
144
145
146
145
145
145
150
145
153
427
144
145
145
145
145
145
145
145
145
146
145
145
153
145
149
145
145
145
150
141
158
145
156
144
152
144
145
145
145
145
145
149
145
168
145
144
149
156
144
145
145
144
145
148
145
149
145
145
145
195
145
156
145
146
145
145
145
145
151
144
146
145
145
145
145
145
144
145
142
146
145
145
145
146
145
145
152
195
152
153
144
145
147
145
145
146
164
144
145
148
145
146
145
149
150
149
178
144
145
145
145
145
144
145
145
145
140
144
145
145
145
141
150
155
145
146
146
154
145
145
145
144
151
145
146
186
145
146
154
144
145
146
149
144
146
152
145
145
157
146
145
145
146
199
146
146
145
145
145
193
145
145
145
194
145
145
145
152
145
145
144
145
146
166
157
161
170
145
146
145
145
146
146
145
146
147
146
146
156
146
159
145
145
145
145
144
