175
511
176
176
176
176
171
176
177
176
176
175
177
176
176
178
176
180
175
176
234
187
177
174
189
193
175
176
177
177
175
178
176
176
176
175
190
517
186
175
196
175
176
176
190
176
176
517
176
176
176
405
171
177
174
177
177
185
180
243
176
175
176
176
176
187
188
176
188
176
176
176
183
177
176
176
175
176
176
175
180
181
176
175
176
177
176
187
180
175
176
181
176
176
176
176
180
176
176
176
176
176
392
176
175
176
176
176
176
176
176
176
186
230
176
184
176
176
172
176
175
176
176
175
176
176
181
232
176
187
177
176
222
230
176
176
176
491
189
176
176
175
176
176
176
176
177
175
175
188
177
177
191
178
187
176
176
176
176
187
172
176
176
176
177
176
176
246
177
176
175
175
185
176
185
182
182
176
176
177
177
176
177
176
176
176
176
176
498
176
176
231
176
176
176
204
446
176
176
182
176
176
176
176
177
176
228
180
396
179
176
176
177
186
176
176
177
179
171
176
175
176
176
175
184
228
176
191
188
176
176
176
176
176
176
176
175
185
176
192
176
179
176
177
177
176
205
187
176
176
176
175
175
432
176
176
176
175
186
176
177
176
176
177
176
175
180
176
186
176
176
436
175
176
175
176
172
177
175
176
188
183
175
176
176
176
176
217
176
177
177
183
176
186
180
176
176
176
177
176
409
176
186
176
176
188
177
176
176
176
176
176
176
176
176
449
351
179
186
176
180
176
176
176
228
176
176
176
180
176
177
237
176
182
268
176
176
176
176
176
177
176
177
403
176
191
176
176
176
183
176
176
224
196
176
179
177
176
179
175
176
177
177
176
176
186
176
176
175
176
177
187
176
176
176
176
176
176
176
176
212
176
176
177
185
182
176
176
175
176
176
187
177
200
176
177
177
176
176
187
176
176
228
176
176
176
188
181
180
176
176
176
213
176
176
180
176
181
177
176
176
175
176
539
175
176
175
226
176
171
176
176
175
176
176
176
178
176
175
175
176
177
176
172
176
176
180
224
175
176
175
274
176
176
180
176
177
187
176
177
226
176
176
177
188
180
176
176
176
176
176
177
175
175
176
176
175
191
176
176
189
176
176
186
182
176
175
256
176
176
182
176
177
186
176
233
175
177
180
176
184
176
176
187
186
175
177
176
179
176
177
175
187
176
186
171
176
175
176
177
176
184
177
187
176
188
176
176
354
181
176
176
175
175
172
177
181
177
176
257
187
188
176
176
176
176
231
176
175
186
176
176
176
176
178
176
180
176
261
184
230
216
227
176
176
231
176
181
177
176
184
176
184
176
179
176
176
186
179
176
176
234
175
181
176
176
502
176
176
190
176
172
175
176
176
176
176
176
180
195
177
232
176
176
176
180
184
177
237
180
186
177
172
174
176
182
180
176
176
177
176
176
176
176
175
182
175
176
176
176
176
193
176
176
176
176
176
174
176
227
176
188
186
177
176
419
176
176
176
176
176
176
176
177
188
179
176
176
178
177
184
175
187
187
176
176
180
176
244
176
183
176
184
176
191
176
175
176
176
176
176
176
176
183
177
179
188
176
177
176
186
190
176
175
223
187
175
176
176
176
176
176
175
176
176
180
176
176
175
177
176
193
185
176
177
188
176
176
176
177
177
176
175
188
176
188
176
176
178
191
176
175
176
190
175
176
186
176
230
176
175
176
175
176
176
176
179
176
176
175
176
176
176
185
175
176
177
177
175
176
176
180
176
179
171
176
384
176
179
176
189
176
176
170
176
176
176
171
176
187
176
191
176
183
176
176
181
176
218
176
176
176
176
176
177
176
176
176
227
176
177
175
175
186
176
176
194
176
176
176
176
176
188
177
176
176
186
176
188
183
176
176
176
178
175
176
176
189
176
176
176
176
177
187
235
175
176
175
175
232
176
177
176
177
186
176
172
176
176
177
388
186
177
175
176
176
176
406
175
180
176
176
176
179
369
176
180
176
176
176
176
188
176
176
176
176
176
176
175
191
230
177
176
180
176
176
176
186
176
176
176
184
181
185
178
188
176
187
176
218
176
176
179
176
176
184
177
186
184
187
176
176
176
231
176
176
177
176
176
176
179
176
185
176
176
175
177
176
175
176
180
176
176
176
176
176
176
177
177
175
176
175
176
498
180
495
176
177
177
176
176
177
176
173
238
176
176
171
176
176
176
172
183
176
177
176
499
176
186
177
180
176
177
176
180
185
201
234
172
176
176
176
176
177
176
182
176
181
176
180
177
176
176
176
176
181
177
181
179
440
176
176
175
337
502
176
175
176
176
176
176
198
187
176
175
175
181
176
176
179
176
175
177
176
225
430
175
176
175
176
176
176
203
176
179
402
177
176
176
176
188
176
182
176
176
176
175
176
176
175
178
176
185
176
176
511
177
177
176
175
176
179
176
176
176
176
176
187
176
175
187
176
188
176
176
228
175
175
227
176
176
179
182
176
176
176
176
176
176
176
179
179
176
176
177
176
176
176
176
538
185
462
227
176
176
179
177
177
180
175
176
176
175
180
176
176
176
177
176
176
180
177
176
177
223
189
183
180
176
179
176
185
177
176
175
176
176
181
186
177
176
180
223
176
176
176
187
176
175
233
175
172
176
180
176
177
177
175
180
175
176
189
176
176
176
179
176
176
176
176
190
191
176
177
175
185
177
184
176
206
512
176
182
184
176
185
176
176
176
176
176
178
176
176
176
176
176
176
187
177
175
179
176
177
176
176
212
176
181
180
175
176
176
176
175
176
180
180
176
313
176
219
176
176
229
176
180
176
177
175
176
183
187
176
177
176
184
179
176
177
177
181
178
177
176
176
178
176
176
176
224
176
176
176
176
191
176
182
176
171
175
172
172
180
175
188
176
503
177
176
176
175
176
176
176
175
176
175
176
183
200
230
176
187
176
176
176
177
176
179
175
177
176
176
175
176
182
175
177
176
171
190
179
176
175
177
187
498
176
180
378
176
176
188
176
176
176
176
180
234
176
175
176
176
175
176
176
176
176
176
176
190
177
230
183
176
176
184
176
186
188
176
178
176
176
177
187
519
176
189
176
176
176
246
176
176
175
180
178
177
176
180
186
176
177
176
222
176
197
179
176
183
205
176
175
177
178
176
176
185
176
182
224
176
183
185
176
175
177
177
176
177
184
178
176
176
176
176
175
182
187
176
176
176
183
176
173
179
176
176
177
176
233
188
180
176
176
176
176
231
176
176
176
176
176
188
176
183
175
186
176
177
178
175
175
176
176
176
176
185
176
175
177
176
176
180
176
176
176
176
175
176
177
180
176
176
175
176
176
176
179
207
176
172
176
176
176
176
176
175
176
175
175
230
176
183
176
176
176
178
184
176
176
177
175
176
176
176
181
175
175
180
175
176
176
176
177
172
230
176
177
177
184
186
192
176
183
178
176
175
176
176
183
177
175
180
258
176
177
234
176
179
176
176
176
176
186
176
177
176
175
176
171
177
176
176
175
180
176
176
204
176
175
176
176
176
179
192
185
176
176
175
176
176
176
176
176
176
176
176
184
176
176
175
176
176
187
176
188
175
229
177
176
175
230
180
176
175
175
176
176
176
176
181
176
176
176
176
176
218
176
176
176
176
176
176
193
196
192
175
180
175
176
175
176
175
176
177
175
176
176
176
176
176
176
176
177
176
176
176
175
176
176
177
176
173
176
176
176
183
187
187
408
174
176
171
189
176
176
175
283
176
185
176
176
175
172
175
179
177
176
185
175
176
187
180
176
176
198
176
176
176
222
176
175
179
176
176
176
176
177
174
176
182
176
176
176
180
175
187
176
176
176
172
188
185
179
176
172
185
176
177
176
176
180
176
177
176
185
188
176
176
176
176
183
176
186
181
177
175
181
176
176
175
176
187
176
176
176
177
191
176
176
176
176
176
220
176
176
176
421
176
177
176
176
176
177
176
176
177
221
189
176
176
176
177
176
176
176
176
174
176
183
176
176
176
229
176
175
176
179
176
176
176
184
176
183
176
177
177
176
190
176
179
176
176
183
176
177
176
176
176
176
178
174
176
176
177
176
176
180
175
176
180
186
180
176
176
176
176
187
190
417
186
176
500
180
177
386
176
176
177
176
411
177
175
222
175
188
226
180
183
188
187
175
176
176
176
180
176
176
176
176
185
176
177
187
224
176
183
176
182
185
175
175
518
176
176
211
269
176
175
176
176
176
363
183
176
176
175
185
176
176
177
176
176
176
499
181
187
176
176
184
176
177
176
176
176
176
176
176
226
176
292
175
176
176
177
176
175
176
175
193
205
176
176
176
175
227
176
176
176
177
176
186
180
176
176
176
185
176
176
176
177
189
176
178
176
181
177
189
176
180
176
176
175
176
175
177
179
176
176
176
176
175
177
191
224
183
188
181
180
176
175
185
176
175
176
177
176
176
221
176
176
176
175
190
175
171
231
176
187
177
176
175
176
176
176
176
192
179
176
177
175
186
177
176
176
177
176
177
198
194
176
177
176
176
187
171
175
181
178
176
188
176
181
177
176
223
176
173
176
175
176
176
413
176
176
177
175
176
176
175
176
187
176
178
217
177
175
175
183
176
188
176
183
176
181
176
176
176
183
185
232
449
176
176
180
181
430
175
176
175
176
177
176
176
176
183
186
176
176
177
176
175
190
172
429
179
177
219
176
175
180
182
411
176
176
176
175
176
177
176
176
176
177
188
177
176
175
183
180
176
176
465
189
175
176
188
188
177
176
176
176
176
181
180
213
176
176
176
176
176
176
179
176
532
176
229
181
190
176
176
176
176
176
176
176
172
176
186
176
176
176
176
176
176
205
179
176
176
176
176
176
176
193
176
173
284
175
202
177
176
180
176
177
189
499
179
176
180
457
233
176
176
175
176
176
176
177
234
176
176
183
177
183
175
175
498
176
175
184
176
175
176
176
177
232
221
190
176
176
176
176
176
244
188
494
176
175
186
224
177
176
174
176
200
177
176
172
172
176
176
176
173
176
181
176
177
176
176
176
176
176
188
185
176
180
180
185
179
175
186
176
176
176
175
176
424
176
176
176
176
176
179
177
176
188
176
176
175
176
177
185
176
176
171
179
176
177
176
178
176
175
176
176
175
178
190
177
176
176
175
175
177
191
183
177
413
176
176
176
176
176
195
176
176
176
176
176
175
177
176
177
195
176
176
176
176
176
179
183
172
175
184
184
176
177
181
176
177
176
176
175
185
176
178
179
176
497
233
182
176
176
176
176
176
180
176
175
176
176
176
184
176
176
176
230
176
200
187
176
178
176
176
176
185
175
176
176
176
179
176
176
176
178
176
176
177
177
176
184
176
176
180
176
177
179
176
176
176
176
183
176
176
176
171
185
177
176
176
176
176
177
177
175
179
412
177
174
176
176
176
184
176
189
176
175
176
180
176
182
225
176
176
194
176
176
179
176
176
176
176
176
176
176
176
183
176
176
176
176
177
224
176
176
176
176
176
175
177
187
190
177
175
175
172
185
177
176
176
176
175
176
176
175
176
176
176
176
177
176
177
177
175
176
179
229
189
175
178
176
176
176
177
186
177
177
176
177
176
175
177
176
176
176
402
181
176
175
177
177
176
187
176
235
175
191
176
238
184
176
187
177
176
236
177
177
176
176
175
176
177
176
186
176
179
175
179
218
176
184
193
176
195
186
176
179
176
176
177
176
176
190
176
238
184
176
225
177
176
175
175
177
175
182
190
187
175
176
183
186
176
176
176
227
176
174
178
172
176
175
182
193
175
185
176
176
179
196
176
176
177
176
176
176
176
176
176
177
176
176
176
176
177
176
176
176
175
177
430
184
175
175
176
183
175
176
176
177
176
176
176
176
176
184
176
176
175
176
176
180
177
177
176
176
172
176
179
176
176
176
176
175
176
175
176
177
184
188
177
177
184
176
180
175
190
190
176
176
176
176
176
188
172
175
178
188
176
180
176
177
176
171
176
176
176
176
187
175
179
176
188
175
182
178
177
176
176
176
225
177
185
205
176
176
176
177
176
176
176
176
176
501
176
182
177
176
176
178
192
175
176
176
176
176
172
188
234
172
176
176
171
176
187
175
175
176
183
176
176
177
177
176
180
176
176
176
176
176
186
176
187
176
177
176
192
171
228
176
180
177
188
176
176
175
176
174
172
176
178
176
179
176
176
175
185
176
184
502
176
176
180
189
176
185
176
523
176
176
175
176
223
176
177
195
176
176
182
187
176
188
175
176
191
176
172
175
176
176
176
177
186
176
176
176
176
176
179
176
181
176
176
176
176
179
186
258
179
176
183
180
177
191
176
176
176
186
176
176
177
176
176
177
176
176
179
177
183
187
175
227
176
228
176
176
187
195
176
176
176
204
175
179
180
172
176
176
176
175
179
177
176
175
176
177
178
176
176
176
177
191
177
177
177
176
176
176
176
175
193
180
180
176
179
177
176
176
175
176
188
176
173
176
177
176
175
176
177
177
176
176
177
177
176
175
176
188
176
179
176
176
260
176
176
176
183
176
176
176
175
176
176
176
176
175
176
176
179
176
500
176
177
183
176
176
179
195
189
177
187
176
176
188
176
229
177
179
176
183
206
186
176
176
183
180
180
180
176
179
177
176
201
176
179
177
187
189
179
204
177
250
176
189
177
175
176
188
179
189
188
184
270
176
179
404
176
179
176
185
180
176
176
176
179
171
179
175
223
176
177
176
177
181
177
176
176
181
187
206
176
172
180
176
484
176
187
176
185
180
176
175
177
187
176
176
176
180
176
175
176
176
209
193
266
176
230
186
181
187
191
185
176
175
175
176
176
176
172
177
176
176
177
180
176
176
176
176
176
176
176
176
176
214
176
188
176
177
176
177
176
176
176
175
176
176
177
176
176
176
180
176
176
175
188
176
175
175
186
177
176
176
247
180
176
188
177
176
184
176
176
176
177
175
176
186
177
176
176
176
176
176
171
176
179
205
176
194
186
228
176
180
176
176
177
185
175
176
180
177
176
176
176
176
176
188
176
226
179
176
181
176
175
176
176
187
176
176
176
176
184
176
176
176
185
175
176
173
175
177
176
187
176
185
187
176
177
177
177
176
175
176
176
176
177
176
175
176
176
176
173
176
188
176
176
176
189
177
176
175
172
176
176
183
176
175
177
176
176
178
175
232
176
176
176
176
176
176
244
176
176
176
176
213
176
177
177
176
180
177
176
176
180
176
184
176
175
186
177
175
171
177
179
176
188
188
176
175
179
176
175
176
176
181
176
175
178
179
188
179
176
176
176
230
228
186
176
176
176
176
188
176
176
184
187
172
188
172
176
176
176
177
176
176
177
176
178
180
176
176
176
176
176
176
179
176
176
175
175
188
176
176
175
176
177
183
176
176
182
176
176
176
188
176
176
176
176
176
180
175
176
176
176
191
186
183
211
176
185
176
179
176
176
175
187
179
177
178
176
180
178
176
176
180
180
175
176
176
178
186
406
181
176
187
176
179
176
176
176
186
205
176
176
174
176
176
176
176
222
176
175
177
176
176
176
175
176
176
176
176
176
177
178
176
172
176
176
178
175
180
176
175
175
176
198
233
175
176
176
176
187
176
176
176
177
177
176
176
176
176
176
176
176
176
176
177
171
177
176
179
184
176
176
176
176
176
176
170
176
177
176
176
179
177
176
188
176
189
176
188
221
183
176
176
176
179
172
176
233
176
175
171
176
176
176
179
175
188
176
179
188
184
177
180
179
176
176
176
176
176
176
176
176
189
176
176
172
183
498
176
176
187
517
176
176
176
176
176
175
186
186
226
172
214
172
183
176
175
176
176
176
175
175
183
176
176
182
176
185
176
176
176
176
175
176
179
180
176
179
175
176
176
176
175
176
231
175
176
177
176
176
172
176
178
176
175
176
176
176
176
176
176
205
176
182
183
179
185
176
176
177
176
172
179
176
175
180
176
176
184
175
176
298
178
177
179
176
191
176
176
176
176
176
175
176
176
176
188
176
177
176
176
499
230
176
188
176
406
175
176
176
177
176
176
180
205
176
177
176
176
223
175
178
186
176
191
189
176
178
209
176
177
176
177
176
187
175
176
513
175
175
177
175
176
236
188
177
176
184
176
176
228
179
175
177
177
176
175
180
180
233
176
189
405
182
175
175
176
176
175
176
176
177
408
176
176
175
176
176
177
176
172
187
175
176
189
177
175
177
187
176
176
178
177
175
177
176
176
176
176
176
176
176
176
176
176
176
176
518
176
180
247
176
225
176
176
176
175
180
176
184
175
176
177
175
176
176
176
181
176
176
176
176
178
176
176
178
176
176
176
176
188
175
175
176
176
177
177
176
184
176
175
176
176
176
175
177
176
176
177
176
180
177
176
176
176
184
175
176
177
176
183
176
194
176
187
185
176
193
367
238
175
186
175
176
184
177
175
176
180
176
182
192
221
176
176
176
175
179
187
176
175
180
176
229
176
176
176
176
176
176
260
176
181
176
176
176
176
176
177
177
176
176
176
229
176
186
176
188
186
176
179
176
176
176
175
234
176
176
517
176
176
184
175
176
176
188
177
176
218
176
176
175
179
177
172
183
221
176
176
176
183
176
176
187
185
176
178
176
184
176
177
176
192
184
176
176
176
192
175
176
176
177
175
176
176
176
176
176
176
176
178
275
176
176
175
177
176
177
176
177
176
184
177
176
175
176
175
172
176
175
176
186
177
176
176
227
176
176
176
176
176
176
175
176
176
183
186
176
176
178
185
176
180
179
177
187
175
191
176
176
176
172
176
176
176
187
176
177
173
177
176
179
177
211
180
389
176
176
176
177
191
181
188
176
175
185
176
179
175
496
176
176
176
224
176
175
185
177
175
178
180
176
176
182
176
182
175
176
175
176
215
176
176
176
181
176
176
176
187
176
177
176
176
185
175
176
259
176
177
176
181
176
176
176
206
190
176
176
184
175
176
177
176
177
177
188
177
187
177
176
175
187
176
189
187
176
188
177
176
177
177
176
176
175
176
176
176
177
176
176
176
186
412
176
180
176
182
187
177
176
176
176
185
176
176
176
176
177
176
184
176
176
177
223
177
176
177
176
176
176
176
176
176
175
176
227
177
176
185
176
188
177
175
497
176
176
176
176
180
177
176
176
171
176
176
176
176
187
185
176
176
176
320
177
230
176
176
176
176
268
179
180
177
