3324
3360
3484
3308
3465
4248
3071
3303
3484
3193
3128
3104
3111
3120
3120
4256
3172
3117
3076
3111
3083
3097
3072
3067
3128
3129
3098
3140
3123
3121
3090
3120
3087
3122
3164
3062
3096
3168
3136
3104
3094
3768
3098
3131
3150
3100
3092
3112
3071
3140
3169
3123
3100
3077
3136
3066
3151
3104
3093
3070
3095
3088
3067
3063
3079
3065
3093
3095
3236
3142
3112
3113
3097
3093
3102
3124
3098
3120
3158
3126
3129
3083
3115
3086
3073
3088
3093
3202
3091
3101
3114
3075
3090
3118
3065
3097
3132
3135
3134
3081
3120
3128
3121
3104
3133
3096
3087
3087
3125
3073
3087
3108
3100
3093
3088
3064
3114
3095
3086
3097
3115
3128
3109
3094
3073
3090
3138
3108
3097
3127
3105
3095
3093
3101
3087
3091
3103
3064
3070
3073
3095
3064
3086
3131
3065
3088
3245
3095
3358
3081
3118
3134
3088
3127
3065
3074
3097
3088
3077
3136
3098
3103
3093
3097
3126
3118
3109
3133
3133
3097
3134
3140
3103
3135
3116
3070
3087
3094
3095
3116
3089
3153
3110
3086
3098
3084
3089
3133
3089
3088
3097
3065
3098
3109
3094
3095
3100
3088
3084
3124
3067
3095
3105
3475
3096
3098
3091
3095
3130
3133
3138
3085
3085
3088
3080
3097
3102
3124
3135
3129
3131
3106
3138
3099
3071
3069
3119
3111
3128
3087
3083
3099
3100
3115
3105
3094
3096
3100
3174
3102
3099
3101
3117
3070
3113
3140
3121
3098
3125
3071
3078
3102
3030
3094
3095
3101
3083
3109
3090
3092
3095
3088
3114
3147
3093
3095
3133
3095
3102
3096
3112
3093
3095
3109
3098
3100
3097
3107
3071
3068
3093
3159
3154
3118
3089
3109
3099
3076
3120
3086
3097
3156
3108
3142
3072
3068
3072
3103
3072
3063
3100
3089
3153
3072
3128
3095
3067
3133
3066
3112
3082
3108
3081
3093
3090
3086
3070
3101
3093
3102
3084
3117
3084
3128
3096
3094
3093
3101
3124
3386
3088
3093
3227
3075
3084
3152
3071
3094
3141
3091
3093
3165
3104
3101
3108
3143
3138
3132
3130
3094
3066
3096
3078
3121
3067
3099
3069
3088
3142
3106
3126
3109
3072
3095
3391
3100
3145
3092
3139
3117
3130
3108
3087
3111
3096
3081
3103
3105
3093
3085
3091
3100
3084
3093
3086
3070
3106
3086
3125
3102
3069
3161
3098
3064
3077
3095
3092
3069
3087
3107
3340
3079
3134
3116
3093
3067
3119
3091
3067
3081
3124
3093
3071
3152
3108
3132
3128
3122
3093
3151
3094
3091
3111
3192
3100
3070
3071
3079
3098
3070
3068
3089
3071
3111
3169
3119
3064
3073
3104
3111
3110
3110
3105
3120
3094
3066
3089
3084
3122
3068
3088
3093
3203
3098
3117
3095
3140
3096
3090
3125
3107
3065
3084
3110
3136
3142
3127
3071
3645
3124
3064
3104
3065
3096
3092
3097
3127
3110
3096
3069
3102
3098
3108
3113
3082
3125
3111
3124
3118
3140
3125
3083
3148
3092
3072
3100
3102
3152
3068
3065
3088
3068
3099
3090
3066
3113
3090
3095
3063
3098
3097
3096
3087
3170
3063
3125
3089
3091
3071
3096
3094
3084
3113
3091
3097
3068
3068
3102
3093
3072
3068
3086
3092
3093
3088
3087
3093
3107
3098
3086
3072
3087
3089
3122
3091
3103
3095
3090
3067
3087
3062
3085
3102
3092
3112
3089
3083
3089
3085
3071
3073
3113
3100
3132
3068
3093
3093
3098
3088
3109
3088
3133
3114
3072
3069
3100
3085
3279
3148
3125
3112
3101
3120
3083
3096
3074
3087
3080
3062
3120
3124
3092
3120
3142
3076
3076
3122
3133
3077
3136
3076
3088
3104
3098
3129
3086
3101
3150
3103
3138
3091
3114
3101
3147
3108
3104
3136
3120
3072
3093
3126
3124
3082
3116
3146
3113
3126
3116
3128
3125
3109
3088
3784
3096
3096
3120
3117
3067
3152
3073
3092
3096
3173
3085
3128
3078
3093
3097
3111
3103
3097
3101
3130
3076
3069
3093
3109
3071
3099
3097
3116
3075
3806
3096
3114
3083
3075
3099
3117
3098
3066
3086
3070
3094
3120
3098
3091
3090
3110
3112
3154
3112
3121
3122
3083
3143
3092
3103
3086
3098
3089
3069
3092
3060
3115
3072
3102
3094
3072
3130
3079
3127
3080
3083
3102
3081
3132
3094
3126
3104
3146
3122
3105
3079
3068
3104
3336
3077
3095
3127
3120
3093
3063
3072
3067
3099
3133
3113
3121
3096
3128
3082
3117
3103
3085
3069
3093
3097
3138
3097
3093
3099
3064
3105
3100
3106
3090
3084
3097
3086
3096
3102
3121
3093
3097
3066
3119
3059
3101
3087
3069
3064
3093
3080
3101
3087
3087
3081
3136
3118
3064
3146
3104
3140
3093
3089
3133
3105
3090
3062
3117
3137
3142
3131
3122
3126
3073
3060
3092
3089
3088
3119
3069
3106
3068
3091
3071
3093
3098
3097
3066
3136
3141
3090
3132
3104
3094
3063
3112
3071
3076
3066
3084
3071
3085
3073
3092
3087
3101
3087
3086
3075
3113
3103
3059
3109
3101
3094
3094
3091
3067
3092
3461
3095
3066
3106
3096
3077
3094
3072
3071
3104
3127
3101
3100
3157
3097
3083
3095
3104
3131
3100
3116
3120
3097
3108
3090
3068
3064
3098
3153
3096
3083
3099
3086
3093
3106
3096
3099
3065
3120
3088
3099
3089
3148
3107
3103
3133
3063
3100
3094
3131
3202
3102
3088
3129
3125
3150
3141
3088
3074
3089
3086
3067
3130
3086
3106
3142
3116
3093
3120
3100
3131
3111
3091
3093
3133
3091
3087
3101
3148
3094
3071
3133
3102
3102
3100
3070
3096
3097
3586
3105
3118
3073
3068
3096
3084
3128
3089
3113
3074
3097
3102
3074
3124
3087
3091
3095
3069
3091
3067
3103
3066
3087
3092
3094
3101
3108
3123
3133
3095
3109
3148
3084
3393
3093
3136
3070
3102
3089
3107
3098
3104
3120
3101
3087
3118
3092
3070
3082
3126
3065
3104
3118
3066
3094
3104
3111
3089
3090
3062
3100
3079
3175
3093
3107
3091
3090
3091
3092
3104
3113
3077
3066
3128
3067
3072
3078
3106
3066
3081
3121
3068
3068
3092
3095
3072
3099
3091
3126
3098
3103
3162
3072
3063
3086
3126
3088
3101
3120
3091
3646
3100
3098
3100
3072
3095
3100
3087
3070
3091
3074
3088
3095
3067
3106
3090
3100
3095
3133
3093
3088
3099
3087
3102
3114
3137
3071
3095
3072
3075
3127
3068
3067
3128
3069
3120
3132
3135
3611
3131
3132
3098
3083
3105
3104
3112
3094
3104
3093
3115
3068
3066
3074
3068
3070
3130
3089
3084
3121
3080
3098
3069
3067
3084
3092
3332
3063
3104
3131
3090
3069
3114
3101
3076
3068
3093
3085
3087
3121
3186
3071
3070
3100
3098
3109
3094
3063
3099
3068
3090
3070
3093
3073
3070
3094
3075
3410
3065
3088
3155
3089
3151
3086
3078
3104
3097
3095
3096
3080
3070
3116
3092
3146
3140
3092
3083
3148
3085
3141
3112
3100
3096
3091
3070
3095
3101
3079
3070
3100
3130
3085
3086
3072
3078
3062
3101
3172
3094
3075
3091
3089
3093
3114
3147
3137
3137
3142
3136
3149
3100
3094
3107
3089
3069
3094
3115
3127
3077
3151
3076
3115
3090
3103
3078
3098
3097
3074
3714
3115
3149
3163
3070
3087
3175
3101
3063
3143
3092
3236
3094
3093
3091
3120
3098
3113
3093
3099
3171
3103
3122
3125
3117
3126
3099
3068
3120
3074
3100
3115
3076
3104
3080
3106
3066
3087
3104
3110
3073
3089
3114
3073
3065
3115
3118
3120
3087
3157
3122
3090
3071
3071
3125
3130
3122
3116
3122
3112
3094
3151
3077
3089
3098
3098
3072
3122
3071
3069
3096
3106
3129
3132
3072
3115
3114
3116
3116
3097
3094
3060
3092
3095
3076
3099
3090
3087
3073
3099
3089
3073
3063
3091
3086
3068
3097
3144
3095
3093
3091
3120
3068
3072
3098
3093
3094
3123
3071
3073
3131
3085
3120
3142
3112
3113
3100
3101
3163
3389
3080
3095
3098
3103
3073
3106
3090
3101
3096
3091
3144
3171
3098
3074
3095
3093
3074
3103
3095
3137
3105
3074
3069
3131
3102
3089
3097
3085
3089
3096
3066
3096
3064
3086
3094
3071
3068
3097
3136
3125
3151
3115
3129
3120
3128
3133
3099
3172
3078
3106
3086
3069
3093
3102
3112
3094
3096
3097
3093
3092
3081
3091
3117
3068
3089
3088
3061
3117
3092
3097
3083
3098
3099
3111
3134
3109
3107
3094
3074
3704
3111
3069
3089
3103
3147
3101
3086
3097
3102
3095
3169
3122
3143
3068
3130
3103
3104
3091
3068
3535
3068
3073
3063
3094
3108
3158
3087
3074
3098
3088
3130
3129
3109
3103
3098
3101
3156
3063
3087
3101
3110
3128
3099
3100
3070
3136
3070
3075
3070
3118
3080
3097
3101
3111
3120
3098
3148
3156
3068
3079
3140
3084
3103
3107
3087
3070
3062
3098
3107
3071
3089
3098
3070
3094
3101
3092
3123
3068
3121
3120
3103
3140
3104
3091
3069
3094
3100
3095
3068
3093
3124
3077
3175
3092
3073
3141
3103
3089
3070
3106
3095
3097
3073
3094
3091
3099
3082
3087
3100
3090
3103
3093
3101
3070
3093
3115
3075
3152
3089
3116
3083
3136
3125
3088
3087
3102
3094
3102
3089
3121
3091
3079
3094
3126
3070
3100
3115
3070
3105
3128
3091
3094
3126
3100
3069
3115
3081
3071
3066
3099
3086
3087
3104
3098
3070
3094
3100
3096
3073
3143
3092
3070
4345
3272
3092
3064
4095
3099
3083
3154
3090
3067
3147
3125
3138
3134
3100
3126
3096
3084
3097
3137
3089
3104
3169
3166
3121
3096
3095
3069
3178
3149
3115
3093
3118
3074
3107
3066
3152
3068
3067
3094
3113
3117
3177
3177
3105
3111
3091
3095
3139
3074
3097
3079
3068
3119
3143
3100
3101
3076
3077
3115
3092
3148
3129
3134
3090
3112
3184
3083
3092
3091
3094
3117
3120
3062
3100
3097
3714
3090
3095
3086
3116
3087
3067
3085
3074
3122
3130
3126
3096
3145
3124
3125
3117
3460
3094
3080
3128
3119
3131
3141
3125
3091
3102
3067
3094
3073
3095
3062
3110
3118
3108
3069
3094
3136
3112
3127
3116
3127
3137
3104
3072
3120
3072
3143
3095
3068
3100
3098
3076
3102
3093
3099
3866
3066
3099
3058
3108
3084
3095
3088
3086
3100
3069
3161
3115
3105
3068
3095
3104
3084
3070
3073
3125
3118
3071
3087
3118
3065
3099
3093
3084
3094
3110
3095
3111
3096
3023
3096
3067
3101
3091
3132
3091
3096
3070
3099
3094
3066
4026
3102
3083
3097
3132
3104
3087
3098
3073
3093
3098
3093
3067
3070
3145
3122
3067
3095
3098
3108
3103
3093
3127
3099
3110
3098
3069
3095
3065
3089
3097
3094
3085
3166
3108
3087
3104
3092
3092
3117
3097
3120
3137
3069
3070
3103
3089
3096
3109
3076
3120
3095
3067
3120
3094
3098
3090
3100
3095
3097
3077
3126
3069
3096
3069
3083
3099
3101
3100
3099
3107
3104
3110
3066
3107
3089
3106
3090
3069
3090
3097
3083
3123
3088
3109
3107
3495
3190
3070
3108
3086
3092
3092
3095
3114
3137
3093
3067
3091
3070
3097
3093
3073
3080
3092
3100
3072
3116
3100
3093
3098
3073
3071
3108
3112
3084
3248
3096
3127
3095
3094
3115
3111
3113
3066
3093
3102
3127
3099
3086
3069
3145
3106
3093
3094
3093
3101
3088
3118
3109
3117
3116
3089
3099
3111
3090
3095
3090
3115
3094
3087
3101
3097
3092
3067
4253
3067
3075
3106
3090
3063
3097
3066
3110
3069
3094
3098
3086
3090
3134
3132
3095
3107
3068
3116
3131
3110
3087
3097
3094
3137
3063
3087
3098
3093
3122
3128
3092
3136
3103
3114
3103
3119
3131
3130
3087
3133
3128
3085
3140
3094
3098
3062
3116
3108
3122
3080
3210
3136
3077
3101
3069
3098
3094
3100
3120
3122
3070
3111
3095
3107
3067
3068
3087
3102
3091
3102
3095
3139
3096
3100
3086
3161
3167
3118
3068
3096
3065
3123
3098
3109
3084
3122
3064
3371
3095
3104
3103
3102
3105
3061
3099
3115
3101
3062
3097
3111
3070
3092
3086
3075
3094
3089
3092
3134
3092
3095
3115
3086
3188
4202
3132
3101
3099
3096
3097
3088
3095
3089
3114
3087
3102
3109
3109
3124
3130
3090
3103
3105
3095
3102
3096
3107
3138
3067
3066
3061
3090
3088
3144
3073
3128
3155
3122
3077
3072
3096
3094
3827
3134
3090
3068
3154
3091
3098
3096
3068
3091
3152
3069
3085
3080
3058
3094
3096
3091
3091
3102
3101
3095
3157
3123
3113
3071
3095
3101
3191
3105
3084
3102
3146
3139
3065
3081
3106
3060
3143
3068
3093
3336
3078
3108
3068
3078
3100
3094
3118
3123
3090
3081
3083
3084
3084
3070
3090
3116
3094
3093
3098
3092
3144
5852
3077
3069
3096
3090
3086
3071
3098
3094
3142
3126
3075
3159
3110
3146
3090
3114
3097
3068
3068
3105
3102
3071
3068
3117
3141
3121
3095
3070
3099
3098
3093
3152
3073
3067
3112
3094
3071
3093
3067
3061
3099
3073
3117
3089
3091
3095
3093
3065
3160
3068
3080
3093
3124
3078
3146
3097
3107
3101
3068
3076
3086
3114
3095
3266
3138
3120
3084
3070
3147
3132
3116
3101
3078
3130
3163
3068
3117
3093
3334
3072
3148
3095
3114
3096
3087
3073
3108
3090
3143
3087
3105
3069
3093
3087
3094
3155
3093
3083
3089
3096
3081
3103
3125
3159
3089
3098
3081
3139
3097
3084
3094
3077
3084
3065
3102
3100
3103
3092
3110
3089
3112
3072
3131
3103
3137
3078
3129
3088
3093
3176
3109
3101
3112
3089
3083
3090
3136
3085
3103
3088
3091
3069
3129
3099
3086
3105
3072
3099
3562
3094
3094
3098
3072
3096
3136
3069
3140
3108
3712
3060
3100
3106
3131
3067
3070
3125
3100
3116
3117
3087
3097
3094
3085
3128
3079
3121
3118
3077
3067
3101
3108
3236
3111
3942
3114
3092
3098
3098
3071
3084
3099
3103
3110
3085
3073
3092
3107
3092
3093
3099
3124
3088
3095
3071
3077
3096
3093
3092
3099
3134
3107
3069
3106
3091
3105
3071
3108
3069
3092
3132
3131
3082
3075
3141
3134
3148
3124
3127
3103
3095
3082
3130
3123
3143
3123
3118
3119
3111
3141
3093
3096
3136
3084
3114
3146
3124
3121
3157
3075
3120
3085
3095
3107
3092
3071
3077
3095
3090
3127
3094
3114
3072
3091
3080
3087
3070
3092
3102
3091
3067
3088
3070
3069
3065
3071
3075
3090
3097
3092
3093
3126
3064
3098
3153
3074
3138
3096
3105
3099
3093
3070
3099
3107
3122
3090
3069
3063
3110
3109
3089
3092
3155
3131
3103
3091
3093
3097
3089
3110
3095
3089
3134
3072
3104
3087
3073
3066
3132
3071
3066
3192
3102
3118
3098
3087
3098
3121
3124
3140
3127
3065
3093
3155
3075
3099
3157
3121
3118
3173
3113
3062
3102
3117
3099
3080
3129
3111
3100
3063
3092
3096
3081
3069
3149
3064
3120
3109
3078
3129
3120
3146
3090
3126
3119
3095
3094
3104
3091
3097
3102
3094
3071
3105
3099
3098
3096
3090
3116
3086
3151
3125
3092
3502
3088
3110
3064
3072
3097
3104
3090
3091
3120
3105
3131
3085
3093
3088
3655
3078
3066
3064
3085
3067
3097
3133
3125
3097
3068
3095
3071
3090
3138
3084
3098
3126
3093
3134
3107
3092
3094
3175
3079
3093
3120
3090
3102
3115
3103
3177
3144
3193
3112
3066
3063
3096
3091
3099
3175
3127
3080
3157
3091
3132
3133
3105
3116
3124
3098
3134
3105
3092
3071
3061
3091
3097
3066
3111
3102
3106
3084
3112
3063
3071
3072
3064
3076
3119
3069
3096
3137
3087
3087
3100
3220
3084
3119
3090
3093
3089
3096
3112
3212
3096
3122
3134
3123
3121
3090
3132
3103
3131
3091
3098
3101
3099
3091
3099
3074
3097
3066
3064
3089
3088
3103
3089
3077
3073
3095
4632
3087
3069
3098
3095
3149
3139
3127
3118
3132
3131
3079
3119
3129
3097
3098
3118
3068
3099
3082
3097
3105
3123
3092
3124
3114
3133
3068
3134
3107
3106
3092
3096
3124
3066
3086
3137
3082
3069
3091
3095
3126
3137
3097
3084
3066
3066
3088
3106
3065
3120
3091
3492
3095
3087
3166
3096
3067
3119
3101
3068
3100
3096
3125
3095
3098
3064
3101
3070
3120
3070
3132
3111
3102
3086
3072
4607
3907
3067
3090
3078
3074
3120
3273
3144
3091
3165
3083
3089
3087
3100
3091
3110
3114
3081
3090
3091
3154
3097
3140
3098
3097
3092
3092
3087
3065
3092
3088
3108
3122
3069
3088
3089
3100
3089
3068
3095
3107
3071
3068
3093
3121
3087
3093
3084
3093
3086
3105
3089
3122
3074
3105
3097
3865
3065
3072
3106
3096
3129
3100
3117
3123
3120
3066
3141
3103
3102
3070
3081
3074
3068
3152
3375
3114
3093
3141
3093
3092
3134
3073
3069
3104
3090
3093
3101
3105
3094
3081
3067
3096
3125
3131
3077
3091
3155
3087
3095
3097
3109
3023
3097
3068
3066
3070
3076
3092
3105
3089
3094
3104
3099
3093
3156
3091
3327
3121
3152
3209
3060
3096
3126
3062
3092
3091
3168
3066
3148
3105
3119
3122
3100
3089
3100
3070
3070
3095
3098
3091
3065
3081
3075
3118
3098
3090
3084
3078
3085
3067
3099
3107
3071
3127
3073
3100
3094
3112
3082
3096
3141
3099
3105
3098
3093
3070
3090
3069
3719
3082
3105
3075
3065
3127
3086
3105
3087
3179
3097
3111
3089
3092
3088
3071
3102
3092
3069
3100
3087
3093
3071
3093
3128
3377
3146
3142
3120
3078
3125
3124
3093
3159
3078
3096
3104
3090
3125
3071
3081
3116
3100
3069
3130
3064
3068
3128
3074
3094
3103
3113
3067
3091
3087
3115
3095
3070
3078
3127
3157
3121
3107
3084
3137
3102
3095
3095
3096
3080
3076
3105
3108
3142
3099
3104
3240
3121
3121
3104
3097
3094
3133
3073
3122
3091
3089
4123
3088
3124
3095
3154
3166
3070
3085
3133
3117
3079
3085
3070
3089
3093
3103
3070
3102
3072
3090
3100
3103
3093
3088
3101
3101
3106
3094
3074
3090
3170
3094
3071
3096
3097
3067
3138
3095
3120
3119
3100
3078
3068
3101
3095
3155
3075
3078
3083
3392
3102
3116
3075
3125
3119
3125
3134
3138
3158
3115
3111
3080
3075
3101
3104
3134
3095
3113
3104
3148
3107
3112
3065
3082
3141
3091
3113
3099
3116
3145
3067
3062
3067
3144
3090
3064
3099
3066
3088
3071
3105
3072
3148
3137
3113
3087
3098
3068
3114
3097
3083
3072
3116
3140
3105
3095
3066
3103
3096
3085
3125
3130
3126
3083
3174
3115
3085
3166
3082
3137
3113
3146
3146
3086
3102
3164
3135
3144
3119
3114
3113
3104
3080
3138
3124
3086
3071
3069
3140
3069
3090
3075
3098
3068
3072
3114
3074
3100
3099
3096
3090
3107
3099
3112
3152
3091
3067
3102
3087
3124
3137
3123
3102
3080
3125
3140
3147
3065
3092
3121
3103
3141
3091
3089
3093
3090
3110
3124
3092
3132
3121
3071
3116
3096
3124
3105
3083
3122
3094
3068
3067
3130
3127
3086
3090
3088
3098
3109
3111
3067
3095
3070
3158
3117
3092
3089
3154
3131
3095
3136
3095
3116
3093
3085
3096
3074
3095
3096
3176
3148
3106
3070
3069
3106
3113
3094
3120
3095
3123
3145
3105
3104
3137
3066
3088
3094
3088
3096
3106
3082
3091
3100
3149
3126
3096
3118
3095
4665
3092
3101
3087
3072
3096
3075
3068
3098
3108
3075
3068
3090
3097
3064
3118
3118
3118
3093
3066
3146
3092
3089
3091
3097
3090
3092
3068
3096
3087
3096
3105
3098
3062
3088
3093
3121
3100
3092
3067
3097
3165
3093
3067
3110
3081
3099
3115
3074
3114
3099
3069
3101
3096
3126
3093
3073
3134
3068
3109
3099
3139
3099
3070
3132
3103
3114
3083
3095
3083
3099
3094
3089
3070
3095
3072
3113
3072
3101
3099
3077
3038
3122
3107
3095
3089
3065
3067
3070
3072
3102
3091
3124
3100
3076
3119
3067
3074
3138
3103
3127
3073
3072
3131
3112
3094
3570
3091
3101
3092
3069
3071
3103
3138
3096
3097
3085
3078
3067
3085
3095
3089
3096
3092
3101
3069
3085
3098
3071
3066
3077
3077
3098
3109
3097
3103
3128
3140
3102
3371
3102
3089
3070
3066
3284
3092
3114
3077
3088
3119
3095
3074
3069
3134
3131
3093
3109
3091
3109
3071
3461
3070
3097
3069
3132
3129
3079
3101
3085
3122
3062
3090
3095
3094
3096
3095
3093
3123
3177
3099
3085
3082
3087
3090
3112
3086
3064
4030
3065
3090
3090
3113
3094
3133
3101
3104
3091
3096
3110
3184
3126
3091
3069
3134
3153
3133
3091
3091
3095
3072
3090
3119
3120
3092
3117
3121
3116
3109
3098
3174
3068
3086
3106
3093
3128
3100
3100
3094
3066
3144
3166
3094
3141
3067
3112
3095
3096
3111
3088
3070
3100
3069
3094
3832
3096
3070
3092
3070
3141
3134
3070
3108
3093
3095
3096
3095
3064
3066
3243
3102
3103
3238
3071
3125
3128
3109
3143
3076
3139
3098
3109
3066
3125
3210
3116
3104
3123
3082
3093
3071
3127
3090
3095
3070
3102
3163
3101
3117
3091
3117
3124
3137
3132
3127
3127
3084
3086
3105
3065
3099
3063
3095
3084
3068
3097
3136
3102
3097
3124
3095
3118
3065
3087
3066
3140
3087
3063
3091
3123
3073
3136
3090
3092
3097
3073
3070
3094
3095
3113
3093
3067
3073
3069
3086
3117
3116
3140
3145
3162
3099
3113
3100
3101
3107
3120
3139
3363
3137
3071
3094
3108
3121
3139
3098
3134
3120
3117
3131
3096
3100
3133
3095
3093
3072
3070
3163
3087
3093
3086
3148
3084
3088
3126
3063
3088
3099
3071
3086
3103
3065
3071
3098
3091
3064
3118
3090
3067
3066
3068
3153
3090
3108
3066
3100
3070
3089
3103
3111
3071
3091
3064
3070
3134
3065
3104
3094
3164
3123
3093
3075
3068
3118
3085
3075
3096
3096
3340
3066
3104
3088
3065
3067
3090
3095
3104
3127
3104
3112
3096
3068
3103
3150
3099
3094
3168
3094
3070
3107
3080
3079
3091
3070
3078
3067
3091
3133
3104
3094
3071
3139
3107
3098
3085
3088
3102
3101
3073
3111
3066
3094
3090
3095
4159
3111
3089
3070
3086
3066
3086
3102
3364
3154
3257
3100
3138
3089
3096
3093
3083
3101
3140
3134
3129
3177
3109
3127
3122
3142
3118
3075
3064
3103
3102
3067
3068
3122
3878
3092
3098
3069
3107
3115
3067
3096
3097
3115
3099
3651
3121
3153
3101
3073
3088
3093
3118
3067
3094
3092
3102
3192
3095
3156
3111
3230
3102
3092
3065
3078
3087
3066
3089
3112
3084
3096
3148
3100
3074
3098
3089
3102
3102
3094
3072
3088
3100
3093
3091
3087
3100
3137
3069
3099
3094
3090
3065
3100
3142
3132
3059
3120
3106
3094
3113
3087
3134
3066
3064
3090
3651
3077
3095
3076
3151
3180
3115
3089
3089
3092
3494
3139
3093
3095
3099
3102
3071
3104
3071
3136
3071
3123
3114
3137
3102
3095
3106
3095
3130
3566
3100
3145
3090
3114
3099
3107
3093
3087
3096
3109
3108
3202
3108
3083
3104
4656
3089
3103
3099
3104
3095
3090
3071
3127
3101
3087
3096
3071
3088
3116
3117
3088
3085
3148
3126
3080
3108
3081
3093
3094
3113
3066
3087
3089
3165
3094
3163
3102
3146
3108
3096
3101
3130
3132
3103
3137
3093
3167
3153
3119
3148
3119
3109
3071
3099
3347
3129
3092
3096
3141
3100
3069
3064
3095
3089
3100
3065
3130
3137
3071
3087
3104
3092
4095
3129
3092
3122
3135
3136
3106
3114
3089
3063
3136
3121
3107
3068
3066
3096
3096
3094
3168
3096
3103
3113
3063
3118
3112
3115
3151
3100
3106
3107
3096
3161
3095
3119
3080
3091
3092
3093
3069
3097
3070
3099
3097
3090
3092
3095
3065
3137
3089
3090
3088
3088
3077
3080
3104
3101
3093
3099
3096
3082
3102
3095
3090
3093
3162
3066
3097
3081
3093
3148
3017
3172
3080
3091
3075
3095
3066
3084
3089
3087
3068
3094
3091
3089
3164
3075
3143
3101
3096
3097
3096
3087
3093
3067
3087
3096
3108
3087
3113
3112
3062
3376
3106
3073
3064
3127
3109
3114
3116
3068
3107
3103
3065
3091
3086
3097
3099
3074
3159
3100
3081
3174
3121
3082
3104
3129
3142
3105
3074
3082
3068
3097
3096
3066
3144
3096
3101
3079
3104
3102
3090
3116
3073
3063
3100
3089
3144
3119
3107
3132
3121
3121
3064
3093
3140
3073
3106
3102
3135
3078
3094
3070
3091
3105
3105
3142
3123
3101
3126
3126
3121
3086
3096
3083
3076
3094
3063
3573
3066
3093
3094
3101
3063
3104
3095
3105
3076
3066
3095
3091
3066
3108
3074
3111
3093
3090
3071
3111
3149
3139
3093
3123
3100
3087
3071
3161
3118
3495
3090
3098
3085
3075
3093
3094
3107
3072
3096
3099
3080
3092
3085
3093
3093
3071
3107
3071
3096
3092
3092
3070
3088
3120
3090
3070
3096
3091
3069
3090
3087
3105
3095
3068
3094
3094
3102
3106
3095
3073
3125
3116
3077
3110
3083
3099
3086
3088
3100
3092
3076
3111
3366
3121
3104
3129
3122
3093
3148
3126
3066
3102
3133
3107
3154
3062
3107
3214
3129
3097
3140
3088
3100
3133
3097
3114
3101
3091
3071
3134
3126
3071
3072
3158
3074
3064
3110
3097
3106
3106
3125
3138
3157
3065
3114
3108
3096
3108
3085
3160
3124
3101
3155
3441
3146
3093
3137
3067
3147
3100
3139
3106
3110
3122
3072
3073
3100
3069
3093
3105
3117
3550
3079
3111
3136
3104
3092
3088
3069
3124
3102
3092
3092
3085
3063
3093
3189
3147
3154
3068
3126
3111
3093
3066
3136
3149
3063
3209
3069
3094
3086
3139
3111
3070
3127
3081
3101
3092
3101
3097
3124
3093
3101
3138
3113
3089
3136
3122
3103
3065
3090
3074
3072
3068
3104
3067
3075
3093
3133
3116
3087
3137
3084
3097
3096
3091
3237
3097
3069
3093
3127
3140
3110
3101
3091
3085
3132
3098
3089
3067
3110
3082
3070
3530
3098
3070
3092
3092
3347
3078
3089
3101
3065
3099
3380
3099
3425
3127
3101
3136
3090
3065
3087
3095
3838
3075
3062
3110
3086
3105
3099
3128
3081
3086
3090
3092
3122
3080
3061
3095
3090
3114
3111
3063
3094
3151
3118
3106
3075
3116
3094
3081
3093
3108
3088
3146
3067
3144
3089
3110
3132
3122
3115
3078
3120
3066
3086
4270
3094
3100
3093
3068
3086
3065
3238
3100
3068
3068
3067
3105
3082
3103
3095
3149
3101
3114
3065
3096
3131
3091
3101
3069
3100
3071
3087
3101
3121
3089
3107
3069
3089
3093
3085
3091
3098
3085
3110
3090
3096
3088
3132
3082
3095
3102
3096
3072
3164
3109
3108
3072
3100
3071
3108
3131
3068
3097
3071
3090
3086
3108
3083
3067
3071
3091
3100
3139
3096
3171
3103
3090
3083
3139
3080
3128
3144
3082
3088
3072
3070
3070
3065
3067
3133
3129
3107
3071
3086
3094
3137
3075
3079
3070
3078
3127
3092
3148
3083
3108
3082
3129
3083
3123
3116
3126
3111
3129
3092
3093
3068
3102
3079
3077
3091
3100
3087
3117
3128
3090
3138
3159
3099
3018
3071
3093
3308
3063
3095
3066
3127
3098
3111
3141
3101
3126
3074
3100
3096
3124
3279
3092
3066
3116
3091
3117
3117
3096
3092
3103
3069
3083
3071
3092
3102
3069
3096
3104
3105
3129
3108
3093
3102
3091
3076
3063
3264
3091
3069
3092
3159
3092
3061
3118
3070
3103
3089
3336
3103
3088
3098
3118
3123
3142
3104
3104
3710
3109
3090
3157
3094
3090
3062
3066
3127
3097
3106
3095
3071
3092
3095
3156
3133
3081
3099
3098
3142
3111
3064
3093
3108
3138
3129
3099
3070
3126
3112
3067
3112
3142
3156
3101
3096
3134
3177
3120
3163
3120
3131
3115
3083
3090
3060
3108
3070
3145
3099
3099
3091
3143
3101
3158
3108
3118
3068
3118
3079
3117
3136
3128
3131
3120
3090
3020
3141
3118
3103
3116
3120
3366
3093
3145
3103
3104
3085
3090
3113
3099
3093
3071
3092
3085
3095
3150
3096
3085
3095
3089
3092
3109
3109
3087
3093
3095
3135
3135
3094
3097
3103
3070
3129
3091
3097
3100
3097
3069
3097
3103
3065
3195
3124
3108
3095
3090
3124
3099
3087
3114
3072
3096
3104
3155
3134
3117
3079
3067
3065
3086
3087
3072
3096
3101
3098
3088
3147
3089
3109
3116
3064
3115
3130
3117
3083
3104
3095
3093
3114
3090
3091
3088
3092
3076
3100
3073
3098
3093
3101
3104
3090
3099
3068
3091
3097
3079
3101
3101
3069
3107
3094
3090
3092
3127
3071
3103
3152
3064
3066
3089
3129
3142
3134
3142
3087
3145
3142
3081
3109
3092
3108
3082
3106
3090
3127
3106
3120
3073
3090
3089
3094
3090
3075
3126
3212
3125
3119
3106
3111
4038
3098
3138
3134
3144
3094
3088
3065
3102
3096
3091
3123
3145
3105
3148
3105
3118
3128
3090
3099
3090
3070
3093
3143
3083
3096
3096
3106
3124
3062
3098
3090
3312
3071
3066
3412
3420
4087
3178
3578
3130
3099
3118
3099
3091
3133
3090
3091
3094
3087
3090
3096
3102
3091
3070
3093
3067
3092
3149
3073
3109
3136
3066
3077
3093
3089
3067
3079
3130
3093
3094
3095
3408
3091
3093
3092
3121
3080
3100
3103
3112
3136
3071
3073
3223
3082
3154
3096
3116
3089
3090
3107
3110
3118
3125
3077
3135
3102
3070
3098
3100
3061
3074
3094
3087
3170
3102
3066
3113
3090
3132
3123
3109
3118
3103
3392
3067
3067
3070
3133
3104
3091
3091
3095
3109
3089
3069
3067
3107
3092
3090
3095
3096
3089
3084
3073
3102
3093
3090
3095
3091
3088
3092
3095
3101
3069
3102
3103
3103
3087
3070
3089
3094
3097
3093
3091
3071
3416
3100
3095
3101
3105
3068
3113
3090
3143
3120
3066
3247
3097
3063
3095
3092
3067
3076
3094
3088
3367
3091
3067
3090
3098
3084
3119
3097
3244
3133
3070
3092
3093
3094
3093
3118
3127
3073
3095
3098
3093
3113
3092
3098
3109
3144
3142
3130
3138
3086
3094
3135
3106
3095
3096
3112
3132
3093
3070
3087
3078
3093
3065
3120
3098
3104
3092
3065
3119
3096
3108
3095
3116
3119
3063
3105
3103
3088
3096
3077
3088
3146
3104
3110
3783
3097
3129
3121
3124
3112
3097
3064
3088
3106
3067
3097
3131
3085
3086
3136
3097
3080
3098
3104
3115
3609
3114
3102
3100
3061
3089
3078
3119
3088
3087
3089
3090
3111
3060
3106
3100
3091
3085
3101
3097
3096
3081
3096
3091
3090
3169
3102
3108
3091
3121
3092
3064
3109
3062
3129
3066
3528
3167
3110
3092
3121
3068
3084
3110
3082
3455
3070
3109
3129
3146
3085
3073
3109
3089
3126
3096
3100
3066
3098
3090
3068
3543
3076
3091
3096
3121
3089
3065
3093
3069
3091
3140
3128
3085
3129
3103
3095
3103
3512
3369
3080
3110
3121
3118
3078
3104
3067
3095
3080
3959
3634
3098
3094
3101
3070
3079
3063
3634
3634
3090
3067
3070
3066
3140
3095
3093
3174
3088
3114
3104
3933
3102
3104
3105
3124
3066
3087
3126
3102
3090
3137
3123
3112
3083
3071
3097
3089
3098
3086
3104
3108
3097
3080
3084
3066
3098
3093
3091
3332
3126
3067
3147
3109
3395
3096
3069
3073
3088
3094
3094
3097
3091
3074
3080
3098
3100
3085
3091
3074
3094
3072
3098
3092
3086
3093
3093
3138
3076
3093
3074
3083
3093
3089
3085
3097
3090
3087
3094
3090
3095
3132
3069
3096
3144
3086
3092
3092
3093
3151
3066
3093
3103
3110
3090
3097
3085
3099
3093
3092
3089
3132
3094
3091
3070
3068
3089
3165
3137
3106
3105
3078
3086
3126
3111
3119
3088
3069
3140
3107
3086
3099
3082
3094
3067
3099
3103
3094
3112
3235
3097
3093
3182
3131
3077
3118
3388
3127
3079
3143
3120
3118
3117
3202
3150
3306
3106
3086
3090
3109
3094
3110
3073
3104
3090
3095
3100
3138
3721
3099
3066
3132
3069
3075
3126
3182
3085
3090
3126
3063
3100
3087
3071
3109
3115
3093
3093
3098
3086
3261
3082
3092
3070
3092
3139
3104
3120
3113
3129
3067
3099
3067
3120
3187
3101
3121
3133
3137
3152
3135
3096
3132
3107
3069
3082
3125
3093
3120
3091
3063
3315
3113
3091
3124
3102
3118
3083
3097
3109
3136
3082
3069
3121
3125
3064
3098
3091
3094
3113
3082
3099
3104
3456
3113
3135
3091
3089
3088
3100
3070
3634
3103
3105
3127
3131
3074
3159
3124
3179
3126
3131
3135
3100
3103
3141
3087
3091
3090
3102
3096
3118
3544
3118
3128
3131
3088
3130
3085
3108
3103
3066
3067
3093
3103
3067
3093
3083
3086
3147
3087
3096
3140
3127
3091
3112
3117
3066
3115
3085
3079
3089
3089
3106
3106
3093
3140
3508
3091
3092
3066
3178
3069
3162
3113
3121
3088
3093
3094
3088
3080
3088
3079
3074
3104
3097
3103
3095
3131
3114
3070
3092
3093
3094
3086
3098
3085
3091
3137
3068
3068
3226
3107
3069
3093
3095
3097
3091
3074
3099
3070
3084
3099
3067
3068
3096
3105
3068
3066
3095
3086
3088
3098
3086
3067
3087
3110
3129
3102
3129
3157
3117
3679
3098
3120
3134
3126
3099
3073
3071
3069
3090
3068
3100
3071
3068
3099
3090
3093
3070
3101
3132
3077
3099
3107
3104
3065
3097
3096
3105
3068
3070
3119
3230
3091
3100
3087
3146
3090
3089
3220
3245
3106
3127
3393
3096
3068
3100
3105
3980
3097
3071
3069
3121
3093
3115
3070
3062
3079
3076
3065
3174
3106
3101
3070
3142
3089
3104
3138
3096
3077
3126
3094
3137
3119
3073
3080
3117
3067
3077
3137
3103
3096
3091
3120
3092
3231
3088
3140
3085
3072
3153
3087
3068
3103
3118
3107
3089
3110
3114
3066
3070
3125
3091
3068
3078
3092
3086
3129
3084
3076
3103
3102
3144
3090
3192
3084
3098
3105
3072
3068
3072
3099
3096
3096
3088
3103
3170
3116
3101
3100
3072
3120
3096
3098
3066
3070
3075
3065
3121
3091
3071
3102
3131
3062
3107
3132
3097
3127
3122
3127
3093
3124
3126
3071
3130
3118
3138
3138
3093
3100
3094
3065
3088
3090
3110
3140
3063
3108
3123
3103
3106
3121
3063
3069
3067
3089
3097
3088
3106
3108
3390
3133
3084
3068
3097
3114
3092
3097
3133
3084
3107
3099
3428
3069
3070
3107
3093
3086
3099
3076
3086
3098
3148
3091
3103
3094
3089
3102
3096
3066
3079
3108
3096
3105
3085
3092
3089
3102
3080
3090
3080
3090
3098
3154
3122
3079
3112
3089
3083
3075
3249
3073
3091
3084
3109
3091
3070
3077
3254
3072
3143
3088
3135
3088
3124
3131
3144
3155
3096
3075
3071
3126
3122
3097
3111
3067
3067
3142
3110
3071
3088
3160
3128
3139
3246
3121
3069
3089
3100
3076
3171
3116
3111
3145
3089
3098
3578
3155
3100
3079
3100
3078
3086
3115
3096
3066
3093
3071
3116
3102
3095
3101
3100
3116
3099
3096
3066
3100
3092
3098
3087
3108
3083
3065
3117
3091
3068
3096
3093
3145
3074
3091
3125
3135
3105
3107
3106
3111
3115
3077
3064
3087
3071
3126
3091
3103
3700
3116
3088
3093
3116
3086
3097
3093
3087
3122
3086
3082
3100
3080
3121
3069
3086
3094
3108
3101
3072
3165
3117
3098
3156
3071
3064
3084
3089
3078
3101
3121
3121
3075
3094
3142
3116
3113
3092
3086
3132
3132
3152
3120
3085
3074
3082
3079
3091
3067
3084
3139
3097
3094
3164
3096
3091
3099
3084
3105
3125
3095
3122
3066
3069
3098
3100
3120
3091
3095
3093
3093
3108
3117
3077
3092
3064
3066
3113
3121
3033
3142
3103
3087
3123
3127
3126
3065
3078
3092
3100
3117
3090
3101
3065
3115
3102
3126
3177
3086
3086
3142
3096
3127
3126
3075
3148
3096
3079
3094
3107
3089
3067
3091
3069
3091
3090
3126
3083
3112
3141
3089
3091
3222
3093
3068
3087
3101
3127
3097
3096
3086
3067
3175
3126
3091
3098
3086
3067
3448
3123
3100
3088
3087
3108
3094
3091
3069
3115
3092
3088
3110
3094
3089
3097
3126
3071
3089
3066
3101
3091
3091
3128
3098
3097
3094
3072
3098
3069
3100
3076
3090
3074
3119
3086
3097
3093
3062
3069
3142
3109
3106
3095
3104
3103
3065
3148
3111
3090
3088
3105
3091
3115
3103
3065
3085
3082
3091
3102
3088
3111
3154
3150
3146
3126
3127
3122
3113
3113
3075
3112
3111
3107
3071
3118
3108
3093
3101
3138
3091
3093
3129
3155
3092
3087
3091
3093
3088
3120
3073
3071
3110
3134
3099
3074
3091
3114
3068
3131
3090
3102
3120
3086
3099
3068
3110
3100
3100
3097
3107
3091
3089
3160
3093
3099
3076
3067
3130
3077
3130
3121
3082
3137
3124
3132
3141
3108
3071
3110
3087
3333
3095
3100
3868
3121
3090
3101
3101
3122
3093
3088
3832
3087
3098
3097
3096
3120
3028
3099
3065
3068
3138
3124
3099
3125
3138
3110
3092
3138
3091
3085
3085
3084
3146
3122
3070
3133
3083
3093
3109
3236
3077
3090
3067
3107
3086
3289
3184
3144
3106
3083
3096
3095
3088
3098
3087
3091
3123
3080
3129
3144
3074
3077
3092
3127
3063
3095
3067
3100
3072
3122
3094
3092
3073
3088
3098
3090
3094
3075
3089
3383
3098
3065
3085
3107
3088
3129
3065
3072
3069
3156
3095
3110
3073
3073
3092
3094
3067
3074
3160
3133
3122
3120
3130
3125
3090
3071
3130
3076
3139
3121
3166
3133
3088
3099
3068
3082
3091
3103
3088
3088
3081
3101
3091
3120
3071
3098
3119
3094
3083
3100
3091
3094
3124
3250
3077
3099
3094
3117
3379
3107
3081
3118
3128
3102
3095
3146
3072
3140
3097
3080
3063
3101
3094
3069
3094
3070
3136
3095
3360
3092
3110
3110
3105
3088
3065
3100
3102
3100
3080
3144
3104
3090
3093
3105
3097
3069
3091
3087
3088
3091
3064
3065
3096
3103
3068
3095
3091
3072
3063
3095
3096
3100
3067
3131
3063
3066
3077
3109
3223
3100
3071
3102
3142
3066
3066
3093
3086
3090
3131
3133
3071
3138
3071
3096
3070
3074
3119
3131
3097
3065
3092
3099
3121
3085
3094
3094
3099
3062
3105
3068
3103
3097
3122
3095
3065
3101
3072
3382
3103
3063
3103
3105
3084
3063
3129
3103
3091
3098
3069
3108
3067
3092
3181
3137
3184
3108
3089
3168
3107
3098
3096
3142
3095
3091
3093
3102
3071
3139
3101
3068
3108
3070
3089
3132
3063
3083
3116
3132
3098
3091
3095
3071
3067
3115
3088
3090
3102
3104
3101
3103
3093
3193
3158
3072
3073
3102
3064
3098
3067
3100
3109
3090
3116
3106
3096
3098
3066
3109
3094
3116
3067
3094
3089
3091
3109
3083
3066
3069
3092
3118
3097
3068
3098
3088
3104
3074
3128
3124
3103
3103
3131
3071
3138
3114
3096
3092
3091
3088
3083
3084
3068
3092
3066
3091
3088
3082
3140
3082
3262
3139
3087
3073
3066
3092
3114
3117
4299
3125
3091
3093
3091
3068
3137
3124
3086
3067
3092
3089
3090
3092
3068
3097
3103
3117
3101
3137
3113
3123
3074
3131
3138
3110
3128
3065
3376
3086
3094
3081
3137
3088
3096
3088
3121
3076
3166
3096
3086
3091
3102
3063
3152
3114
3114
3109
3092
3093
3106
3090
3087
3098
3096
3064
3139
3062
3132
3158
3147
3130
3116
3124
3156
3074
3117
3117
3146
3122
3102
3114
3145
3069
3110
3132
3090
3080
3123
3106
3130
3121
3068
3115
3105
3121
3077
3117
3046
3104
3094
3095
3095
3100
3100
3091
3096
3997
3073
3096
3098
3086
3105
3113
3097
3089
3101
3131
3116
3117
3089
3092
3086
3127
3069
3096
3098
3067
3100
3115
3086
3128
3111
3093
3129
3123
3081
3081
3097
3150
3136
3120
3147
3119
3094
3079
3072
3071
3069
3072
3099
3101
3070
3103
3095
3107
3133
3097
3094
3090
3094
3113
3391
3098
3089
3083
3124
3066
3069
3120
3076
3122
3175
3077
3140
3103
3146
3086
3079
3076
3256
3101
3134
3085
3078
3085
3067
3070
3067
3060
3070
3103
3114
3094
3128
3128
3132
3093
3089
3093
3101
3098
3099
3096
3087
3089
3116
3126
3125
3133
3065
3081
3068
3099
3091
3066
3084
3087
3095
3096
3112
3070
3072
3098
3096
3116
3093
3070
3088
3085
3093
3085
3088
3125
3073
3095
3100
3097
3114
3138
3067
3090
3087
3078
3114
3111
3122
3122
3121
3086
3126
3116
3122
3069
3108
3099
3091
3143
3076
3104
3134
3100
3082
3075
3100
3096
3136
3067
3068
3074
3072
3125
3092
3083
3094
3095
3107
3100
3090
3088
3094
3101
3090
3098
3083
3107
3089
3107
3106
3068
3084
3129
3109
3095
3142
3370
3112
3091
3060
3101
3085
3082
3086
3167
3101
3102
3098
3116
3064
3077
3097
3071
3097
3091
3082
3105
3074
3093
3095
3079
3097
3122
3122
3102
3099
3087
3100
3132
3129
3087
3098
3073
3099
3067
3094
3140
3082
3089
3113
3067
3102
3149
3091
3071
3069
3068
3091
3089
3158
3097
3068
3101
3087
3139
3101
3154
3086
3164
3087
3092
3075
3200
3101
3172
3074
3113
3063
3088
3101
3070
3127
3075
3091
3117
3127
3127
3105
3116
3090
3094
3074
3070
3105
3120
3094
3080
3120
3093
3089
3065
3097
3093
3069
3091
3098
3084
3106
3095
3090
3151
3146
3095
3112
3063
3089
3097
3089
3097
3064
3072
3145
3097
3109
3089
3098
3093
3065
3102
3096
3130
3100
3117
3067
3088
3109
3111
3101
3092
3103
3100
3106
3068
3069
3134
3092
3135
3095
3471
3094
3128
3065
3122
3102
3114
3090
3098
3106
3143
3122
3094
3101
3074
3087
3070
3098
3104
3073
3098
3146
3069
3090
3088
3089
3098
3102
3228
3099
3141
3064
3095
3101
3098
3094
3071
3064
3074
3068
3101
3119
3139
3068
3070
3109
3115
3065
3089
3113
3088
3129
3077
3080
3151
3130
3070
3072
3093
3117
3097
3096
3088
3068
3156
3090
3070
3105
3093
3125
3102
3091
3067
3127
3115
3079
3073
3137
3104
3070
3069
3116
3128
3125
3147
3122
3087
3072
3069
3089
3142
3134
3093
3068
3069
3091
3092
3099
3103
3101
4228
3068
3095
3125
3102
3076
3386
3129
3177
3080
3133
3114
3097
3089
3088
3094
3111
3130
3088
3092
3089
3098
3087
3090
3102
3090
3127
3100
3132
3140
3101
3099
3133
3066
3098
3072
3117
3070
3068
3391
3080
3092
3120
3140
3094
3106
3093
3102
3121
3069
3068
3100
3114
3118
3141
3096
3132
3087
3125
3092
3099
3105
3139
3140
3089
3096
3114
3091
3098
3071
3110
3068
3121
3100
3120
3107
3063
3098
3073
3069
3088
3084
3090
3095
3131
3096
3112
3065
3067
3071
3095
3106
3096
3110
3135
3102
3078
3067
3116
3099
3083
3101
3101
3102
3104
3066
3099
3094
3107
3090
3119
3122
3090
3113
3128
3147
3124
3125
3109
4221
3086
3105
3171
3073
3081
3097
3117
3072
3165
3095
3128
3092
3127
3115
3160
3095
3067
3125
3133
3125
3106
3145
3167
3091
3091
3107
3091
3098
3066
3089
3129
3096
3117
3121
3102
3078
3071
3096
3090
3073
3062
3081
3066
3095
3129
3107
3153
3113
3101
3119
3150
3111
3154
3157
3128
3107
3104
3230
3106
3073
3086
3118
3120
3130
3099
3091
3093
3082
3106
3101
3099
3069
3114
3088
3138
3117
3161
3100
3067
3109
3084
3088
3104
3114
3087
3107
3080
3072
3077
3115
3093
3130
3123
3100
3091
3140
3063
3094
3120
3090
3092
3063
3068
3082
3102
3096
3090
3094
3118
3114
3132
3080
3092
3075
3131
3099
3125
3117
3098
3069
3103
3103
3089
3104
3111
3087
3101
3129
3068
3086
3088
3097
3110
4479
3108
3089
3072
3077
3103
3071
3131
3081
3093
3065
3083
3104
3187
3072
3108
3147
3067
3090
3118
3092
3100
3064
3093
3095
3088
3094
3096
3096
3101
3097
3134
3098
3064
3065
3090
3078
3139
3120
3079
3065
3075
3074
3070
3145
3142
3098
3068
3093
3084
3104
3088
3096
3066
3071
3095
3063
3147
3084
3081
3107
3084
3088
3096
3107
3117
3096
3130
3745
3065
3088
3101
3125
3071
3113
3105
3065
3167
3082
3109
3065
3069
3142
3126
3092
3178
3061
3155
3106
3105
3066
3121
3426
3083
3121
3161
3068
3077
3074
3112
3089
3122
3107
3082
3078
3102
3087
3116
3123
3149
3098
3136
3128
3121
3099
3734
3069
3068
3074
3097
3133
3347
3087
3120
3075
3100
3159
3096
3069
3100
3090
3062
3094
3107
3097
3094
3101
3088
3101
3144
3071
3115
3096
3086
3138
3125
3142
3078
3098
3113
3067
3089
3125
3063
3154
3020
3103
3069
3097
3087
3095
3100
3089
3066
3060
3069
3102
3121
3084
3121
3144
3183
3134
3126
3061
3075
3065
3097
3098
3098
3071
3083
3101
3078
3096
3068
3114
3094
3110
3081
3065
3120
3089
3090
3081
3068
3063
3095
3081
3102
3109
3082
3121
3212
3106
3099
3102
3094
3099
3093
3111
3066
3920
3123
3065
3090
3089
3148
3137
3092
3091
3091
3079
3131
3077
3142
3087
3098
3137
3095
3065
3074
3096
3151
3095
3096
3061
3092
3088
3091
3087
3088
3067
3094
3103
3118
3084
3121
3098
3091
3089
3102
3106
3069
3129
3129
3065
3082
3073
3092
3094
3086
3117
3092
3098
3068
3094
3112
3091
3095
3091
3066
3130
3119
3095
3083
3255
3066
3084
3099
3016
3093
3088
3087
3101
3096
3086
3102
3096
3126
3074
3093
3068
3099
3135
3122
3069
3096
3092
3093
3095
3096
3092
3097
3103
3097
3120
3124
3122
3068
3094
3110
3099
3068
3083
3093
3108
3138
3097
3115
3063
3067
3127
3126
3067
3111
3069
3105
3126
3120
3091
3094
3127
3068
3105
3066
3110
3088
3076
3156
3137
3106
3073
3093
3126
3095
3096
3110
3088
3096
3108
3081
3129
3090
3081
3085
3116
3077
3135
3092
3089
3098
3091
3095
3093
3097
3069
3093
3094
3073
3143
3094
3064
3104
3091
3089
3103
3089
3088
3089
3097
3065
3064
3100
3064
3098
3070
3115
3097
3084
3087
3097
3081
3064
3073
3695
3081
3123
3105
3093
3076
3141
3097
3098
3083
3095
3063
3097
3097
3094
3110
3098
3096
3094
3069
3102
3082
3097
3090
3066
3145
3067
3104
3096
3104
3078
3071
3102
3134
3131
3115
3094
3071
3147
3101
3097
3082
3142
3100
3111
3136
3151
3143
3095
3124
3104
3297
3097
3123
3142
3093
3135
3091
3087
3096
3124
3097
3096
3104
3108
3099
3117
3140
3134
3150
3079
3077
3095
3091
3090
3095
3116
3117
3505
3225
3126
3078
3120
3084
3100
3090
3116
3090
3131
3097
3101
3094
3068
3103
3065
3094
3128
3108
3125
3100
3147
3139
3095
3089
3089
3098
3154
3129
3113
3081
3091
3068
3146
3087
3071
3067
3069
3114
3070
3067
3068
3089
3098
3092
3097
3071
3244
3086
3095
3097
3089
3087
3153
3088
3073
3105
3095
3084
3068
3096
3095
3093
3069
3158
3089
3096
3112
3084
3064
3099
3130
3151
3550
3098
3089
3099
3154
3085
3132
3071
3118
3124
3089
3071
3142
3129
3090
3146
3093
3142
3162
3084
3096
3139
3117
3093
3108
3148
3380
3178
3095
3090
3065
3090
3097
3093
3080
3083
3136
3068
3093
3380
3067
3088
3063
3069
3179
3109
3078
3069
3094
3092
3069
3101
3090
3105
3068
3167
3072
3097
3086
3069
3068
3098
3124
3071
3103
3100
3093
3128
3098
3072
3137
3091
3093
3093
3099
3081
3097
3096
3111
3096
3069
3108
3065
3136
3091
3082
3090
3084
3379
3061
3064
3088
3072
3091
3094
3074
3105
3092
3155
3091
3128
3092
3088
3090
3109
3096
3234
3105
3083
3102
3123
3143
3067
3099
3120
3124
3132
3129
3117
3127
3121
3116
3073
3126
3127
3079
3075
3103
3066
3094
3094
3098
3082
3111
3110
3105
3090
3069
3112
3072
3086
3118
3084
3075
3099
3103
3105
3130
3070
3122
3101
3094
3088
3099
3136
3139
3069
3101
3088
3096
3152
3107
3101
3072
3101
3091
3109
3144
3382
3131
3126
3063
3092
3094
3097
3093
3112
3377
3104
3115
3100
3087
3093
3106
3096
3111
3081
3071
3092
3065
3100
3091
3089
3114
3124
3099
3148
3072
3074
3069
3191
3138
3128
3099
3136
3121
3118
3069
3137
3101
3091
3068
3126
3120
3095
3128
3144
3122
3101
3119
3092
3098
3111
3097
3109
3102
3092
3139
3098
3099
3097
3094
3098
3148
3088
3120
3123
3086
3093
3093
3064
3084
3088
3558
3117
3114
3119
3087
3129
3110
3102
3139
3124
3102
3089
3066
3132
3090
3103
3100
3096
3088
3061
3087
3120
3088
3107
3106
3081
3094
3125
3066
3093
3081
3066
3086
3118
3141
3104
3094
3114
3068
3115
3098
3101
3121
3121
3066
3129
3085
3114
3129
3088
3118
3147
3085
3124
3091
3098
3099
3101
3091
3094
3108
3068
3147
3100
3070
3105
3096
3446
3096
3111
3118
3094
3122
3131
3117
3232
3088
3108
3087
3107
3077
3140
3136
3125
3119
3385
3093
3108
3071
3070
3097
3063
3110
3085
3068
3096
3087
3097
3128
3091
3090
3150
3157
3125
3110
3103
3091
3100
3096
3065
3094
3101
3091
3090
3113
3091
3115
3085
3094
3124
3137
3109
3077
3119
3066
3070
3392
3114
3094
3127
3097
3065
3103
3136
3091
3115
3165
3114
3446
3110
3080
3071
3140
3125
3073
3064
3080
3078
3081
3146
3070
3079
3137
3125
3091
3099
3088
3116
3104
3116
3088
3132
3130
3106
3124
3124
3151
3091
3057
3107
3109
3151
3105
3068
3102
3093
3088
3093
3089
3091
3145
3104
3137
3069
3088
3083
3078
3110
3081
3115
3074
3113
3137
3079
3122
3085
3157
3151
3098
3148
3133
3132
3150
3684
3096
3103
3068
3085
3116
3112
3090
3072
3065
3100
3097
3105
3135
3139
3085
3745
3068
3312
3107
3092
3066
3088
3139
3125
3129
3089
3069
3119
3119
3065
3104
3067
3160
3069
3068
3099
3071
3093
3096
3236
3095
3099
3108
3094
3092
3077
3088
3093
3267
3072
3090
3090
3098
3104
3115
3085
3090
3092
3094
3089
3084
3093
3107
3102
3153
3131
3074
3117
3114
3128
3067
3080
3088
3082
3095
3123
3099
3017
3090
3111
3108
3079
3082
3095
3133
3071
3088
3134
3070
3115
3072
3108
3072
3095
3088
3070
3087
3067
3089
3072
3333
3095
3086
3124
3120
3130
3135
3126
3121
3918
3132
3099
3072
3111
3094
3086
3066
3113
3063
3087
3103
3097
3093
3076
3147
3111
3088
3068
3098
3102
3229
3071
3068
3082
3119
3097
3114
3158
3072
3160
3062
3139
3112
3096
3117
3072
3099
3099
3068
3071
3110
3134
3086
3120
3068
3091
3103
3069
3102
3117
3119
3112
3086
3145
3073
3155
3124
3121
3091
3071
3100
3090
3107
3096
3110
3072
3431
3092
3109
3093
3144
3135
3189
3115
3108
3117
3133
3078
3094
3093
3124
3140
3102
3093
3458
3065
3125
3444
3106
3094
3090
3106
3127
3091
3080
3116
3082
3098
3140
3064
3094
3102
3093
3100
3092
3129
3096
3095
3096
3120
3108
3108
3130
3108
3107
3097
3094
3090
3069
3181
3095
3109
3097
3125
3072
3069
3097
3099
3161
3123
3091
3064
3125
3115
3074
3115
3106
3069
3106
3069
3139
3064
3103
3091
3119
3136
3091
3100
3121
3071
3100
3156
3096
3071
3095
3136
3093
3110
3384
3114
3086
3074
3099
3163
3239
3113
3107
3077
3070
3100
3100
3080
3098
3069
3098
3093
3310
3065
3100
3110
3143
3078
3072
3094
3099
3093
3099
3154
3136
3069
3066
3134
3086
3098
3123
3066
3101
3067
3077
3197
3070
3104
3080
3079
3119
3104
3094
3095
3091
3098
3071
3103
3128
3074
3066
3076
3838
3105
3066
3096
3109
3068
3132
3096
3061
3086
3106
3109
3145
3084
3089
3093
3110
3138
3096
3088
3126
3094
3149
3118
3099
3094
3110
3144
3120
3095
3102
3116
3098
3067
3115
3068
3107
3087
3103
3093
3108
3067
3098
3090
3063
3085
3105
3101
3068
3091
3068
3096
3086
3087
3095
3083
3093
3076
3121
3118
3134
3093
3103
3082
3077
3089
3118
3093
3135
3142
3081
3113
3098
3095
3103
3073
3069
3160
3103
3129
3111
3141
3123
3084
3130
3118
3142
3091
3065
3099
3079
3070
3077
3090
3093
3085
3093
3100
3083
3103
3063
3086
3091
3064
3100
3105
3067
3261
3093
3096
3111
3118
3099
3150
3108
3095
3094
3073
3092
3092
3089
3109
3153
3061
3067
3129
3114
3091
3107
3096
3084
3071
3148
3087
3130
3095
3096
3082
3105
3096
3115
3097
3092
3088
3073
3074
3103
3097
3097
3067
3164
3101
3143
3126
3084
3092
3097
3112
3137
3098
3097
3080
3141
3098
3130
3066
3088
3089
3121
3066
3122
3097
3102
3093
3091
3095
3094
3086
3087
3069
3089
3095
3091
3098
3067
3075
3121
3092
3091
3133
3093
3071
3087
3103
3160
3083
3099
3070
3089
3091
3101
3130
3095
3094
3095
3132
3092
3076
3067
3082
3139
3168
3114
3276
3127
3073
3108
3070
3094
3109
3094
3098
3098
3065
3102
3086
3447
3066
3117
3087
3066
3096
3106
3067
3107
3071
3064
3178
3125
3065
3171
3102
3137
3128
3080
3132
3135
3093
3071
3136
3093
3112
3088
3108
3131
3143
3100
3156
3066
3099
3083
3080
3138
3071
3144
3105
3124
3124
3097
3103
3090
3106
3092
3101
3075
3086
3062
3185
3115
3079
3087
3063
3091
3625
3117
3149
3138
3085
3070
3150
3111
3091
3126
3140
3154
3133
3101
3141
3077
3097
3124
3122
3125
3087
3243
3102
3072
3070
3087
3116
3099
3098
3090
3113
3093
3122
3119
3101
3075
3130
3113
3094
3067
3117
3137
3087
3097
3065
3100
3085
3092
3084
3111
3123
3090
3102
3103
3114
3072
3079
3067
3135
3086
3093
3096
3058
3097
3090
3109
3102
3112
3085
3107
3064
3131
3117
3093
3128
3158
3096
3100
3095
3064
3091
3725
3528
3131
3109
3124
3067
3090
3081
3122
3096
3084
3088
3108
3094
3118
3097
3066
3090
3105
3102
3094
3113
3087
3091
3141
3106
3094
3072
3067
3118
3120
3097
3070
3090
3100
3099
3088
3235
3073
3094
3092
3157
3096
3093
3094
3144
3095
3096
3130
3092
3103
3145
3099
3126
3092
3118
3082
3126
3120
3133
3103
3067
3090
3097
3107
4004
3066
3093
3133
3073
3096
3071
3149
3148
3092
3107
3094
3109
3068
3067
3144
3092
3087
3073
3143
3103
3090
3100
3097
3073
3095
3098
3123
3154
3086
3067
3099
3092
3101
3065
3067
3089
3094
3136
3106
3064
3103
3096
3102
3138
3072
3073
3094
3150
3141
3108
3070
3095
3122
3106
3092
3090
3098
3136
3098
3129
3099
3120
3093
3068
3100
3097
3090
3068
3067
3110
3106
3095
3093
3136
3097
3073
3311
3157
3101
3153
3173
3090
3179
3088
3065
3131
3070
3067
3070
3185
3123
3125
3089
3105
3149
3073
3108
3108
3078
3118
3155
3089
3123
3101
3085
3096
3094
3121
3066
3065
3109
3174
3088
3101
3094
3112
3078
3069
3066
3093
3097
3095
3067
3070
3077
3117
3067
3071
3075
3119
3082
3102
3109
3104
3085
3062
3128
3109
3138
3136
3081
3078
3109
3106
3074
3132
3096
3091
3097
3099
3115
3096
3155
3177
3072
3113
3068
3157
3122
3103
3098
3087
3131
3090
3139
3093
3095
3099
3104
3091
3072
3129
3095
3093
3094
3070
3080
3095
3123
3097
3175
3068
3093
3102
3098
3100
3122
3117
3130
3123
3068
3082
3105
3099
3352
3067
3076
3092
3127
3102
3156
3097
3076
3069
3090
3083
3094
3092
3105
3098
3090
3082
3158
3236
3083
3066
3092
3089
3422
3068
3045
3066
3115
3107
3083
3106
3102
3128
3131
3095
3068
3149
3148
3115
3144
3075
3115
3121
3086
3109
3088
3098
3116
3111
3092
3096
3152
3090
3248
3134
3069
3065
3068
3079
3156
3157
3063
3095
3100
3099
3097
3096
3066
3093
3066
3085
3094
3089
3145
3099
3069
3099
3090
3130
3134
3095
3092
3088
3087
3110
3098
3098
3086
3070
3069
3097
3094
3070
3108
3072
3104
3068
3069
3091
3097
3100
3063
3099
3148
3086
3084
3091
3102
3084
3122
3097
3520
3093
3092
3127
3091
3109
3172
3124
3504
3142
3123
3840
3173
3125
3158
3073
3156
3096
3124
3107
3139
3136
3152
3103
3118
3075
3120
3075
3108
3150
3136
3108
3108
3167
3076
3069
3079
3068
3129
3064
3385
3104
3123
3093
3099
3121
3093
3140
3111
3234
3064
3092
3094
3094
3097
3095
3089
3069
3093
3097
3099
3098
3089
3115
3088
3077
3097
3093
3106
3099
3093
3087
3117
3298
3128
3140
3126
3075
3074
3113
3206
3094
3078
3424
3135
3146
3103
3072
3262
3074
3110
3100
3091
3129
3141
3085
3514
3128
3086
3082
3088
3058
3090
3117
3107
3070
3064
3106
3089
3098
3069
3110
3089
3099
3097
3088
3098
3127
3145
3092
3101
3098
3095
3094
3102
3086
3069
3102
3127
3093
3120
3092
3094
3094
3088
3099
3814
3101
3073
3093
3338
3147
3156
3129
3097
3091
3105
3119
3116
3112
3109
3136
3070
3100
3088
3094
3089
3092
3102
3114
3069
3095
3089
3084
3102
3109
3072
3095
3091
3089
3072
3126
3070
3108
3070
3114
3068
3072
3109
3068
3096
3107
3094
3097
3095
3121
3141
3091
3091
3122
3128
3095
3097
3095
3089
3121
3136
3100
3093
3096
3126
3141
3085
3105
3070
3126
3068
3112
3069
3111
3069
3092
3087
3099
3089
3090
3480
3075
3074
3105
3071
3109
3102
3104
3087
3070
3123
3079
3121
3443
3160
3090
3097
3097
3094
3094
3067
3066
3140
3091
3069
3091
3091
3106
3085
3070
3120
3093
3108
3090
3079
3090
3089
3130
3069
3137
3124
3080
3095
3096
3105
3074
3099
3090
3091
3093
3093
3096
3085
3114
3106
3068
3155
3087
3100
3095
3093
3100
3098
3088
3098
3107
3079
3071
3095
3071
3080
3136
3066
3096
3128
3117
3379
3111
3100
3069
3094
3068
3067
3108
3100
3104
3091
3113
3087
3155
3091
3063
3090
3087
3067
3136
3092
3065
3089
3830
3080
3096
3091
3091
3066
3133
3080
3091
3095
3094
3095
3084
3067
3092
3095
3071
3096
3094
3100
3095
3089
3110
3113
3099
3069
3095
3077
3071
3136
3126
3086
3090
3064
3107
3145
3109
3126
3107
3113
3137
3143
3069
3095
3091
3064
3092
3090
3067
3069
3093
3086
3093
3099
3099
3099
3098
3092
3091
3089
3097
3070
3102
3069
3115
3092
3132
3131
3084
3090
3117
3121
3164
3137
3145
3099
3100
3073
3067
3100
3107
3062
3102
3080
3065
3096
3125
3163
3094
3129
3064
3094
3094
3071
3100
3097
3095
3115
3087
3070
3107
3106
3147
3129
3087
3096
3136
3095
3117
3743
3104
3121
3090
3088
3072
3062
3064
3089
3084
3097
3098
3069
3104
3083
3070
3164
3152
3099
3135
3106
3096
3067
3090
3098
3113
3068
3068
3106
3092
3106
3145
3113
3113
3072
3117
3101
3096
3089
3119
3092
3097
3099
3109
3148
3104
3145
3122
3099
3119
3121
3129
3150
3087
3098
3122
3114
3100
3121
3101
3089
3098
3118
3080
3132
3108
3097
3128
3088
3103
3092
3090
3092
3090
3095
3119
3123
3087
3125
3105
3143
3105
3091
3105
3096
3085
3147
3066
3125
3101
3141
3089
3103
3074
3071
3094
3121
3091
3136
3135
3084
3098
3155
3152
3126
3120
3134
3122
3112
3107
3120
3119
3121
3135
3117
3132
3117
3131
3068
3153
3155
3090
3073
3087
3103
3070
3090
3116
3126
3122
4282
3093
3147
3089
3140
3122
3106
3100
3145
3278
3068
3178
3092
3079
3114
3087
3096
3063
3067
3097
3131
3074
3061
3109
3100
3101
3092
3064
3094
3101
3100
3091
3119
3070
3065
3088
3071
3094
3091
3120
3084
3067
3125
3092
3100
3094
4024
3068
3152
3086
3068
3130
3096
3102
3100
3122
3108
3070
3127
3150
3093
3095
3074
3086
3093
3094
3091
3098
3102
3092
3071
3071
3113
3115
3136
3105
3097
3068
3101
3100
3112
3119
3060
3094
3096
3105
3088
3103
3096
3090
3079
3066
3089
3102
3079
3105
3070
3067
3112
3139
3183
3096
3084
3100
3143
3070
3094
3093
3110
3096
3088
3097
3096
3090
3117
3088
3066
3064
3060
3126
3090
3100
3071
3067
3074
3090
3097
3089
3102
3085
3092
3089
3090
3091
3094
3074
3148
3091
3086
3068
3100
3091
3102
3094
3066
3136
3147
3092
3091
3111
3097
3064
3086
3065
3103
3063
3076
3090
3087
3090
3094
3086
3098
3123
3071
3088
3085
3104
3128
3070
3206
3072
3090
3134
3091
3095
3128
3069
3091
3089
3111
3088
3071
3074
3068
3096
3093
3095
3095
3090
3065
3101
3067
3104
3091
3092
3072
3098
3100
3090
3121
3122
3086
3069
3097
3092
3115
3089
3074
3071
3100
3066
3089
3098
3113
3096
3148
3066
3132
3110
3142
3064
3177
3091
3060
3128
3096
3072
3104
3094
3096
3067
3091
3090
3090
3091
3087
3086
3112
3130
3069
3068
3112
3066
3101
3086
3066
3077
3067
3100
3137
3095
3090
3072
3080
3106
3107
3096
3107
3100
3151
3090
3092
3091
3110
3085
3111
3066
3072
3093
3071
3103
3106
3069
3091
3232
3087
3892
3930
3092
3094
3067
3134
3160
3097
3088
3104
3114
3067
3111
3091
3065
3067
3133
3149
3114
3117
3148
3097
3068
3120
3096
3090
3090
3093
3099
3084
3094
3116
3098
3099
3098
3064
3094
3088
3088
3086
3094
3098
3092
3127
3139
3074
3089
3150
3099
3070
3093
3068
3092
3069
3093
3093
3092
3087
3084
3097
3094
3088
3088
3099
3093
3094
3095
3121
3089
3070
3088
3102
3104
3091
3127
3097
3070
3098
3097
3092
3078
3116
3084
3772
3090
3118
3110
3118
3076
3092
3104
3121
3077
3100
3107
3083
3096
3102
3156
3095
3071
3094
3161
3401
3094
3139
3143
3106
3120
3069
3069
3117
3138
3127
3153
3961
3133
3091
3105
3104
3107
3080
3093
3099
3104
3133
3124
3065
3319
3066
3071
3087
3076
3101
3133
3112
3126
3078
3115
3096
3105
3093
3088
3084
3086
3094
3105
3095
3101
3069
3096
3084
3099
3071
3073
3096
3078
3098
3100
3119
3103
3129
3094
3090
3129
3090
3099
3092
3114
3096
3090
3090
3087
3095
3073
3103
3097
3086
3073
3133
3079
3100
3096
3133
3098
3065
3073
3100
3096
3133
3090
3090
3099
3070
3099
3089
3112
3092
3092
3074
3122
3069
3132
3134
3082
3080
3126
3090
3094
3150
3101
3092
3097
3069
3074
3138
3146
3139
3120
3136
3148
3130
3097
3137
3144
3136
3104
3127
3130
3101
3122
3091
3090
3133
3068
3105
3095
3068
3069
3070
3096
3137
3146
3100
3066
3087
3084
3081
3109
3074
3115
3130
3113
3106
3095
3086
3161
3072
3126
3145
3096
3083
3066
3067
3098
3079
3125
3131
3097
3110
3136
3121
3080
3145
3178
3106
3095
3110
3097
3126
3092
3095
3105
3092
3094
3079
3071
3111
3103
3074
3097
3068
3101
3097
3114
3093
3095
3092
3097
3072
3069
3089
3103
3075
3094
3127
3123
3065
3091
3094
3111
3068
3077
3088
3068
3142
3114
3123
3065
3112
3087
3084
3125
3100
3126
3145
3121
3130
3126
3131
3127
3097
3111
3083
3123
3162
3105
3074
3111
3092
3097
3088
3088
3071
3094
3104
3149
3097
3069
3114
3135
3136
3068
3097
3092
3094
3100
3387
3131
3130
3124
3451
3090
3124
3104
3238
3100
3101
3069
3093
3070
3171
3089
3107
3167
3087
3101
3063
3070
3095
3079
3066
3067
3129
3101
3080
3088
3075
3092
3096
3120
3094
3099
3091
3093
3125
3084
3106
3097
3099
3119
3105
3084
3166
3092
3097
3104
3096
3098
3094
3088
3124
3150
3127
3096
3097
3088
3103
3087
3122
3086
3064
3149
3099
3067
3101
3063
3112
3128
3080
3119
3086
3095
3143
3064
3072
3072
3074
3088
3093
3185
3129
3081
3070
3119
3099
3128
3065
3113
3117
3100
3089
3094
3648
3107
3069
3089
3090
3143
3121
3152
3085
3111
3094
3067
3526
3069
3105
3124
3100
3095
3096
3134
3088
3070
3125
3467
3084
3093
3119
3075
3099
3103
3093
3075
3100
3126
3107
3102
3089
3126
3093
3096
3071
3139
3070
3068
3096
3067
3070
3125
3078
3146
3078
3143
3088
3060
3099
3095
3120
3068
3088
3098
3136
3152
3141
3067
3082
3100
3019
3088
3069
3098
3103
3092
3131
3149
3067
3091
3101
3132
3071
3082
3061
3105
3118
3105
3094
3089
3096
3082
3128
3135
3087
3103
3094
3096
3091
3088
3161
3065
3020
3103
3072
3071
3073
3066
3094
3176
3124
3076
3085
3165
3095
3066
3074
3087
3070
3116
3105
3107
3094
3066
3135
3061
3091
3091
3109
3192
3130
3099
3087
3097
3180
3100
3147
3127
3104
3073
3101
3120
3096
3395
3072
3081
3135
3141
3166
3134
3094
3074
3161
3525
3142
3103
3128
3064
3097
3095
3082
3103
3116
3085
3107
3128
3096
3087
3095
3077
3108
3099
3067
3094
3067
3087
3083
3069
3095
3124
3090
3095
3105
3070
3186
3075
3090
3094
3080
3160
3118
3161
3124
3075
3106
3132
3086
3074
3093
3099
3140
3109
3092
3081
3106
3132
3065
3094
3094
3104
3090
3099
3100
3064
3095
3090
3233
3090
3125
3144
3110
3162
3086
3091
3100
3105
3173
3108
3103
3125
3118
3111
3139
3092
3164
3105
3161
3067
3089
3127
3071
3096
3090
3108
3410
3069
3101
3060
3122
3104
3126
3475
3132
3070
3132
3142
3133
3123
3133
3093
3081
3097
3103
3067
3090
3067
3068
3072
3093
3141
3132
3095
3094
3137
3139
3101
3081
3083
3067
3094
3115
3122
3125
3138
3114
3114
3093
3135
3127
3091
3090
3091
3073
3092
3094
3091
3102
3094
3085
3129
3094
3111
3087
3092
3099
3102
3070
3152
3165
3096
3281
3075
3114
3070
3120
3131
3067
3142
3111
3067
3064
3103
3086
3092
3093
3089
3439
3081
3100
3068
3069
3091
3140
3104
3132
3114
3163
3119
3096
3080
3139
3136
3131
3103
3130
3562
3116
3108
3074
3069
3256
3094
3093
3130
3118
3107
3096
3073
3123
3124
3124
3120
3066
3108
3350
3099
3116
3125
3149
3238
3079
3094
3106
3103
3093
3079
3124
3111
3202
3070
3133
3086
3066
3088
3090
3092
3101
3094
3094
3146
3093
3095
3089
3155
3088
3142
3085
3100
3148
3098
3095
3096
3134
3092
3099
3096
3100
3097
3086
3097
3066
3110
3097
3066
3120
3092
3097
3096
3095
3106
3322
3069
3094
3089
3069
3065
3084
3126
3105
3073
3092
3106
3137
3117
3089
3096
3098
3112
3103
3123
3069
3060
3068
3066
3131
3069
3067
3094
3158
3095
3105
3092
3138
3134
3096
3102
3083
3092
3102
3108
3100
3104
3062
3094
3107
3107
3106
3062
3090
3074
3090
3099
3088
3137
3129
3124
3071
3114
3134
3144
3078
3117
3136
3150
3168
3065
3116
3187
3092
3067
3104
3075
3122
3130
3112
3129
3062
3092
3099
3087
3086
3087
3098
3073
3095
3065
3071
3085
3131
3104
3099
3072
3096
3772
3069
3106
3103
3132
3089
3116
3104
3095
3070
3126
3126
3117
3105
3096
3096
3100
3097
3086
3102
3090
3073
3091
3069
3102
3086
3126
3104
3066
3097
3431
3093
3134
3073
3101
3072
3098
3102
3091
3100
3071
3066
3081
3069
3086
3082
3475
3242
3093
3098
3088
3079
3087
3121
3125
3127
3103
3072
3069
3091
3088
3100
3086
3141
3095
3127
3086
3491
3111
3091
3090
3066
3138
3074
3095
3096
3102
3102
3094
3099
3094
4128
3073
3081
3096
3142
3066
3096
3137
3066
3092
3092
3105
3088
3096
3103
3107
3066
3107
3128
3110
3095
3084
3064
3071
3131
3119
3118
3130
3077
3090
3100
3142
3071
3119
3095
3092
3070
3120
3145
3096
3098
3076
3129
3139
3087
3119
3067
3129
3088
3093
3114
3123
3067
3166
3097
3101
3096
3093
3097
3557
3102
3104
3687
3069
3072
3157
3066
3091
3088
3108
3096
3088
3095
3067
3085
3098
3096
3094
3097
3093
3090
3085
3102
3095
3095
3093
3143
3120
3080
3111
3130
3093
3149
3083
3085
3123
3138
3067
3075
3121
3131
3095
3090
3081
3520
3084
3083
3074
3108
3108
3069
3120
3108
3099
3067
3097
3072
3065
3092
3122
3103
3098
3067
3082
3104
3102
3109
3130
3125
3093
3087
3103
3122
3097
3076
3072
3069
3757
3104
3123
3103
3084
3095
3119
3089
3125
3083
3100
3147
3124
3130
3081
3092
3067
3089
3104
3120
3141
3122
3093
3093
3103
3108
3074
3070
3102
3122
3089
3102
3107
3067
3173
3088
3089
3105
3084
3096
3105
3148
3090
3139
3066
3088
3093
3067
3095
3134
3091
3090
3099
3097
3105
3090
3067
3068
3066
3123
3100
3099
3109
3095
3093
3066
3083
3091
3127
3067
3093
3129
3096
3072
3093
3107
3113
3120
3095
3080
3242
3071
3070
3097
3096
3105
3131
3126
3123
3129
3077
3105
3085
3099
3104
3106
3154
3077
3095
3101
3086
3069
3082
3106
3069
3102
3068
3094
3132
3137
3150
3107
3123
3064
4057
3111
3069
3084
3092
3114
3069
3074
3146
3135
3070
3067
3099
3098
3106
3067
3094
3083
3099
3083
3090
3092
3142
3089
3551
3124
3066
3099
3101
3090
3092
3111
3134
3139
3094
3084
3172
3142
3092
3122
3095
3097
3071
3090
3094
3090
3147
3092
3360
3081
3088
3118
3087
3142
3097
3068
3082
3094
3091
3114
3070
3093
3075
3067
3131
3096
3431
3091
3092
3099
3131
3103
3448
3085
3093
3116
3067
3085
3077
3093
3118
3153
3138
3114
3124
3093
3107
3077
3099
3093
3092
3095
3080
3083
3150
3067
3118
3145
3114
3095
3145
3068
3069
3103
3084
3090
3089
3125
3133
3089
3085
3103
3092
3100
3095
3096
3108
3094
3102
3100
3072
3087
3144
3081
3100
3122
3131
3124
3126
3132
3102
3095
3103
3089
3126
3104
3115
3096
3071
3093
3102
3086
3096
3065
3088
3071
3086
3123
3090
3086
3066
3069
3071
3076
3066
3060
3124
3092
3073
3120
3104
3101
3091
3129
3068
3099
3148
3102
3085
3100
3096
3113
3070
3079
3130
3100
3102
3132
3077
3073
3095
3114
3100
3090
3072
3118
3093
3132
3070
3067
3122
3078
3114
3091
3095
3091
3079
3109
3151
3105
3093
3108
3556
3094
3102
3097
3149
3069
3089
3092
3090
3089
3135
3116
3094
3176
3101
3091
3102
3093
3081
3139
3088
3097
3087
3121
3095
3095
3099
3067
3107
3128
3148
3082
3097
3128
3164
3470
3082
3088
3232
3103
3090
3098
3080
3236
3125
3128
3139
3120
3383
3071
3100
3100
3117
3122
3071
3097
3094
3092
3109
3123
3121
3119
3064
3104
3116
3079
3093
3093
3071
3150
3158
3068
3103
3109
3081
3066
3100
3441
3067
3091
3104
3143
3095
3128
3094
3163
3232
3098
3070
3093
3101
3103
3095
3067
3101
3104
3126
3105
3103
3091
3130
3091
3099
3144
3088
3128
3108
3110
3090
3116
3084
3153
3123
3092
3095
3117
3106
3101
3097
3094
3094
3109
3089
3121
3095
3077
3095
3092
3099
3083
3099
3106
3080
3080
3132
3106
3112
3141
3093
3083
3090
3086
3083
3098
3106
3082
3069
3067
3063
3101
3110
3091
3107
3088
3079
3094
3101
3124
3098
3082
3092
3148
3195
3091
3111
3096
3104
3090
3089
3102
3061
3099
3524
3099
3058
3088
3108
3090
3091
3091
3093
3068
3131
3093
3104
3113
3087
3091
3108
3088
3094
3087
3093
3071
3094
3078
3145
3093
3064
3129
3109
3075
3128
3079
3159
3122
3121
3076
3112
3130
3085
3089
3076
3105
3083
3091
3121
3134
3087
3059
3070
3097
3083
3089
3145
3095
3083
3164
3120
3103
3096
3084
3123
3096
3091
3099
3096
3068
3133
3085
3100
3135
3119
3067
3147
3072
3126
3093
3092
3096
3102
3143
3106
3102
3099
3087
3075
3093
3073
3067
3102
3105
3094
3065
3088
3069
3069
3071
3065
3093
3093
3099
3095
3089
3103
3093
3090
3117
3102
3068
3079
3095
3091
3092
3099
3224
3099
3093
3098
3131
3094
3088
3105
3099
3092
3064
3067
3070
3102
3103
3095
3096
3128
3123
3105
3144
3107
3083
3067
3097
3079
3103
3072
3070
3140
3113
3102
3137
3139
3117
3131
3101
3100
3142
3136
3068
3093
3080
3108
3136
3069
3100
3101
3097
3069
3110
3133
3135
3148
3075
3119
3073
3071
3124
3121
3068
3101
3089
3104
3175
3107
3069
3270
3112
3091
3092
3072
3072
3089
3073
3095
3126
3090
3075
3093
3101
3075
3088
3090
3113
3076
3192
3136
3089
3078
3093
3111
3116
3089
3094
3110
3235
3092
3084
3098
3108
3098
3129
3070
3087
3092
3139
3111
4004
3095
3068
3083
3093
3108
3098
3101
3094
3082
3068
3111
3101
3110
3178
3111
3066
3071
3066
3063
3069
3073
3064
3083
3097
3060
3107
3112
3087
3089
3090
3108
3065
3088
3101
3101
3087
3083
3147
3135
3137
3090
3144
3068
3150
3087
3088
3098
3072
3066
3094
3064
3095
3068
3094
3124
3127
3090
3066
3124
3104
3097
3094
3087
3137
3082
3089
3069
3154
3142
3117
3107
3128
3108
3128
3089
3121
3097
3128
3093
3099
3092
3114
3119
3095
3175
3103
3077
3095
3111
3085
3111
3116
3089
3069
3094
3094
3082
3120
3090
3091
3084
3093
3098
3092
3438
3099
3131
3080
3086
3088
3099
3121
3092
3129
3096
3085
3102
3114
3127
3091
3154
3130
3118
3083
3093
3113
3099
3070
3129
3081
3071
3107
3108
3088
3118
3089
3073
3144
3762
3117
3069
3126
3069
3079
3068
3096
3103
3097
3090
3104
3075
3087
3071
3091
3079
3100
3093
3129
3081
3067
3081
3148
3094
3091
3091
3092
3085
3239
3097
3090
3139
3195
3135
3119
3104
3102
3138
3585
3071
3112
3068
3098
3088
3432
3101
3104
3103
3101
3119
3100
3073
3106
3083
3118
3105
3072
3121
3119
3119
3109
3071
3069
3085
3091
3103
3099
3076
3091
3096
3171
3195
3158
3112
3080
3102
3115
3095
5038
3090
3091
3091
3075
3109
3117
3098
3107
3141
3071
3688
3070
3062
3148
3064
3116
3096
3121
3071
3088
3128
3068
3089
3125
3092
3095
3501
3094
3086
3067
3100
3073
3076
3099
3095
3065
3114
3068
3086
3209
3144
3113
3144
3094
3097
3102
3066
3093
3097
3078
3100
3090
3070
3083
3126
3116
3137
3081
3119
3160
3097
3098
3118
3071
3088
3068
3093
3118
3087
3686
3145
3103
3104
3125
3152
3119
3139
3122
3081
3117
3104
3122
3130
3121
3153
3107
3066
3078
3099
3175
3096
3110
3078
3120
3084
3085
3072
3112
3095
3079
3092
3088
3125
3098
3091
3135
3087
3128
3125
3105
3115
3090
3144
3114
3098
3108
3133
3127
3060
3086
3067
3124
3128
3070
3102
3099
3096
3098
3145
3070
3071
3134
3099
3076
3126
3087
3645
3165
3067
3096
3081
3089
3108
3113
3125
3124
3096
3093
3068
3077
3129
3112
3129
3136
3117
3070
3104
3087
3094
3095
3099
3179
3101
3073
3111
3091
3094
3092
3099
3069
3099
3070
3095
3111
3098
3115
3098
3092
3101
3087
3358
3140
3068
3099
3081
3082
3087
3065
3099
3070
3040
3087
3128
3068
3095
3062
3092
3153
3095
3069
3122
3105
3108
3096
3138
3094
3091
3072
3104
3088
3099
3097
3119
3096
3091
3089
3097
3071
3135
3080
3129
3105
3068
3100
3101
3085
3130
3111
3096
3123
3098
3075
3097
3091
3100
3092
3100
3071
3067
3093
3145
3093
3123
3116
3083
3101
3087
3111
3087
3087
3068
3095
3131
3097
3063
3069
3101
3129
3117
3149
3121
3067
3227
3109
3097
3064
3104
3070
3090
3071
3328
3090
3099
3089
3082
3095
3218
3064
3070
3066
3099
3093
3141
3083
3096
3159
3101
3138
3065
3072
3100
3137
3116
3081
3089
3070
3068
3107
3148
3094
3092
3098
3088
3097
3099
3070
3094
3091
3081
3085
3089
3088
3095
3090
3100
3087
3119
3101
3089
3064
3122
3131
3091
3102
3141
3133
3077
3102
3135
3070
3106
3075
3099
3096
3068
3068
3097
3118
3117
3121
3071
3102
3111
3129
3137
3119
3068
3090
3094
3101
3142
3090
3120
3153
3079
3105
3091
3075
3060
3105
3068
3364
3072
3143
3090
3091
3132
3092
3096
3157
3122
3103
3073
3136
3127
3098
3106
3096
3121
3091
3112
3117
3089
3077
3090
3146
3089
3132
3110
3084
3092
3065
3104
3094
3093
3099
3096
3118
3095
3103
3099
3060
3094
3066
3072
3106
3074
3127
3076
3100
3103
3067
3107
3072
3067
3070
3098
3092
3077
3076
3068
3100
3153
3087
3117
3133
3094
3102
3130
3095
3090
3121
3135
3065
3125
3101
3082
3075
3072
3073
3097
3087
3072
3166
3089
3106
3077
3099
3070
3131
3067
3262
3067
3099
3088
3060
3071
3097
3130
3107
3093
3097
3085
3103
3072
3125
3096
3074
3128
3069
3096
3098
3154
3100
3166
3124
3083
3125
3088
3104
3098
3121
3108
3118
3129
3071
3073
3082
3150
3127
3093
3092
3064
3124
3137
3129
3120
3090
3084
3073
3103
3113
3110
3122
3120
3128
3094
3105
3123
3070
3079
3091
3062
3077
3092
3092
3105
3118
3068
3095
3098
3177
3141
3118
3154
3082
3071
3139
3638
3089
3120
3109
3066
3090
3101
3121
3088
3157
3087
3088
3100
3147
3103
3074
3116
3111
3115
3064
3090
3097
3089
3322
3099
3088
3114
3066
3086
3097
3096
3098
3072
3106
3140
3105
3072
3103
3109
3095
3102
3118
3110
3123
3064
3104
3122
3070
3067
3099
3100
3097
3089
3093
3091
3111
3074
3116
3140
3073
3100
3153
3129
3129
3177
3127
3112
3117
3857
3100
3104
3070
3101
3087
3072
3068
3096
3063
3133
3092
3122
3074
3145
3089
3094
3092
3111
3098
3107
3097
3099
3064
3099
3089
3064
3135
3076
3092
3625
3065
3091
3085
3137
3090
3068
3094
3071
3114
3082
3138
3093
3093
3110
3101
3075
3101
3094
3092
3060
3069
3101
3069
3120
3068
3070
3124
3095
3088
3098
3073
3091
3090
3092
3120
3093
3064
3067
3116
3105
3088
3115
3111
3088
3140
3121
3134
3127
3117
3134
3101
3144
3078
3101
3513
3093
3082
3114
3110
3134
3100
3091
3092
3119
3122
3098
3143
3090
3093
3074
3136
3130
3119
3152
3129
3089
3123
3149
3180
3085
3101
3094
3068
3095
3093
3095
3102
3103
3101
3072
3084
3102
3071
3093
3149
3069
3096
3104
3127
3088
3093
3103
3085
3070
3093
3092
3099
4464
3101
3101
3133
3124
3072
3127
3070
3104
3113
3098
3109
3098
3104
3122
3107
3136
3086
3062
3089
3095
3091
3093
3121
3085
3114
3067
3148
3128
3059
3074
3071
3110
3082
3090
3084
3103
3640
3091
3089
3103
3087
3096
3099
3092
3086
3092
3106
3096
3094
3096
3099
3088
3073
3091
3064
3104
3086
3078
3069
3111
3237
3090
3092
3094
3092
3096
3095
3107
3075
3098
3129
3132
3142
3129
3116
3072
3145
3111
3154
3117
3098
3124
3093
3088
3110
3078
3084
3093
3132
3162
3159
3153
3086
3100
3127
3154
3131
3117
3100
3117
3114
3239
3109
3071
3098
3123
3094
3161
3097
3095
3118
3107
3083
3101
3090
3067
3096
3092
3100
3087
3086
3121
3145
3130
3113
3090
3135
3167
3093
3092
3094
3126
3138
3088
3072
3110
3096
3187
3119
3105
3140
3128
3096
3112
3137
3177
3125
3116
3119
3084
3540
3068
3095
3071
3101
3157
3097
3096
3078
3061
3107
3110
3093
3135
3069
3092
3120
3100
3113
3082
3098
3089
3080
3121
3150
3096
3115
3125
3096
3076
3091
3067
3094
3108
3082
3073
3135
3147
3105
3095
3113
3100
3108
3094
3070
3097
3074
3107
3114
3073
3087
3393
3080
3093
3067
3072
3088
3088
3099
3093
3070
3094
3128
3094
3094
3099
3523
3069
3020
3105
3097
3192
3101
3097
3073
3091
3069
3092
3079
3107
3097
3096
3066
3101
3122
3129
3065
3095
3089
3098
3097
3071
3114
3120
3071
3130
3082
3092
3362
3135
3109
3104
3070
3068
3107
3096
3097
3105
3128
3067
3123
3071
3072
3118
3059
3089
3085
3069
3076
3068
3111
3403
3091
3068
3095
3092
3100
3082
3455
3092
3088
3089
3135
3119
3320
3087
3117
3086
3073
3066
3090
3118
3108
3111
3094
3074
3091
3087
3093
3208
3100
3063
3093
3090
3091
3073
3127
3102
3092
3103
3183
3081
3080
3099
3090
3091
3092
3095
3095
3102
3101
3102
3141
3071
3093
3101
3735
3128
3120
3121
3597
3098
3104
3087
3103
3099
3097
3117
3102
3123
3119
3116
3129
3111
3092
3093
3104
3119
3103
3102
3090
3092
3128
3098
3098
3068
3149
3096
3092
3071
3100
3138
3101
3152
3139
3123
3129
3146
3104
3124
3087
3158
3125
3123
3099
3073
3092
3552
3094
3070
3067
3102
3073
3076
3086
3076
3089
3072
3085
3099
3081
3144
3091
3138
3065
3073
3090
3100
3103
3098
3173
3066
3070
3110
3125
3121
3113
3070
3096
3071
3089
3063
3096
3093
3075
3087
3088
3116
3068
3095
3087
3114
3090
3067
3116
3068
3102
3104
3073
3090
3102
3126
3067
3089
3082
3095
3066
3124
3093
3092
3127
3097
3071
3070
3072
3113
3326
3103
3094
3069
3096
3093
3067
3091
3104
3062
3064
3102
3167
3069
3096
3090
3093
3096
3071
3100
3071
3101
3099
3096
3151
3089
3147
3086
3092
3114
3118
3112
3091
3065
3108
3100
3125
3094
3070
3137
3097
3094
3113
3124
3112
3144
3122
3083
3068
3118
3072
3076
3147
3057
3094
3076
3158
3075
3097
3095
3095
3095
3145
3081
3068
3123
3115
3085
3144
3068
3070
3085
3092
3137
3089
3094
3102
3083
3099
3096
3101
3088
3100
3098
3068
3093
3094
3183
3100
3100
3096
3099
3090
3087
3116
3320
3071
3096
3091
3091
3099
3092
3091
3087
3143
3071
3102
3106
3097
3097
3086
3101
3095
3116
3150
3086
3084
3134
3065
3061
3094
3021
3074
3098
3116
3106
3101
3096
3091
3093
3067
3093
3097
3094
3091
3085
3089
3366
3080
3063
3091
3091
3093
3379
3106
3093
3101
3075
3132
3131
3080
3138
3126
3144
3126
3066
3089
3068
3093
3070
3096
3139
3100
3103
3103
3084
3094
3083
3110
3145
3119
3064
3091
3147
3105
3164
3093
3101
3112
3105
3107
3084
3123
3069
3214
3069
3063
3099
3069
3101
3095
3126
3093
3072
3240
3064
3091
3153
3089
3091
3073
3093
3089
3145
3133
3097
3100
3128
3114
3127
3083
3106
3116
3152
3126
3108
3116
3117
3092
3083
3134
3094
3096
3095
3099
3095
3072
3093
3086
3088
3087
3099
3067
3098
3074
3097
3070
3100
3137
3114
3128
3070
3089
3116
3097
3149
3099
3065
3089
3133
3110
3094
3068
3063
3092
3116
3135
3134
3085
3102
3149
3097
3064
3100
3105
3107
3100
3070
3141
3130
3090
3122
3136
3092
3158
3068
3091
3066
3117
3068
3133
3108
3103
3098
3128
3105
3090
3259
3126
3123
3176
3137
3085
3141
3094
3155
3087
3098
3094
3073
3079
3091
3063
3149
3088
3074
3114
3063
3244
3434
3131
3091
3109
3119
3108
3089
3099
3107
3128
3093
3092
3081
3108
3091
3107
3092
3089
3067
3137
3136
3096
3073
3068
3099
3135
3078
3127
3071
3084
3085
3065
3074
3138
3069
3093
3093
3104
3066
3093
3089
3061
3114
3093
3088
3083
3066
3068
3072
3099
3071
3069
3103
3096
3076
3146
3099
3092
3093
3069
3071
3148
3087
3098
3085
3106
3075
3070
3090
3098
3107
3065
3098
3088
3111
3785
3067
3095
3105
3090
3072
3073
3085
3076
3118
3090
3070
3088
3127
3134
3105
3107
3087
3135
3072
3105
3119
3564
3070
3074
3083
3093
3100
3094
3076
3106
3097
3093
3113
3096
3090
3182
3067
3153
3092
3088
3074
3102
3066
3068
3149
3094
3086
3109
3090
3073
3094
3091
3067
3087
3099
3091
3083
3077
3110
3134
3079
3091
3100
3131
3121
3091
3109
3074
3102
3124
3121
3072
3120
3124
3108
3071
3061
3091
3070
3159
3096
3092
3077
3110
3143
3074
3067
3090
3100
3070
3090
3085
3092
3082
3092
3095
3135
3069
3100
3091
3087
3087
3085
3110
3070
3068
3071
3077
3073
3092
3126
3073
3102
3092
3087
3118
3133
3074
3086
3129
3100
3099
3065
3121
3106
3092
3070
3894
3117
3096
3083
3099
3087
3126
3100
3095
3097
3126
3090
3110
3106
3120
3136
3128
3094
3069
3381
3111
3096
3098
3112
3105
3097
3112
3099
3099
3086
3097
3103
3106
3096
3091
3102
3071
3068
3092
3105
3091
3133
3089
3127
3116
3108
3090
3069
3139
3088
3075
3126
3093
3087
3097
3063
3092
3091
3068
3113
3097
3104
3106
3090
3098
3095
3741
3078
3099
3216
3079
3084
3062
3068
3089
3086
3096
3149
3089
3111
3092
3097
3089
3067
3102
3098
3098
3089
3103
3076
3061
3085
3087
3063
3087
3090
3063
3145
3093
3131
3159
3124
3119
3101
3142
3117
3096
3083
3106
3134
3098
3091
3070
3085
3099
3090
3095
3428
3105
3106
3114
3122
3085
3138
3068
3109
3100
3134
3095
3098
3100
3188
3120
3128
3157
3126
3138
3117
3108
3098
3171
3068
3094
3091
3072
4822
3089
3096
3078
3088
3075
3096
3072
3105
3101
3071
3111
3086
3087
3125
3118
3092
3100
3100
3085
3096
4039
3096
3124
3149
3122
3147
3083
3091
3081
3170
3103
3067
3069
3071
3084
3891
3082
3109
3062
3126
3242
3128
3120
3095
3116
3378
3069
3089
3174
3132
3119
3106
3076
3118
3065
3100
3090
3095
3096
3102
3103
3134
3084
3148
3496
3093
3104
3099
3119
3142
3098
3116
3089
3057
3093
3097
3098
3092
3097
3113
3070
3454
3113
3099
3103
3182
3110
3072
3149
3098
3100
3100
3102
3147
3092
3107
3142
3131
3109
3098
3080
3089
3097
3066
3089
3160
3101
3094
3106
3099
3071
3073
3075
3102
3157
3101
3067
3064
3107
3101
3090
3099
3082
3089
3162
3119
3100
3191
3061
3099
3143
3089
3094
3095
3096
3091
3096
3103
3091
3116
3093
3104
3096
3101
3095
3109
3078
3075
3156
3124
3137
3129
3081
3103
3119
3069
3085
3091
3098
3123
3067
3090
3072
3095
3092
3073
3094
3095
3100
3068
3092
3072
3077
3119
3061
3108
3098
3094
3099
3094
3069
3091
3074
3106
3145
3136
3063
3093
3087
3097
3099
3063
3071
3071
3098
3121
3133
3096
3133
3091
3102
3100
3091
3125
3094
3095
3097
3072
3106
3090
3090
3099
3064
3095
3092
3059
3090
3093
3100
3105
3088
3086
3101
3097
3095
3095
3089
3093
3132
3093
3090
3108
3104
3091
3087
3112
3086
3102
3097
3090
3076
3089
3110
3100
3124
3103
3087
3098
3067
3094
3098
3089
3074
3097
3088
3066
3101
3074
3104
3093
3117
3068
3072
3090
3077
3152
3139
3087
3097
3110
3119
3113
3137
3072
3219
3404
3073
3116
3175
3065
3074
3069
3089
3067
3064
3083
3128
3097
3151
3068
3087
3124
3125
3095
3104
3091
3092
3130
3151
3172
3103
3068
3140
3069
3089
3075
3116
3096
3133
3119
3092
3079
3109
3101
3095
3071
3072
3073
3097
3090
3067
3086
3089
3079
3101
3069
3070
3074
3135
3090
3082
3095
3063
3080
3114
3134
3106
3068
3065
3092
3139
3091
3110
3141
3151
3090
3095
3139
3070
3071
3145
3064
3099
3069
3096
3099
3067
3093
3459
3067
3075
3086
3094
3096
3111
3133
3093
3113
3071
3114
3127
3098
3102
3073
3094
3580
3125
3085
3101
3113
3092
3095
3121
3098
3075
3097
3066
3070
3124
3121
3116
3122
3093
3125
3121
3098
3139
3078
3070
3094
3125
3070
3114
3093
3069
3083
3063
3094
3091
3093
3087
3071
3090
3067
3123
3119
3093
3103
3140
3093
3087
3114
3089
3096
3066
3069
3090
3067
3131
3070
3185
3101
3092
3097
3130
3065
3083
3103
3090
3075
3110
3239
3140
3071
3145
3129
3067
3092
3137
3110
3105
3111
3093
3087
3097
3115
3128
3129
3089
3118
3070
3142
3129
3125
3102
3132
3141
3124
3102
3093
3096
3168
3110
3126
3128
3107
3086
3074
3137
3131
3069
3093
3074
3106
3150
3113
3095
3077
3104
3455
3094
3085
3098
3133
3074
3069
3096
3088
3133
3071
3106
3192
3104
3073
3094
3096
3105
3078
3135
3150
3124
3110
3092
3090
3062
3097
3133
3134
3161
3129
3090
3273
3087
3097
3086
3089
3155
3090
3092
3085
3100
3100
3095
3089
3093
3093
3067
3135
3105
3099
3082
3392
3072
3130
3137
3109
3089
3151
3113
3123
3152
3105
3091
3094
3119
3146
3102
3083
3141
3128
3132
3071
3090
3095
3094
3145
3073
3125
3094
3093
3111
3189
3112
3109
3123
3070
3100
3082
3139
3144
3069
3109
3141
3089
3372
3069
3672
3129
3082
3094
3086
3073
3142
3072
3111
3101
3081
3111
3089
3087
3088
3084
3093
3066
3092
3065
3074
3101
3135
3128
3068
3104
3075
3092
3069
3125
3093
3079
3068
3087
3140
3092
3112
3094
3086
3126
3086
3090
3090
3098
3093
3147
3098
3092
3065
3128
3094
3173
3216
3098
3090
3100
3093
3114
3119
3086
3095
3100
3141
3098
3083
3091
3096
3227
3069
3074
3066
3066
3094
3091
3607
3118
3077
3125
3082
3136
3120
3146
3124
3127
3099
3093
3092
3101
3093
3098
3064
3068
3090
3067
3112
3087
3139
3157
3120
3104
3094
3070
3076
3095
3107
3094
3095
3083
3128
3092
3093
3102
3120
3110
3096
3113
3070
3068
3082
3119
3100
3091
3092
3084
3077
3088
3096
3119
3117
3090
3120
3118
3092
3093
3101
3096
3088
3094
3106
3094
3128
3094
3136
3069
3086
3131
3120
3143
3069
3092
3085
3090
3098
3108
3119
3102
3096
3100
3102
3087
3125
3105
3074
3066
3325
3130
3112
3068
3069
3121
3067
3066
3105
3131
3095
3107
3108
3087
3071
3092
3095
3097
3095
3062
3093
3084
3111
3096
3068
3094
3100
3066
3091
3074
3094
3091
3076
3093
3070
3092
3091
3066
3065
3144
3102
3083
3091
3070
3111
3094
3090
3102
3094
3092
3124
3094
3090
3071
3103
3087
3090
3087
3145
3085
3094
3094
3072
3092
3092
3099
3102
3090
3099
3087
3118
3105
3091
3096
3091
3101
3097
3085
3123
3105
3086
3160
3150
3096
3095
3086
3176
3084
3094
3074
3134
3127
3103
3066
3116
3110
3590
3142
3103
3170
3174
3131
3108
3139
3138
3121
3103
3555
3093
3100
3100
3096
3063
3084
3100
3115
3103
3089
3098
3087
3077
3109
3129
3068
3188
3126
3088
3068
3097
3070
3135
3110
3097
3419
3098
3063
3098
3067
3071
3089
3121
3094
3093
3135
3095
3088
3084
3084
3130
3125
3092
3093
3090
3084
3119
3110
3085
3095
3077
3181
3079
3114
3085
3284
3085
3066
4077
3076
3112
3108
3131
3085
3094
3115
3097
3062
3079
3092
3098
3067
3104
3088
3578
3064
3070
3108
3111
3104
3068
3192
3120
3067
3070
3089
3039
3204
3118
3066
3137
3374
3097
3082
3118
3087
3136
3093
3107
3099
3074
3068
3124
3100
3089
3074
3088
3115
3137
3086
3072
3145
3091
3106
3133
3095
3179
3092
3095
3091
3096
3098
3060
3065
3084
3068
3073
3174
3092
3088
3104
3070
3068
3079
3077
3068
3102
3112
3147
3115
3147
3066
3100
3097
3089
3090
3088
3091
3077
3140
3081
3088
3104
3069
3093
3081
3132
3118
3092
3092
3068
3129
3100
3100
3123
3098
3627
3086
3089
3109
3144
3065
3071
3093
3101
3074
3097
3092
3136
3140
3160
3127
3355
3096
3102
3023
3143
3064
3088
3110
3095
3086
3093
3112
3087
3114
3090
3068
3087
3092
3123
3087
3066
3143
3179
3100
3082
3081
3077
3067
3126
3127
3108
3126
3112
3098
3131
3108
3098
3122
3067
3092
3069
3125
3094
3068
3095
3117
3094
3121
3192
3083
3092
3092
3089
3081
3090
3097
3099
3079
3090
3066
3086
3103
3091
3096
3120
3098
3096
3090
3361
3127
3061
3092
3103
3090
3087
3093
3094
3080
3094
3111
3098
3094
3067
3077
3233
3096
3105
3066
3069
3097
3098
3133
3141
3114
3088
3129
3109
3093
3098
3211
3077
3109
3117
3143
3095
3084
3094
3096
3113
3105
3091
3088
3091
3098
3087
3121
3091
3100
3100
3112
3097
3100
3089
3113
3092
3100
3067
3093
3088
3096
3189
3088
3134
3095
3113
3090
3107
3116
3127
3079
3068
3075
3094
3101
3101
3069
3117
3073
3093
3099
3104
3089
3066
3143
3148
3100
3118
3101
3069
3099
3104
3115
3076
3094
3096
3065
3090
3101
3081
3096
3102
3098
3089
3093
3093
3100
3092
3095
3103
3084
3080
3094
3070
3082
3116
3118
3097
3095
3087
3215
3105
3142
3170
3070
3063
3154
3085
3068
3212
3139
3111
3099
3109
3130
3122
3090
3169
3127
3163
3100
3067
3092
3120
3127
3092
3096
3098
3085
3104
3122
3092
3139
3123
3106
3110
3524
3135
3097
3073
3086
3198
3112
3128
3096
3116
3078
3097
3140
3077
3097
3166
3096
3113
3084
3086
3121
3107
3117
3092
3080
3100
3187
3090
3132
3089
3092
3092
3095
3113
3113
3121
3093
3100
3097
3069
3088
3122
3093
3098
3068
3093
3070
3094
3089
3070
3118
4168
3097
3088
3094
3085
3091
3093
3110
3088
3097
3097
3145
3238
3090
3115
3108
3093
3117
3096
3095
3071
3070
3101
3129
3071
3101
3095
3086
3067
3085
3087
3058
3068
3122
3079
3114
3067
3126
3120
3062
3084
3093
3100
3097
3069
3113
3090
3094
3102
3094
3110
3065
3149
3125
3062
3134
3140
3090
3134
3118
3140
3117
3092
3187
3072
3102
3103
3115
3096
3088
3133
3120
3103
3071
3077
3112
3099
3069
3066
3091
3069
3106
3127
3065
3113
3118
3147
3090
3065
3103
3097
3108
3064
3072
3113
3114
3095
3098
3095
3113
3014
3126
3069
3096
3141
3075
3139
3101
3101
3093
3091
3427
3071
3096
3066
3064
3112
3101
3150
3098
3109
3132
3108
3098
3122
3092
3840
3100
3092
3110
3075
3125
3103
3097
3112
3101
3122
3158
3125
3099
3094
3097
3081
3108
3106
3124
3122
3129
3113
3102
3144
3126
3075
3077
3278
3117
3119
3073
3117
3102
3068
3126
3066
3097
3099
3092
3077
3099
3146
3087
3065
3102
3067
3069
3089
3138
3093
3110
3109
3078
3074
3118
3092
3094
3102
3128
3087
3129
3128
3104
3123
3629
3107
3065
3068
3112
3095
3159
3075
3095
3097
3121
3072
3131
3100
3072
4104
3122
3091
3115
3067
3087
3067
3098
3118
3090
3090
3091
3069
3152
3101
3115
3084
3109
3099
3071
3118
3077
3066
3103
3071
3123
3090
3085
3116
3098
3118
3076
3089
3092
3094
3095
3092
3089
3114
3068
3122
3093
3136
3072
3095
3087
3080
3092
3109
3118
3092
3097
3116
3095
3072
3132
3085
3098
3070
3131
3106
3089
3099
3138
3071
3096
3071
3073
3298
3115
3091
3095
3092
3094
3167
3103
3070
3126
3110
3093
3074
3072
3091
3072
3066
3080
3135
3134
3110
3121
3084
3109
3086
3067
3067
3109
3068
3107
3135
3102
3125
3089
3072
3119
3105
3068
3064
3095
3107
3089
3086
3087
3144
3086
3083
3473
3067
3070
3066
3087
3117
3119
3111
3104
3099
3075
3128
3091
3088
3115
3102
3146
3124
3072
3064
3100
3091
3071
3105
3117
3101
3099
3092
3588
3130
3129
3062
3095
3095
3094
3132
3088
3065
3099
3130
3102
3092
3066
3229
3097
3065
3092
3085
3095
3091
3096
3099
3094
3087
3104
3101
3084
3071
3119
3067
3136
3089
3118
3091
3120
3067
3088
3104
3067
3071
3085
3098
3098
3152
3087
3088
3091
3097
3074
3104
3115
3073
3087
3088
3071
3101
3104
3064
3083
3103
3091
3155
3068
3071
3136
3092
3089
3093
3101
3114
3106
3123
3115
3100
3092
3430
3100
3095
3106
3063
3099
3085
3101
3075
3096
3065
3072
3098
3117
3096
3116
3098
3114
3097
3108
3100
3098
3139
3092
3143
3068
3095
3091
3103
3090
3119
3091
3070
3087
3141
3112
3094
3106
3126
3123
3117
3067
3120
3088
3272
3069
3095
3125
3083
3127
3125
3109
3148
3069
3081
3096
3099
3068
3070
3068
3127
3087
3088
3088
3090
3099
3084
3079
3089
3093
3089
3073
3078
3095
3111
3097
3100
3103
3095
3076
3099
3073
3069
3087
3087
3091
3093
3072
3066
3073
3122
3143
3143
3117
3116
3129
3076
3069
3138
3087
3086
3092
3132
3117
3127
3162
3119
3089
3132
3086
3071
3097
3129
3136
3101
3143
3070
3094
3096
3098
3068
3095
3098
3963
3095
3095
3092
3091
3089
3125
3093
3097
3096
3081
3085
3104
3066
3073
3149
3101
3096
3091
3090
3129
3250
3088
3519
3100
3114
3066
3094
3097
3151
3066
3099
3134
3093
3116
3069
3085
3081
3092
3121
3150
3104
3099
3084
3090
3098
3069
3097
3099
3079
3094
3108
3107
3067
3089
3089
3110
3094
3087
3096
3098
3076
3081
3067
3087
3086
3114
3064
3101
3086
3081
3088
3086
3114
3067
3120
3104
3092
3135
3069
3078
3103
3096
3139
3092
3126
3097
3066
3149
3091
3113
3123
3107
3066
3101
3107
3098
3127
3106
3088
3078
3112
3095
3096
3092
3062
3099
3091
3132
3110
3075
3101
3087
3094
3119
3108
3101
3091
3088
3087
3097
3090
3098
3101
3099
3113
3077
3093
3095
3068
3086
3096
3120
3157
3109
3119
3087
3069
3114
3096
3094
3063
3070
3101
3084
3091
3085
3090
3113
3119
3130
3091
3092
3097
3125
3082
3076
3100
3066
3082
3089
3094
3091
3068
3093
3095
3086
3067
3069
3104
3090
3095
3130
3086
3099
3109
3088
3097
3090
3092
3131
3064
3102
3067
3097
3084
3109
3071
3085
3067
3112
3094
3064
3157
3114
3513
3105
3097
3070
3096
3106
3151
3126
3092
3094
3098
3067
3075
3100
3093
3099
3096
3099
3104
3103
3097
3144
3086
3098
3098
3110
3110
3104
3069
3068
3088
3093
4356
3089
3130
3092
3064
3127
3643
3091
3061
3121
3074
3090
3079
3093
3089
3097
3075
3087
3152
3087
3081
3102
3101
3095
3107
3098
3090
3091
3071
3140
3083
3087
3093
3067
3087
3104
3125
3100
3103
3144
3092
3067
3117
3076
3067
3078
3091
3058
3091
3088
3082
3124
3102
3128
3071
3100
3085
3092
3096
3109
3071
3149
3128
3127
3079
3067
3068
3092
3093
3076
3108
3136
3096
3093
3114
3140
3087
3098
3090
3099
3097
3093
3087
3093
3091
3091
3099
3110
3091
3092
3071
3085
3102
3081
3096
3069
3127
3103
3104
3061
3089
3062
3100
3098
3101
3110
3127
3072
3065
3094
3094
3096
3101
3104
3096
3064
3072
3063
3163
3071
3097
3120
3071
3098
3098
3094
3083
3090
3118
3080
3090
3126
3114
3091
3144
3090
3111
3088
3090
3097
3091
3083
3095
3097
3090
3109
3090
3066
3126
3136
3122
3099
3099
3116
3099
3090
3072
3070
3134
3084
3103
3086
3093
3139
3092
3103
3093
3091
3064
3113
3095
3093
3094
3073
3114
3084
3656
4777
3085
3072
3073
3069
3107
3089
3071
3084
3092
3064
3070
3113
3077
3102
3081
3103
3084
3067
3071
3090
3089
3063
3089
3127
3097
3086
3114
3089
3113
3106
3065
3121
3068
3088
3096
3077
3070
3093
3122
3110
3124
3117
3113
3111
3073
3098
4018
3088
3139
3126
3066
3091
3115
3162
3090
3099
3070
3455
3091
3062
3066
3070
3091
3148
3090
3134
3082
3121
3123
3136
3118
3122
3076
3110
3079
3127
3099
3090
3120
3124
3095
3135
3164
3104
3073
3090
3140
3121
3108
3075
3130
3097
3118
3134
3123
3127
3109
3121
3106
3121
3074
3099
3092
3109
3095
3099
3070
3093
3094
3117
3158
3096
3090
3088
3143
3095
3147
3122
3082
3115
3074
3104
3071
3092
3069
3096
3065
3083
3093
3088
3098
3088
3093
3062
3087
3092
3089
3133
3096
3071
3091
3068
3071
3102
3116
3103
3089
3073
3139
3092
3077
3098
3075
3068
3085
3083
3078
3096
3085
3092
3099
3081
3087
3100
3090
3104
3102
3095
3066
3083
3097
3095
3087
3088
3083
3097
3069
3091
3098
3090
3130
3089
3089
3068
3126
3093
3097
3068
3119
3109
3091
3068
3134
3094
3092
3120
3092
3107
3077
3070
3109
3079
3082
3080
3122
3131
3100
3101
3192
3112
3176
3153
3099
3162
3125
3189
3128
3067
3077
3136
3102
3099
3067
3102
3117
3174
3089
3092
3112
3119
3124
3078
3122
3089
3096
3073
3107
3100
3091
3076
3123
3093
3123
3097
3078
3080
3111
3153
3066
3099
3154
3069
3068
3096
3092
3122
3099
3133
3096
3101
3118
3124
3088
3115
3074
3100
3102
3095
3092
3098
3089
3097
3089
3097
3099
3360
3120
3237
3105
3093
3086
3148
3107
3120
3065
3079
3116
3147
3136
3131
3141
3154
4383
3167
3098
3127
3127
3158
3108
3089
3109
3082
3064
3089
3094
3102
3091
3126
3108
3089
3134
3092
3076
3091
3092
3091
3093
3138
3096
3089
3086
3107
3086
3109
3095
3089
3122
3087
3125
3104
3120
3094
3096
3107
3105
3097
3065
3185
3095
3112
3111
3066
3093
3088
3091
3116
3105
3088
3107
3101
3118
3101
3097
3380
3129
3069
3100
3111
3102
3094
3068
3112
3084
3133
3074
3097
3096
3115
3090
3109
3074
3106
3128
3095
3102
3127
3168
3086
3136
3106
3481
3100
3152
3143
3113
3069
3095
3128
3113
3060
3164
3101
3117
3066
3119
3140
3070
3098
3100
3096
3067
3090
3134
3073
3091
3094
3132
3121
3144
3095
3089
3090
3121
3103
3132
3129
3098
3092
3093
3095
3085
3092
3084
3132
3098
3095
3107
3101
3133
3117
3231
3085
3065
3056
3130
3081
3131
3090
3136
3072
3092
3069
3116
3095
3132
3075
3110
3149
3088
3096
3140
3129
3095
3111
3110
3103
3155
3123
3110
3117
3087
3118
3146
3073
3124
3064
3124
3089
3119
3131
3119
3124
3098
3110
3111
3071
3070
3094
3151
3151
3097
3100
3114
3120
3084
3068
3244
3089
3071
3105
3084
3087
3099
3087
3083
3113
3103
3099
3126
3141
3041
3131
3095
3137
3082
3183
3066
3107
3070
3162
3074
3129
3084
3150
3117
3126
3075
3131
3123
3103
3140
3100
3116
3093
3073
3424
3069
3069
3067
3084
3116
3097
3091
3090
3078
3100
3171
3070
3092
3095
3066
3092
3102
3473
3092
3101
3094
3095
3094
3124
3094
3088
3090
3069
3111
3095
3107
3092
3088
3374
3070
3093
3094
3101
3124
3110
3098
3073
3069
3098
3092
3233
3061
3305
3078
3101
3088
3042
3099
3099
3061
3127
3108
3086
3068
3103
3080
3091
3105
3090
3091
3095
3102
3102
3100
3458
3102
3094
3068
3102
3137
3147
3124
3152
3099
3125
3069
3102
3092
3095
3103
3102
3065
3130
3095
3097
3101
3066
3075
3094
3096
3083
3091
3137
3127
3825
3097
3121
3147
3126
3129
3095
3067
3085
3095
3104
3076
3086
3115
3072
3114
3089
3073
3092
3090
3082
3131
3070
3108
3146
3079
3127
3067
3094
3860
3090
3070
3110
3229
3124
3093
3133
3080
3105
3101
3111
3065
3604
3112
3066
3103
3101
3099
3096
3065
3084
3107
3200
3118
3078
3077
3133
3115
3122
3103
3096
3069
3139
3112
3082
3124
3104
3158
3096
3126
3090
3071
3116
3105
3065
3106
3095
3159
3123
3143
3123
3103
3086
3088
3065
3128
3070
3096
3095
3138
3086
3156
