104
62
64
61
60
61
60
60
61
94
72
61
60
60
92
60
68
81
61
61
61
60
61
60
61
61
61
62
61
61
61
62
61
61
61
60
153
60
61
61
62
61
61
61
61
61
61
62
61
61
61
61
60
62
61
94
62
61
62
61
61
61
61
65
174
61
96
61
177
60
71
61
62
61
117
61
61
60
61
70
61
62
61
61
63
177
64
61
61
60
61
61
60
60
61
61
60
61
61
60
61
61
61
61
65
60
62
66
62
61
65
61
62
176
61
61
155
62
61
61
61
62
61
61
61
61
61
60
61
61
61
61
61
60
61
61
61
61
61
62
61
178
61
61
62
62
61
61
140
61
61
61
61
61
61
61
64
65
60
60
62
61
61
60
61
61
61
61
62
72
60
62
61
61
108
61
61
136
61
61
112
60
61
61
62
61
110
61
61
61
62
61
61
71
61
150
60
61
62
154
60
60
62
61
61
61
61
62
61
61
60
61
60
61
62
61
61
61
61
61
73
61
61
61
60
61
61
60
61
62
139
61
61
61
61
61
62
61
60
178
60
61
62
61
61
60
61
61
61
61
61
60
61
61
61
61
65
108
61
64
113
61
61
60
61
177
62
60
61
61
60
61
178
61
62
61
61
60
163
64
61
60
61
72
61
64
61
61
60
61
61
61
190
62
61
62
61
61
61
61
61
61
62
61
60
61
62
62
61
61
61
61
61
109
61
61
72
61
60
62
61
61
61
61
61
64
61
61
61
61
61
61
62
61
178
61
61
62
61
62
61
61
61
61
60
61
63
61
61
152
70
61
61
60
60
62
61
61
60
61
61
60
60
61
62
61
61
61
61
61
61
61
61
73
60
60
61
61
60
71
61
73
61
61
61
64
61
61
61
60
61
61
61
61
61
72
61
62
62
61
61
61
61
60
60
60
61
61
61
62
60
63
61
61
61
61
61
60
61
61
60
68
61
60
60
60
61
60
62
60
61
61
61
61
61
61
71
62
110
61
61
61
61
61
61
61
65
61
61
61
62
62
61
61
60
60
61
61
60
60
61
61
72
61
61
61
60
61
61
61
61
60
61
60
61
61
61
69
60
61
62
61
61
60
60
61
61
61
61
70
61
61
61
60
61
61
62
65
61
62
61
61
61
61
61
61
61
61
61
61
72
128
61
64
61
60
61
60
64
61
60
61
60
62
61
60
62
61
62
61
60
61
62
61
70
61
61
72
61
60
60
61
61
61
61
62
66
61
154
61
178
60
60
62
61
60
60
61
61
61
61
61
62
110
61
62
61
61
60
60
60
62
61
62
61
61
60
61
61
61
60
60
61
60
61
61
61
60
61
61
62
61
61
61
61
60
61
61
61
61
61
61
60
61
62
61
61
61
60
61
60
61
61
60
61
60
61
62
61
62
61
62
61
61
61
61
61
60
61
61
61
61
61
61
64
62
61
61
70
61
61
61
60
107
61
61
61
61
62
61
61
61
61
61
60
62
61
62
61
61
61
61
61
73
60
61
64
61
71
62
61
60
63
60
61
61
63
122
108
61
63
61
61
61
62
61
61
60
60
61
61
64
61
62
61
61
61
191
61
61
61
61
61
62
61
60
60
62
61
61
62
60
62
60
62
64
61
60
60
61
61
61
61
60
60
61
61
61
61
62
60
61
62
60
61
61
72
111
60
60
61
61
61
73
61
62
61
61
61
61
60
60
69
66
61
61
61
60
61
61
149
63
61
60
60
61
61
60
61
61
61
61
178
61
61
61
61
61
61
112
61
61
112
60
62
61
61
62
61
61
61
61
62
60
68
96
61
61
61
61
70
61
60
61
62
61
61
190
61
61
61
61
61
72
61
70
61
61
61
60
61
61
61
61
61
61
60
71
61
61
61
61
61
61
61
61
61
62
60
61
61
60
61
74
60
115
148
60
61
61
61
61
61
61
62
61
62
61
61
71
60
61
61
61
61
62
61
60
61
61
60
61
60
61
62
61
60
61
61
72
61
72
61
60
62
61
62
62
60
61
61
140
61
61
60
61
64
61
61
61
61
61
61
61
61
61
70
109
60
61
61
61
61
60
62
61
61
60
60
61
75
61
60
155
61
61
61
61
61
65
61
61
61
60
62
61
61
73
61
62
61
61
61
61
61
61
61
60
62
61
61
61
61
62
62
61
61
62
60
61
61
61
61
73
61
61
61
61
61
61
61
60
61
61
60
61
61
61
60
61
62
62
61
60
62
61
107
61
61
72
61
60
60
62
61
60
61
60
61
61
61
60
61
61
61
60
61
60
61
127
61
61
61
60
60
61
61
180
62
61
61
60
61
61
61
61
60
60
60
61
61
62
62
72
61
61
60
60
61
62
61
61
61
62
61
61
61
62
61
61
136
61
61
61
62
61
61
61
60
62
60
61
61
60
61
61
61
61
61
61
62
61
61
61
61
61
62
61
96
60
62
61
61
61
61
61
61
61
61
60
60
61
62
62
61
61
61
61
61
61
62
60
61
61
61
113
61
62
62
61
69
61
61
61
61
60
61
61
61
60
64
61
61
61
62
74
61
61
60
60
61
61
61
61
60
61
61
60
72
61
61
60
61
60
60
60
70
61
60
61
84
60
61
61
61
61
62
61
61
60
73
61
61
61
61
60
61
71
61
60
60
116
61
61
60
61
61
60
61
61
61
95
61
73
60
60
61
61
60
60
61
60
61
61
61
61
161
62
60
61
60
62
61
62
61
60
61
61
61
71
61
62
61
61
61
60
61
61
61
60
61
61
60
60
61
61
61
61
61
64
61
60
61
61
61
61
61
60
61
62
61
61
61
61
61
60
61
60
61
60
61
61
61
64
60
60
104
61
62
61
61
61
61
61
61
107
61
61
61
61
61
62
61
72
116
72
61
61
61
60
61
61
61
60
61
61
61
60
61
61
61
71
62
61
61
60
62
61
61
61
73
61
61
62
61
60
61
61
61
61
60
62
61
60
61
61
60
61
61
60
61
62
61
62
61
61
61
62
61
61
61
60
61
61
61
60
62
62
60
61
61
61
65
61
61
61
61
61
104
61
62
61
61
69
61
61
60
62
60
61
61
61
61
61
61
60
62
61
61
62
60
60
61
61
60
60
61
60
61
61
61
60
61
61
61
61
122
61
61
61
61
60
61
61
61
74
61
61
61
114
60
61
61
61
61
62
61
61
61
61
60
61
61
67
73
60
60
62
112
61
61
60
61
61
60
61
72
61
64
61
60
61
61
61
61
61
65
62
61
61
61
61
62
61
61
61
61
62
61
61
73
62
60
61
60
60
60
61
61
60
62
62
61
63
61
167
60
61
72
61
62
62
62
61
61
61
60
61
62
61
61
61
61
61
61
61
61
61
60
61
61
60
60
64
61
61
61
60
61
61
62
60
62
61
60
60
61
61
61
61
60
60
61
60
61
60
64
61
61
61
60
61
61
71
62
61
61
61
61
61
61
60
61
62
62
61
61
61
73
61
72
114
60
61
180
61
60
61
60
60
62
62
61
72
60
61
60
61
61
70
60
61
62
61
61
61
61
61
60
61
62
61
60
60
61
61
61
61
62
61
61
61
60
60
61
61
61
61
73
60
61
61
61
61
61
60
62
61
61
71
61
61
60
60
65
62
60
62
61
60
60
73
61
60
61
61
62
61
75
61
88
61
60
60
61
61
60
61
61
62
61
61
61
61
61
64
61
61
61
62
60
62
71
62
61
61
60
61
61
61
60
61
61
61
61
178
61
61
61
62
60
61
63
61
61
61
61
73
61
61
60
72
61
62
60
62
61
61
61
61
61
61
60
61
61
60
61
61
60
61
61
62
61
60
61
62
61
62
61
60
61
60
61
178
61
61
112
62
60
61
62
61
61
61
62
60
61
61
60
61
61
61
97
61
60
60
61
61
60
61
61
61
61
61
62
71
60
61
62
62
61
139
61
61
60
61
60
62
60
61
113
61
61
61
61
61
61
72
61
61
60
65
61
61
64
61
62
61
61
73
80
61
61
61
61
63
178
69
71
61
60
61
61
60
61
61
61
62
72
61
61
61
61
60
61
62
61
61
60
61
61
110
61
61
61
61
61
61
61
61
61
64
61
61
61
61
61
61
61
61
60
61
61
61
60
60
61
62
61
62
69
60
61
62
65
61
62
91
62
61
71
61
64
61
60
60
62
61
116
60
61
61
61
61
61
72
61
61
61
62
80
61
61
61
61
61
61
61
61
62
61
61
121
61
61
61
61
62
60
62
60
62
61
61
61
61
62
61
180
61
60
61
61
60
61
61
78
61
62
72
61
61
61
61
60
61
62
61
61
71
70
61
61
62
62
61
61
72
60
62
61
61
61
71
60
61
60
61
62
61
60
63
61
61
74
62
61
62
61
62
60
61
61
64
60
61
61
62
61
60
61
61
61
61
60
166
62
61
60
62
62
66
60
61
61
61
61
178
61
60
61
60
62
61
61
61
69
61
61
60
62
61
61
61
64
60
60
66
61
60
61
72
60
71
60
62
61
61
61
61
77
151
71
61
60
60
96
61
61
96
64
60
61
73
73
61
61
61
61
62
69
60
61
60
61
61
61
60
61
61
61
61
61
60
61
61
60
71
61
61
61
61
61
61
62
61
62
60
61
63
60
62
62
61
61
62
60
61
60
61
61
61
61
60
61
61
61
61
60
61
61
62
61
62
62
61
89
71
62
61
73
61
61
60
61
61
70
61
61
61
61
61
60
61
61
60
61
72
61
73
60
60
62
61
62
61
61
61
61
60
61
60
61
61
61
61
62
61
61
60
61
61
60
73
61
61
61
61
60
62
61
61
62
62
60
65
74
60
61
61
62
60
62
61
61
61
61
61
61
61
62
61
61
61
61
61
60
61
61
61
62
60
61
61
61
61
60
60
61
61
61
61
61
60
61
61
61
61
61
73
61
60
61
61
148
60
63
61
60
61
60
61
61
61
61
60
60
61
61
61
62
60
61
61
61
61
60
61
60
60
61
61
101
61
62
153
61
62
62
61
60
61
61
61
60
61
60
61
61
61
60
69
61
61
65
61
61
61
61
107
61
61
61
61
61
62
96
60
61
62
60
62
60
61
60
61
62
61
61
61
61
63
61
61
73
61
61
78
61
61
62
61
61
61
63
61
64
61
61
61
60
61
139
60
61
61
178
61
75
61
61
61
61
66
62
61
61
60
62
140
60
60
61
64
60
61
61
61
178
61
61
61
61
61
62
61
61
69
96
61
61
60
65
61
61
61
61
60
62
61
61
61
61
60
61
60
61
62
61
61
71
60
83
61
61
60
61
60
60
61
149
73
61
61
61
61
60
61
61
62
72
61
172
61
62
61
60
95
61
60
61
61
60
61
60
72
62
61
63
60
61
61
60
61
61
61
61
60
61
61
61
60
61
61
65
61
61
60
61
61
61
61
62
61
61
61
71
61
60
61
61
61
62
61
61
61
62
61
61
60
61
61
61
61
61
62
62
62
61
61
61
61
61
61
61
61
61
178
61
62
61
61
61
61
61
60
60
60
60
61
61
61
61
60
61
64
60
61
61
62
60
61
61
62
61
61
60
61
60
61
61
61
60
61
61
201
60
62
60
71
62
61
61
60
61
61
61
63
60
61
61
62
60
61
61
60
71
62
62
60
61
61
61
61
61
61
60
60
61
61
61
61
61
61
61
61
61
70
61
61
61
60
68
61
61
60
60
62
61
61
61
62
61
61
61
61
60
61
168
61
63
60
64
61
60
60
61
61
61
61
61
178
61
62
60
60
61
60
61
72
61
61
60
61
61
61
64
60
60
60
62
61
61
61
62
61
61
61
60
62
61
61
61
61
61
61
60
61
60
60
62
178
61
64
60
61
61
61
60
61
70
61
61
61
61
60
61
72
61
60
61
61
61
61
62
62
61
61
60
60
61
61
61
64
61
74
178
71
60
61
61
62
65
61
62
61
61
60
61
61
61
62
60
61
61
61
62
61
61
61
61
62
61
65
61
61
61
73
60
61
61
61
61
61
60
61
60
61
60
61
60
65
62
61
61
61
61
61
61
61
61
61
61
118
61
61
61
61
61
61
61
60
61
62
60
61
61
61
61
61
73
60
61
61
61
61
60
61
60
61
61
62
63
61
72
70
62
60
139
61
61
61
61
60
61
61
61
61
61
60
61
61
73
128
61
60
61
60
110
62
61
61
61
61
61
61
62
62
61
61
74
61
61
63
61
61
61
61
61
60
61
130
60
61
61
61
62
61
70
60
61
61
61
61
62
72
62
61
60
61
61
61
62
60
60
61
61
61
61
61
61
61
61
61
62
61
135
61
72
61
109
62
61
60
61
61
61
62
60
60
61
61
75
61
61
61
60
61
62
61
61
61
61
61
61
61
60
61
61
60
61
61
60
61
61
61
62
61
61
62
61
61
61
61
60
61
61
61
61
128
61
61
62
61
60
62
62
60
62
61
61
61
61
61
61
62
61
178
61
60
62
60
61
60
60
61
61
60
62
61
62
60
61
61
61
61
62
61
62
60
62
60
60
135
61
61
61
61
61
61
63
61
61
61
62
61
61
61
62
110
61
72
61
61
60
61
61
65
61
62
61
62
62
61
71
62
60
60
61
61
61
60
61
61
61
60
61
71
61
62
61
60
60
61
61
61
60
61
178
60
61
61
61
61
60
175
61
61
60
61
60
62
60
61
61
61
61
61
60
70
61
60
61
61
61
61
60
60
61
61
61
61
61
61
62
61
60
60
61
61
61
61
62
61
61
61
61
61
60
61
61
72
61
61
61
61
61
61
60
61
61
89
61
61
61
61
62
61
76
60
61
60
60
61
61
61
61
61
61
116
61
178
61
61
60
61
71
61
60
61
62
60
61
61
61
61
61
61
61
61
61
60
61
61
61
61
61
61
61
62
62
61
61
73
61
61
71
61
60
61
60
61
61
62
60
61
61
61
60
62
61
61
61
61
61
61
61
61
61
61
62
61
60
65
61
60
62
61
62
61
61
62
61
61
61
61
61
60
60
61
61
62
61
61
61
61
60
60
62
61
61
61
61
61
70
179
61
61
61
61
71
60
61
60
61
61
61
61
70
61
60
61
61
61
61
61
62
61
119
61
69
61
61
73
61
62
71
60
61
61
62
61
61
61
61
60
61
60
60
61
60
61
60
61
60
61
60
61
62
61
61
60
60
62
60
61
96
61
61
105
61
60
61
61
179
61
60
60
60
61
61
60
61
61
61
72
72
60
178
61
60
61
61
61
61
60
61
60
60
64
61
61
61
60
127
61
60
60
60
61
62
138
60
61
60
62
71
61
72
62
62
61
61
61
61
61
61
62
61
60
61
61
60
61
61
61
61
61
60
61
60
62
60
61
62
61
61
62
61
60
61
61
61
61
61
62
61
61
70
61
61
61
71
61
61
61
61
71
60
61
62
61
61
61
61
73
61
60
61
61
61
64
64
62
61
61
158
60
61
70
61
61
61
61
61
61
61
61
62
61
61
70
60
60
62
61
61
70
61
60
61
71
61
61
61
61
62
61
61
62
60
60
61
62
61
61
61
61
62
61
60
61
61
181
60
61
60
62
62
61
60
60
62
61
115
65
61
61
60
61
72
61
62
73
61
61
61
61
62
61
60
61
61
61
61
61
60
61
63
60
61
61
61
61
61
61
61
60
61
61
62
61
61
61
61
61
60
61
61
61
61
61
62
61
61
61
61
62
61
61
61
61
62
61
61
62
60
61
61
61
109
61
60
62
61
61
60
60
61
61
60
61
61
61
60
60
61
102
60
62
60
61
61
60
61
60
60
61
60
64
61
61
61
62
60
62
61
61
72
61
64
61
61
61
61
136
61
61
61
61
61
61
60
71
60
61
60
61
60
61
61
60
60
61
61
60
61
61
62
60
61
63
61
61
61
61
62
60
61
61
60
61
61
62
61
61
61
65
61
60
68
60
60
61
61
60
61
61
61
60
140
61
61
178
61
61
61
61
62
61
61
62
60
61
61
61
61
61
105
61
61
60
61
61
60
61
61
61
61
60
61
61
60
60
61
61
61
60
61
61
60
61
62
113
61
61
61
61
61
63
178
72
60
61
61
61
62
61
61
61
61
65
60
61
61
72
72
61
62
61
62
62
62
60
62
61
61
61
61
61
61
60
113
61
61
62
61
61
61
61
62
61
61
62
158
60
61
60
60
71
60
62
61
61
61
61
61
60
61
60
60
61
61
60
72
61
61
61
60
61
61
61
60
64
62
61
61
72
72
61
60
61
62
61
178
60
61
63
61
61
71
61
60
60
61
61
62
61
61
62
61
61
64
62
60
61
61
60
60
73
62
60
61
61
61
63
61
61
61
81
61
70
61
61
61
61
61
60
60
61
61
61
61
61
60
61
69
61
61
61
61
61
61
62
61
61
61
60
60
60
60
61
61
61
61
62
60
61
61
61
60
74
61
62
60
61
61
61
62
61
61
60
60
61
61
61
60
61
61
62
96
61
72
70
60
60
63
60
61
62
60
60
61
62
61
61
61
61
61
61
60
61
61
61
64
73
61
61
61
61
74
61
60
62
60
61
61
61
61
62
140
61
61
113
61
62
62
61
61
61
61
60
64
61
60
61
61
61
60
60
60
62
61
61
61
61
61
65
61
61
62
62
61
61
60
61
61
61
60
61
61
61
62
61
63
62
62
112
61
61
60
61
61
61
61
108
60
62
61
61
61
69
61
61
62
61
61
61
60
61
61
61
61
61
97
61
61
61
61
61
61
61
61
61
180
60
61
61
60
73
60
61
60
61
61
61
60
140
134
61
61
72
61
61
61
61
61
60
61
61
65
62
61
140
60
60
60
109
61
61
61
61
61
72
60
62
61
61
60
61
61
62
61
61
61
61
61
61
61
60
61
62
61
61
61
62
61
61
61
60
61
135
62
60
61
61
61
61
61
61
60
60
177
61
61
60
62
73
60
61
60
60
61
61
61
73
62
61
61
61
142
61
60
73
135
64
62
61
62
60
61
65
61
64
61
60
61
62
60
60
61
61
61
62
61
60
61
62
60
61
61
61
73
62
61
61
61
62
61
61
61
61
62
135
61
61
61
61
61
60
61
61
62
61
61
178
61
62
61
62
60
60
60
61
61
60
60
61
61
61
61
61
61
72
62
61
60
61
61
61
62
61
61
61
61
61
62
61
61
60
60
71
60
61
109
