454
466
454
461
454
457
454
456
483
453
453
472
482
449
467
467
466
464
518
461
465
464
467
467
450
453
468
457
469
450
464
454
514
456
457
448
456
462
458
453
466
465
453
453
453
468
640
454
454
504
472
470
470
466
453
471
468
501
453
470
453
467
457
468
455
472
478
453
468
503
469
453
559
465
450
454
453
457
457
453
454
470
454
512
463
454
453
467
453
456
453
522
464
468
454
506
464
535
454
453
504
470
456
462
453
453
468
456
455
457
468
453
527
453
456
466
465
457
472
466
457
464
462
455
454
463
472
469
454
475
469
468
468
464
452
462
454
453
454
453
452
472
456
509
533
464
453
464
1033
468
466
541
473
452
468
533
456
453
465
473
468
454
455
454
454
454
467
463
512
453
463
464
452
466
468
466
469
469
453
455
453
475
530
464
532
467
463
526
468
454
453
465
454
452
565
461
454
453
456
468
477
452
456
466
519
466
454
452
465
537
457
468
452
471
462
453
508
456
458
453
469
516
457
453
461
463
453
472
454
458
454
538
457
463
470
453
467
513
457
458
503
471
454
453
452
467
513
468
454
465
452
454
471
454
454
465
463
472
465
461
453
458
457
453
452
458
457
453
473
470
453
453
453
456
534
454
454
453
468
465
471
469
463
471
521
457
472
470
454
572
454
468
463
467
466
466
453
511
454
458
456
480
454
453
454
471
528
463
454
456
455
457
450
449
457
454
454
457
455
462
467
457
454
466
464
458
468
740
531
465
472
455
458
517
468
456
504
454
468
457
448
464
449
453
463
462
453
456
467
511
454
453
476
467
456
460
453
457
466
453
458
454
454
465
465
569
472
454
473
469
454
469
454
453
454
456
470
465
453
456
469
543
457
1149
541
471
454
465
477
458
454
456
454
469
454
451
454
454
453
525
465
453
478
457
511
509
456
456
469
467
459
456
464
454
464
453
452
459
456
470
458
457
474
452
448
458
478
473
459
467
454
453
462
463
461
457
456
457
454
513
465
471
453
457
472
518
453
468
474
470
458
463
461
527
454
462
451
468
457
515
471
453
478
465
460
463
514
454
467
453
515
453
463
453
468
457
457
467
452
512
462
466
466
457
453
454
456
469
453
463
456
453
453
462
457
463
454
462
466
457
474
458
453
454
470
454
465
454
456
469
453
460
466
454
457
454
473
453
454
470
466
465
456
1033
454
457
454
516
457
463
457
464
454
471
453
449
489
1189
469
463
453
554
454
453
457
476
471
500
455
467
453
456
467
454
463
456
473
468
469
455
453
471
462
470
464
453
474
451
454
462
478
464
463
464
652
455
474
457
453
453
456
453
454
528
454
466
452
454
456
453
473
468
469
452
452
457
473
454
462
461
777
463
454
453
729
471
463
458
467
454
453
472
513
452
455
470
452
454
464
480
455
463
453
461
455
457
453
454
514
464
454
456
457
473
453
454
458
457
472
466
467
473
478
457
452
453
462
549
454
454
453
456
464
453
467
466
452
458
461
467
453
462
468
467
464
467
465
455
453
573
470
457
456
463
462
454
458
453
462
535
467
453
453
469
458
471
454
459
463
465
1096
471
453
453
467
469
453
454
464
453
454
457
452
465
468
453
457
453
468
548
469
468
468
453
453
457
454
532
465
516
467
454
454
468
453
509
453
520
467
473
454
454
454
473
454
453
463
472
453
454
474
457
507
465
454
453
453
465
516
496
470
470
453
453
453
453
457
620
452
453
456
464
457
453
470
453
454
458
466
465
453
457
453
454
454
463
468
453
457
471
453
471
456
467
456
504
457
465
469
453
453
452
465
452
468
465
461
457
465
470
462
453
453
463
465
542
465
449
467
454
471
457
567
464
475
458
528
477
464
457
453
468
457
457
472
526
453
469
464
466
469
453
465
465
466
453
454
467
459
479
462
469
458
530
466
559
453
453
467
453
453
464
456
478
453
467
457
452
535
457
454
454
465
454
474
454
463
454
453
457
454
1122
469
513
458
454
468
514
472
457
468
453
464
449
457
510
457
463
454
453
467
453
464
467
452
465
466
473
464
472
473
457
462
453
457
465
479
476
524
468
513
453
510
464
450
456
453
454
452
471
455
453
470
515
456
452
459
462
458
455
468
453
464
456
467
461
466
520
465
465
453
454
470
449
458
507
457
456
457
456
454
456
455
472
473
468
457
454
453
467
463
453
469
466
454
468
453
454
518
459
465
452
453
453
619
468
448
458
464
453
453
681
454
453
453
468
454
458
456
468
458
462
453
477
471
467
455
454
457
453
465
462
470
461
453
458
454
463
454
468
455
465
469
452
452
468
458
454
1167
458
464
454
463
454
457
454
465
463
454
453
453
454
475
463
454
453
462
454
453
472
532
462
471
472
457
453
466
467
453
646
462
468
463
456
461
452
452
453
469
458
454
493
462
453
453
453
454
453
457
515
471
454
468
472
455
458
456
507
465
467
454
468
453
466
469
464
468
456
466
455
463
468
453
466
467
514
453
456
452
458
472
454
461
454
454
454
453
454
466
458
469
453
454
454
468
457
457
467
515
457
456
518
471
452
469
471
469
454
519
1006
464
469
454
463
460
453
454
460
521
464
454
453
469
454
467
463
454
454
467
463
454
454
462
454
473
462
457
454
453
464
454
468
470
471
528
453
462
465
521
519
454
470
452
454
453
453
520
457
453
453
466
454
474
468
458
454
523
464
456
468
452
478
453
453
467
452
453
466
453
457
453
454
457
455
453
458
453
453
501
457
454
455
457
457
454
453
457
471
526
463
453
990
454
466
462
453
453
465
457
454
454
478
453
464
465
453
475
453
454
454
543
468
466
483
456
464
468
466
458
458
464
453
454
454
453
842
453
461
461
453
461
509
471
458
453
469
456
466
453
454
449
456
454
456
458
453
472
467
454
470
466
464
468
468
457
572
452
470
465
463
464
463
464
463
471
453
514
468
453
468
453
456
468
474
453
452
457
453
472
453
469
501
464
453
454
455
454
458
453
455
462
453
453
474
467
458
455
453
454
453
470
454
464
462
461
454
458
467
454
529
477
458
449
454
449
455
473
453
468
469
464
456
453
455
452
452
457
452
458
454
472
453
471
468
456
466
472
452
462
454
453
470
457
453
453
456
452
452
453
502
467
469
468
467
469
506
463
472
468
454
464
454
467
995
458
461
460
465
514
465
461
453
453
458
481
465
469
457
453
453
457
456
466
882
467
453
467
470
454
467
453
454
459
467
458
469
516
454
456
468
458
457
453
568
464
466
454
465
456
466
1183
467
456
453
467
471
456
465
529
452
454
453
456
527
454
461
463
467
453
453
452
457
452
465
453
453
457
454
464
457
454
457
457
454
454
453
469
456
454
454
469
458
474
456
457
454
1334
469
454
468
943
466
464
454
458
452
511
476
454
466
453
468
456
463
454
545
470
508
469
458
454
453
467
454
454
463
479
453
453
455
457
458
449
457
453
455
453
1221
470
454
455
453
498
453
509
464
454
466
522
468
453
814
454
453
454
460
468
468
455
463
454
452
463
453
468
452
523
454
466
454
470
466
453
453
475
453
468
456
468
463
471
468
453
454
464
453
474
454
457
456
470
467
457
469
454
457
454
454
458
478
453
454
452
463
450
449
464
457
473
454
458
467
464
466
458
460
455
490
462
453
466
469
454
462
462
454
470
453
456
463
471
458
457
466
453
463
470
530
458
469
472
469
468
465
453
464
463
454
461
457
502
471
467
469
453
466
464
458
452
454
453
518
453
466
466
457
453
452
463
469
453
464
466
465
454
458
454
505
466
457
470
1001
453
457
717
454
469
469
453
452
453
462
831
466
514
465
457
455
519
468
500
453
454
470
469
454
457
464
457
462
453
453
463
454
509
509
472
454
457
462
467
462
453
453
467
606
457
516
552
470
454
452
453
453
464
454
468
453
454
464
465
453
454
453
513
529
453
464
452
454
475
475
466
454
456
477
452
453
525
452
526
461
455
453
449
456
471
455
453
454
463
465
519
454
481
453
468
453
470
465
467
470
457
468
468
453
468
464
510
453
454
469
454
458
457
457
465
465
463
453
458
554
454
463
508
453
465
458
453
454
468
467
458
473
465
504
466
464
453
457
461
453
453
455
454
776
468
453
454
466
457
473
468
457
453
454
454
466
527
471
453
454
454
468
458
508
470
466
468
473
453
468
469
466
466
456
453
454
469
467
465
452
516
454
453
454
457
453
454
464
454
466
459
453
576
477
479
466
466
482
452
454
468
463
454
454
452
467
469
454
453
469
469
459
464
453
453
454
472
453
463
464
453
468
464
453
534
511
470
463
452
846
1043
462
460
456
467
452
456
465
454
454
462
456
472
463
467
452
453
452
470
452
457
462
464
457
456
467
462
462
457
531
472
457
453
468
515
464
452
512
457
457
453
467
463
452
454
458
454
453
469
470
454
453
461
453
556
474
469
457
466
453
452
456
454
456
454
454
509
457
471
454
453
457
467
453
457
510
477
457
454
468
466
462
453
456
453
467
462
454
457
476
458
472
453
527
453
471
467
462
454
456
467
468
455
457
528
457
453
456
461
465
454
468
467
467
468
461
453
475
450
466
454
470
461
455
466
453
452
453
457
466
478
466
453
511
455
455
519
467
465
453
456
458
456
453
453
453
518
453
454
529
466
454
452
457
454
457
471
564
467
466
453
515
454
456
452
457
454
454
520
452
453
461
463
469
502
453
454
453
459
464
464
468
453
464
463
470
468
453
457
454
541
462
454
469
461
453
481
463
454
457
522
467
531
464
453
541
469
454
470
468
458
465
478
454
452
454
454
465
470
454
464
476
453
455
463
453
473
466
456
454
455
454
456
454
460
453
453
469
472
453
474
464
469
463
454
453
458
996
473
457
455
453
449
457
455
812
463
482
453
454
455
1090
467
530
518
454
470
508
454
518
469
511
466
468
456
455
471
454
471
454
454
866
455
470
467
547
454
447
454
463
453
455
453
456
453
454
457
453
467
454
463
453
470
506
535
453
470
454
450
454
454
457
501
523
463
453
470
458
528
454
455
536
454
467
456
463
453
453
462
454
539
474
514
453
467
473
457
491
452
453
457
468
457
458
463
454
475
456
454
453
454
453
455
545
460
454
909
460
485
457
454
458
453
475
453
453
470
462
454
458
453
454
454
453
478
453
454
478
463
453
452
468
470
454
500
454
475
453
472
470
469
453
455
466
456
471
487
457
466
454
457
458
466
457
454
466
453
457
468
510
466
457
457
453
452
1086
469
454
457
454
466
453
453
456
453
468
531
454
463
469
469
472
468
463
453
1409
470
453
453
453
464
452
463
454
460
454
471
550
452
466
511
467
454
466
454
452
454
454
469
458
537
838
453
456
454
474
464
453
1214
454
457
453
471
453
462
454
458
454
458
468
467
457
453
471
465
515
517
453
468
463
471
466
453
449
457
467
471
524
482
467
464
524
485
452
649
468
463
449
457
457
468
469
453
453
515
452
454
545
516
458
470
455
454
464
463
473
458
457
463
454
453
453
455
453
463
456
454
453
464
462
458
453
457
469
467
468
477
453
453
453
455
475
505
453
453
456
476
453
467
465
473
453
462
454
465
453
457
454
468
452
457
454
463
456
454
471
453
463
522
516
473
457
470
454
468
458
468
453
466
469
468
462
456
1138
453
454
481
470
1021
453
454
463
468
467
463
454
453
454
470
467
452
526
453
454
463
457
471
464
454
1058
457
454
1322
468
453
472
453
557
468
470
453
464
464
479
455
472
523
454
457
454
473
462
457
461
478
456
944
468
452
519
454
475
453
470
455
454
454
556
454
463
454
454
472
463
462
452
462
458
454
474
463
453
453
455
453
452
458
535
453
454
467
469
467
463
470
453
466
466
1127
507
456
527
457
453
454
463
460
453
464
452
460
552
476
468
467
470
467
473
454
472
453
454
466
453
464
453
453
466
454
454
467
472
452
513
457
471
454
454
464
458
457
471
513
454
458
457
454
452
453
510
469
458
453
454
468
453
467
457
471
506
453
454
457
467
496
456
503
453
464
468
454
453
454
467
453
457
511
465
463
469
463
454
454
457
475
453
454
455
473
453
467
453
476
469
458
453
453
457
453
455
472
457
471
454
473
453
454
455
468
467
454
454
466
505
457
468
476
466
452
456
464
453
468
466
466
453
467
531
456
462
521
869
457
451
468
457
457
458
453
463
457
453
462
467
453
453
465
455
454
453
466
529
453
463
453
453
524
514
453
471
453
464
457
454
453
453
464
462
465
455
454
453
511
453
454
500
473
462
453
464
458
457
980
457
473
957
457
453
454
457
457
513
457
469
467
468
463
452
454
453
462
452
514
453
453
469
469
468
453
464
452
478
453
454
457
471
453
468
536
468
464
454
466
454
453
454
455
458
453
458
454
454
470
454
458
457
471
454
468
453
452
464
457
457
454
453
468
507
472
458
454
453
468
453
453
453
463
454
464
453
466
453
452
481
457
507
454
461
453
452
529
449
449
469
464
467
467
455
462
467
468
454
453
454
468
457
468
483
456
457
454
453
454
468
454
468
457
466
454
453
458
454
472
457
465
869
466
471
528
471
462
468
470
464
457
469
508
468
466
526
454
457
516
469
453
454
471
471
453
464
453
452
462
457
464
453
467
469
470
470
463
471
458
454
454
475
457
471
468
465
467
452
457
457
453
453
453
470
468
468
463
453
454
463
453
454
467
453
478
456
455
473
454
453
454
467
510
469
452
510
453
466
453
457
517
451
536
453
470
455
468
467
462
453
509
467
453
467
454
457
457
524
463
457
469
454
474
475
469
454
468
471
458
476
453
453
473
455
466
486
464
476
454
453
464
471
454
522
457
453
454
827
454
472
508
456
474
453
457
455
453
543
453
453
463
1422
453
455
454
453
453
470
468
452
454
457
466
453
463
453
465
456
530
454
453
454
457
461
449
458
457
453
454
454
465
466
464
457
544
457
467
453
457
470
449
462
462
470
463
468
456
463
556
469
476
454
456
487
463
453
453
454
467
553
458
467
458
471
517
453
461
454
455
553
454
454
454
453
512
456
469
477
457
454
453
453
453
467
464
506
453
453
452
463
454
467
456
463
468
453
456
453
454
454
454
470
505
467
454
457
469
454
454
469
457
453
464
457
465
454
521
456
454
453
457
456
452
536
467
448
452
454
465
474
453
514
453
453
517
468
453
467
467
454
467
514
457
454
449
448
454
531
466
467
511
452
453
532
468
454
457
451
644
457
465
509
458
453
455
453
463
511
454
452
458
470
463
524
453
467
453
453
456
527
494
514
523
454
469
453
453
472
468
456
463
457
453
453
463
454
453
454
457
456
472
453
453
452
454
459
452
454
472
457
454
465
471
469
453
470
457
513
452
468
453
469
458
468
467
466
469
467
468
529
470
470
456
454
454
465
466
454
452
1078
457
466
533
452
454
452
454
457
466
453
464
457
466
473
470
510
454
518
452
453
495
462
471
464
453
464
453
472
458
454
456
467
453
467
453
452
464
453
453
455
464
467
463
454
453
454
462
454
476
452
467
669
478
456
458
462
454
460
471
463
525
466
453
522
456
519
454
468
479
469
455
508
466
453
468
453
455
466
748
455
455
491
475
469
469
453
463
454
468
475
515
457
454
453
471
453
468
505
454
453
467
453
457
458
467
452
484
457
453
472
922
457
528
454
463
454
477
456
457
453
452
468
465
456
455
473
536
467
468
457
468
453
455
457
480
462
453
465
467
458
455
466
522
453
454
454
454
469
456
453
468
468
453
454
453
473
473
454
457
465
454
474
481
453
469
464
455
517
515
464
525
463
510
452
453
466
455
469
468
457
470
463
470
454
462
467
454
454
521
456
532
453
454
465
466
454
496
453
508
454
457
458
472
467
543
471
454
468
464
547
454
457
464
469
528
453
453
469
457
457
469
454
458
478
456
483
469
453
466
464
454
462
453
461
454
1138
466
456
472
453
453
686
467
458
454
471
456
462
453
453
463
545
452
467
455
449
466
457
457
516
458
453
470
461
457
470
453
512
453
463
453
468
452
453
453
462
453
457
463
454
465
456
1203
454
448
471
453
473
453
457
476
510
463
466
452
469
461
454
528
453
518
464
1033
462
453
462
468
458
470
457
462
453
463
466
466
454
844
454
456
454
454
457
462
453
458
456
467
469
456
453
456
463
467
453
462
527
454
483
463
527
516
513
453
458
456
467
477
457
453
453
467
452
461
465
466
469
457
459
516
454
454
453
453
454
453
467
454
468
463
502
454
453
458
458
454
464
452
463
454
463
1318
454
505
464
455
453
458
994
453
454
465
453
517
474
478
552
467
453
454
454
457
453
454
453
458
505
453
453
454
457
467
466
463
474
463
473
455
481
453
462
465
449
453
510
463
469
456
454
454
470
467
454
455
460
453
575
450
456
454
475
1105
453
454
467
452
458
470
466
458
453
453
454
457
477
457
521
456
453
463
454
454
463
468
452
467
471
469
470
473
453
458
466
464
465
466
453
455
465
463
455
454
465
511
469
456
468
452
452
470
465
468
454
467
454
453
453
468
453
465
454
465
454
469
464
453
453
452
466
457
466
547
470
454
453
466
470
508
625
518
456
1206
455
458
468
464
548
453
509
517
453
453
507
468
455
452
470
463
457
454
454
448
471
471
453
465
454
454
458
474
463
454
457
464
453
468
456
466
467
453
461
453
453
462
454
463
467
468
454
453
471
468
467
453
456
453
453
457
468
515
469
468
475
467
453
451
478
453
454
457
514
454
533
484
453
466
467
464
454
456
453
547
453
453
453
457
469
529
453
465
454
461
473
453
512
458
468
467
470
453
453
454
455
456
473
453
456
468
457
457
1150
457
454
453
538
453
453
454
863
1076
453
463
464
452
467
456
465
462
449
457
515
454
459
453
466
453
455
453
463
468
465
456
466
722
452
463
457
472
453
452
453
454
454
458
453
483
453
454
457
453
453
469
462
470
465
467
452
463
465
456
458
457
467
455
456
471
464
534
457
569
473
467
454
461
454
529
537
454
454
453
466
467
512
454
454
452
457
453
464
453
469
467
454
457
471
518
467
468
458
471
457
457
453
467
453
464
473
457
457
525
454
465
463
454
465
465
467
453
468
465
510
453
449
454
456
458
455
458
526
466
453
741
457
468
472
452
456
463
454
457
464
453
457
1224
453
470
460
454
468
