89
88
89
88
87
88
88
87
89
89
88
87
87
93
88
88
87
87
88
88
88
87
87
87
87
88
88
88
89
88
88
87
102
88
89
88
203
88
88
88
88
89
88
220
88
89
104
88
88
88
88
92
88
88
89
89
89
88
89
88
100
89
88
89
89
88
88
88
181
89
88
88
89
88
88
89
88
89
88
90
89
89
88
88
88
88
89
96
89
88
88
88
87
88
124
87
87
106
98
88
87
99
89
88
87
88
87
89
88
88
88
89
88
88
88
87
88
88
87
98
88
87
88
88
89
88
90
88
87
87
88
88
89
119
98
88
88
89
88
88
89
87
88
167
89
88
88
88
87
89
92
88
89
89
87
87
127
88
88
88
89
89
88
91
88
99
87
88
99
88
88
88
89
88
88
88
88
88
88
88
88
100
88
88
97
105
88
88
89
88
88
88
87
88
89
88
103
122
88
87
88
87
89
88
89
88
256
88
88
88
88
88
89
88
88
89
87
87
87
89
89
88
213
88
88
88
88
89
88
94
87
89
88
88
88
88
257
88
89
89
88
88
88
89
87
92
89
88
88
87
88
88
87
98
100
88
88
92
88
88
88
88
87
88
88
88
88
88
89
87
87
97
87
88
87
87
87
87
88
89
88
91
87
87
88
90
88
87
89
87
88
87
88
89
89
87
231
88
88
88
89
89
89
88
88
88
89
88
87
88
87
88
87
88
87
88
91
88
89
99
89
87
88
87
88
89
99
88
87
88
88
88
103
88
89
87
88
87
89
100
88
88
281
89
88
100
88
89
89
88
88
88
89
88
88
89
98
97
88
134
88
88
88
103
88
88
93
89
87
87
89
88
87
88
88
88
99
87
88
87
88
88
87
88
88
87
105
88
97
88
87
90
88
150
122
87
89
88
88
119
89
89
88
88
87
89
89
88
88
108
89
89
88
87
88
88
89
88
87
89
87
87
88
127
88
87
88
89
88
89
87
97
88
87
87
88
87
88
89
87
89
89
88
87
88
88
89
88
88
87
88
89
201
87
88
87
87
87
88
87
87
92
91
88
89
88
88
88
88
87
88
87
88
88
92
99
92
89
89
88
89
93
88
88
89
88
89
87
88
88
87
88
89
88
88
88
88
88
88
88
96
88
88
88
279
88
87
91
89
87
89
97
103
88
88
124
92
96
88
134
87
98
89
91
88
88
103
89
88
97
88
87
87
88
86
88
88
87
88
113
87
87
87
88
88
88
88
88
89
88
93
87
99
134
87
89
89
89
88
88
88
87
88
89
89
89
88
100
88
88
88
88
87
88
89
88
88
87
89
88
99
89
88
87
88
88
88
88
130
88
88
88
87
88
124
88
89
88
89
89
88
87
88
88
88
88
88
88
88
88
87
88
88
87
88
87
89
88
89
88
87
88
87
88
89
87
88
88
87
88
92
100
92
88
192
88
88
87
89
87
88
100
88
100
105
90
87
87
87
92
87
89
89
89
88
99
91
98
88
89
88
89
88
88
89
91
87
88
88
88
88
88
91
88
88
92
87
89
88
124
88
88
88
88
88
87
88
87
87
88
88
91
89
88
89
88
88
89
87
88
89
88
88
87
87
102
88
89
89
88
89
92
88
88
88
89
88
88
98
98
88
88
88
89
88
88
87
88
88
89
89
88
89
88
87
88
87
88
89
88
88
99
88
87
88
88
200
87
88
88
89
89
100
88
87
90
88
87
101
88
89
89
99
88
89
88
88
89
88
89
89
88
100
87
88
89
88
250
87
88
88
88
88
87
88
87
88
89
90
88
87
91
88
88
103
90
97
88
88
89
99
89
88
88
91
92
88
88
88
92
109
99
88
88
89
88
88
99
88
89
87
89
88
88
92
141
102
87
89
98
89
89
89
88
88
88
88
87
88
99
88
87
88
89
92
89
88
100
87
89
87
135
88
88
87
88
119
88
89
87
89
89
88
87
89
89
88
89
97
87
132
89
100
87
88
87
88
87
88
88
87
100
88
87
87
88
88
88
87
112
87
91
89
88
87
87
99
88
88
89
257
88
88
89
97
250
89
88
88
89
89
88
87
87
199
89
88
88
88
87
88
87
88
88
137
89
88
89
87
98
87
87
257
88
88
99
106
87
88
87
87
88
88
133
89
87
105
124
131
101
88
88
89
88
88
87
88
87
89
91
88
88
92
258
88
89
272
89
88
89
99
89
88
88
88
258
89
88
89
88
89
90
88
89
98
88
99
88
88
88
89
107
92
89
87
89
87
88
88
88
88
97
254
87
89
88
110
88
88
88
88
88
87
88
89
87
88
133
88
87
87
89
87
96
89
89
88
88
88
88
87
87
88
88
88
87
98
89
87
92
88
100
88
89
89
120
88
88
88
127
88
87
88
89
88
88
88
88
87
89
88
88
87
87
88
87
89
88
101
88
88
87
87
92
88
88
89
89
90
89
88
89
201
89
89
87
138
92
89
87
88
88
88
88
88
88
90
88
87
88
89
88
88
88
88
88
87
88
88
88
88
88
88
89
88
88
87
89
103
88
89
88
88
87
88
88
88
89
88
88
88
89
97
89
87
88
89
89
87
99
87
87
89
88
87
103
87
88
91
88
87
89
121
89
88
88
142
88
88
104
87
88
88
89
100
88
87
88
87
88
87
88
88
87
88
92
88
89
88
99
87
88
88
89
90
88
92
88
88
88
104
88
88
89
88
88
88
87
87
131
88
98
88
88
87
121
87
89
89
92
88
88
92
89
88
88
87
88
88
88
255
88
88
90
88
88
88
89
89
88
88
101
88
89
88
88
88
87
87
87
87
88
88
88
89
87
88
88
89
88
88
98
88
88
88
92
122
89
87
88
88
88
89
88
87
88
87
88
87
88
89
88
87
112
88
88
89
87
87
89
89
93
87
88
89
89
99
89
88
88
129
88
130
89
88
88
87
98
88
88
88
87
88
88
88
87
100
100
87
88
88
88
87
89
88
87
88
88
93
88
87
88
101
88
92
88
87
89
88
89
88
88
88
99
87
99
88
88
88
88
87
88
99
101
88
89
88
87
88
100
88
87
88
97
88
88
87
88
89
89
88
87
102
88
89
88
88
88
89
88
87
99
87
87
128
88
88
88
88
89
88
88
88
88
88
136
89
98
88
88
88
88
87
88
88
88
98
87
88
87
87
87
88
87
88
87
232
87
89
88
88
87
88
88
88
89
89
88
92
88
88
88
87
88
87
88
87
88
88
88
110
88
88
87
87
88
87
88
89
92
87
88
88
98
88
88
124
88
88
88
87
88
88
89
87
89
88
89
87
89
97
87
88
98
87
88
88
88
119
88
99
88
87
88
88
236
96
88
87
88
88
98
88
87
87
88
88
88
88
88
89
87
87
87
88
237
88
88
87
88
88
87
87
89
88
88
88
88
87
258
127
89
88
89
134
88
125
88
89
88
87
88
89
87
88
89
87
108
88
99
88
89
88
87
96
102
89
88
88
88
87
88
88
88
88
90
89
87
88
87
88
88
89
88
92
89
89
88
87
100
89
88
88
88
87
88
89
89
88
103
87
88
88
88
88
88
88
89
88
88
88
89
88
89
126
88
88
87
88
89
87
88
88
99
88
100
202
87
88
88
87
89
88
88
104
98
88
88
103
92
87
88
88
98
88
88
88
89
88
88
87
89
89
88
87
87
125
89
99
89
88
88
88
88
88
88
88
88
128
89
88
88
88
88
88
88
87
88
88
88
93
88
87
88
89
87
99
88
87
89
87
126
88
92
99
88
88
89
88
88
87
88
88
88
88
88
88
88
88
88
99
89
129
88
88
87
101
88
87
98
88
89
87
88
88
87
89
87
89
87
88
88
88
87
255
88
87
88
88
87
97
88
88
88
88
89
88
89
87
87
87
100
88
89
88
99
88
88
87
99
88
88
88
88
99
88
91
89
88
89
88
101
100
89
87
88
88
91
257
89
97
132
89
88
89
88
89
124
89
88
88
87
88
88
88
88
88
98
88
88
87
88
87
88
88
87
88
88
88
90
89
89
88
87
89
88
88
87
91
89
88
87
88
88
88
88
88
88
88
87
89
89
88
88
88
88
88
91
88
88
88
87
89
89
89
88
99
89
88
98
87
88
102
91
88
88
98
89
99
88
92
87
88
87
88
88
89
91
88
87
100
88
88
88
89
89
88
88
92
87
88
88
135
89
89
88
88
89
91
88
91
88
89
88
88
87
89
88
87
88
91
88
89
126
88
87
88
98
88
88
88
89
87
88
88
87
88
88
88
220
88
88
88
88
135
88
88
87
89
88
89
88
89
88
87
88
89
88
100
88
88
88
88
88
87
87
89
87
89
88
89
88
91
88
88
89
88
88
99
87
88
87
89
88
88
88
98
87
87
129
89
87
88
88
89
88
88
88
88
99
88
88
88
87
92
88
89
88
89
87
89
116
98
89
88
87
89
88
98
99
89
88
87
87
87
92
88
88
88
88
88
89
102
87
88
89
108
127
88
124
87
92
88
89
99
89
99
87
88
88
88
128
87
89
88
88
88
88
90
87
89
88
88
88
88
88
88
87
88
88
88
88
88
88
88
89
87
89
88
87
88
88
92
88
88
88
88
89
87
88
153
88
89
87
90
87
88
89
89
87
89
88
255
89
88
87
89
91
87
87
87
88
88
88
88
88
87
88
87
87
89
88
88
89
98
88
87
88
88
88
88
88
93
87
87
88
89
87
89
88
88
92
91
87
88
89
88
88
88
89
89
88
90
87
88
88
89
88
87
88
88
88
253
89
88
88
88
87
87
88
89
98
88
87
124
87
88
89
88
89
98
87
88
87
88
88
88
89
112
101
88
88
100
89
88
89
88
87
89
88
99
100
87
87
88
87
88
144
88
88
87
88
88
87
88
88
88
89
255
87
88
88
90
89
87
88
88
87
87
88
88
89
88
90
88
100
89
91
202
88
88
88
87
97
87
87
88
89
89
87
100
88
88
87
89
88
88
88
88
132
102
88
88
88
99
88
103
257
88
239
97
88
216
88
88
88
88
89
98
88
98
92
89
88
97
88
89
87
88
97
89
97
87
88
89
88
88
88
89
89
88
89
89
89
87
153
89
88
133
88
87
90
89
99
88
87
88
87
88
88
89
87
87
87
162
88
88
258
101
88
87
88
87
87
88
88
89
88
89
88
100
87
89
88
87
89
88
128
87
89
91
88
89
88
88
88
88
88
88
87
88
88
90
89
89
87
89
88
87
89
87
87
100
88
99
89
88
89
88
87
92
89
89
131
89
87
89
88
89
141
88
88
89
88
98
87
88
89
91
89
87
89
88
88
87
87
88
88
87
89
88
88
101
88
87
89
88
88
88
88
98
88
87
89
89
87
89
88
88
88
89
90
88
88
88
88
88
88
88
89
87
87
88
88
87
100
89
102
88
88
87
89
89
88
87
88
89
88
88
89
92
87
88
87
88
87
87
88
88
88
139
88
88
89
88
88
88
91
89
88
87
87
87
88
87
88
88
89
88
88
88
88
88
88
89
88
99
88
88
88
87
88
87
99
89
89
88
89
87
87
88
88
88
89
96
88
89
202
89
88
89
87
119
88
88
88
87
89
87
88
88
91
88
88
88
88
88
87
87
91
88
88
88
88
88
122
88
89
100
88
88
129
88
89
88
89
87
88
89
87
89
89
88
88
88
87
89
88
88
130
87
90
89
88
88
88
89
96
88
255
89
89
88
88
89
89
225
218
87
89
88
88
88
88
87
87
88
89
301
88
88
88
89
98
88
88
88
89
88
89
100
127
88
87
89
89
88
89
255
88
89
87
88
87
89
88
103
87
88
88
89
88
88
88
88
105
88
87
88
88
88
88
89
91
87
88
89
87
88
89
88
87
134
89
89
87
88
89
87
88
88
87
87
88
87
88
89
87
88
89
89
87
129
88
89
88
88
89
87
89
88
88
100
87
88
88
89
88
89
88
88
88
88
100
87
87
89
88
89
87
90
86
89
88
89
87
89
88
88
89
87
88
88
89
88
92
87
88
88
88
88
87
88
88
89
87
87
223
87
88
88
100
99
87
87
87
88
89
89
87
89
89
89
88
89
88
87
89
88
88
88
87
88
88
90
87
89
88
88
88
89
89
92
101
88
88
87
88
88
88
88
89
87
89
89
89
89
90
88
88
87
91
91
88
87
87
88
88
88
88
89
88
88
88
88
88
89
89
88
89
99
150
88
91
88
88
87
89
89
87
131
89
92
89
133
87
88
88
88
97
88
89
87
98
89
89
99
87
101
88
88
87
89
87
87
88
89
97
88
88
99
88
87
88
87
89
88
88
100
87
89
88
87
88
87
89
88
88
89
87
88
89
88
89
87
88
88
89
88
89
88
110
88
89
89
88
89
88
100
88
88
88
90
88
89
87
99
92
141
89
100
87
87
88
89
89
101
88
89
87
88
89
88
88
88
88
88
89
88
87
87
88
88
87
88
89
93
88
87
88
88
88
89
88
89
88
88
88
89
88
87
89
88
89
87
88
87
87
88
88
89
87
87
132
88
92
88
87
88
88
89
99
87
88
87
88
88
89
89
87
88
87
87
88
88
100
89
91
87
89
88
89
88
88
87
87
89
87
88
100
129
88
87
91
87
88
87
88
88
89
88
88
88
89
89
89
92
88
88
132
87
89
88
89
88
88
89
92
88
89
89
89
88
88
99
87
89
89
89
88
88
89
88
88
88
88
89
101
88
88
88
88
89
88
89
88
87
88
88
89
88
92
88
87
89
89
98
88
88
89
88
93
89
89
95
99
88
90
196
88
88
88
88
89
87
88
87
87
89
88
88
88
87
89
88
88
88
88
88
129
88
88
88
88
99
88
87
87
88
88
130
89
88
89
89
88
88
89
88
87
87
88
100
88
89
88
89
87
88
88
100
87
87
89
87
88
89
87
88
88
88
89
88
88
89
91
88
88
255
88
88
88
88
90
89
88
88
89
88
87
88
89
102
87
100
88
87
88
90
87
88
89
88
91
257
103
88
100
88
88
88
88
88
89
88
88
88
127
97
88
88
87
87
88
128
87
100
99
88
98
89
88
88
99
86
88
88
89
88
88
98
87
88
98
87
88
87
89
88
92
87
88
90
91
88
218
88
88
99
88
88
89
89
89
88
87
88
88
89
88
88
90
98
88
88
89
134
88
88
88
100
100
88
88
89
89
89
89
88
88
89
88
88
88
88
91
87
88
87
88
88
88
88
88
91
88
87
88
98
87
87
88
88
88
88
90
88
98
87
88
88
89
87
87
88
89
136
98
96
89
88
88
92
88
89
89
213
88
89
99
88
88
87
89
99
89
134
93
88
88
128
87
88
88
89
88
88
87
88
88
88
88
92
88
88
88
89
89
91
89
88
87
87
88
245
88
87
88
88
89
91
88
101
88
92
89
89
88
87
88
127
98
89
88
88
88
88
98
89
87
89
89
88
88
89
88
88
88
88
87
88
88
87
88
88
87
88
107
100
88
89
88
87
89
88
194
88
88
87
87
90
88
89
100
87
91
87
98
89
89
87
87
88
89
87
88
87
87
87
99
87
88
87
130
91
132
88
88
87
87
88
202
89
89
89
89
88
89
87
89
88
88
88
88
88
87
88
88
88
87
130
103
88
88
88
88
88
87
131
88
91
88
88
88
87
88
87
89
89
87
88
88
103
100
88
88
88
258
88
88
100
87
88
89
88
87
99
88
89
89
89
89
88
88
88
88
88
88
88
88
87
89
88
87
87
87
88
88
88
87
88
88
88
88
88
87
89
99
88
88
88
88
89
89
88
88
90
92
87
88
90
89
90
88
88
87
88
91
88
87
88
88
88
87
89
88
200
90
91
88
87
88
88
88
88
87
88
87
88
88
99
89
90
89
88
88
89
89
88
87
88
88
89
92
91
91
100
88
89
89
88
88
271
88
89
88
89
88
99
89
89
88
88
89
88
88
88
88
88
88
89
87
92
89
88
88
88
88
87
88
89
87
88
98
88
87
89
89
88
108
88
88
88
89
92
89
87
88
88
88
91
88
88
88
88
88
89
88
88
88
88
94
87
89
90
87
88
88
88
87
87
110
88
89
88
92
87
88
88
88
89
89
87
88
88
99
88
88
89
87
89
98
91
89
87
88
89
88
88
89
88
87
89
88
88
89
87
88
89
88
88
88
88
88
87
88
88
89
87
91
89
88
89
88
90
88
88
88
88
127
88
87
103
99
96
99
87
89
87
89
119
108
88
92
88
87
88
89
92
87
88
88
89
88
89
88
88
88
88
87
88
89
92
88
89
89
88
89
88
89
89
89
130
89
87
89
88
98
89
87
112
88
88
88
89
88
100
101
88
98
88
88
88
88
89
88
89
88
88
89
89
89
89
87
88
88
255
87
101
88
88
88
114
88
102
89
87
97
89
88
88
89
88
88
88
88
87
167
88
97
98
88
98
91
89
89
107
89
89
89
88
87
88
89
89
88
89
88
87
87
87
88
89
89
88
89
89
88
88
99
88
89
88
88
89
88
88
89
87
89
87
101
87
89
88
88
87
87
87
88
88
89
88
88
89
87
87
87
88
88
88
100
89
88
87
88
88
88
89
88
89
89
87
89
89
87
88
88
101
89
89
87
135
89
88
103
133
89
88
87
89
88
87
88
87
88
99
88
89
88
89
88
88
88
88
88
89
88
88
88
87
88
88
89
88
98
89
88
89
88
89
87
87
87
87
90
88
88
97
88
89
88
88
88
88
88
89
87
88
97
87
88
88
88
88
88
89
88
101
88
88
89
89
102
88
88
87
88
91
89
102
87
88
89
99
88
87
89
92
88
88
89
88
88
88
89
88
87
88
98
88
87
89
87
88
87
88
97
89
88
87
87
88
88
87
132
89
127
88
88
87
88
88
88
88
90
88
88
89
87
89
89
88
88
87
89
88
88
98
88
89
88
88
88
88
88
88
97
89
88
87
87
98
88
89
89
88
98
88
88
88
88
88
88
89
88
89
114
98
87
88
145
88
88
89
88
89
88
88
88
137
87
88
88
100
88
99
88
88
89
92
88
88
88
88
88
97
89
99
88
89
88
89
88
88
88
87
88
112
89
88
88
88
88
88
88
88
101
88
88
90
88
88
88
90
87
87
92
88
89
89
88
87
88
131
91
88
87
87
88
87
88
89
88
88
88
89
88
88
203
88
88
88
89
