742
729
787
731
741
738
743
757
729
804
733
754
728
729
744
727
823
768
728
741
729
796
727
726
828
817
723
739
724
738
726
1644
744
727
741
741
733
735
724
740
728
813
752
744
733
742
744
724
741
738
1235
751
733
743
743
744
743
737
724
750
738
743
741
723
742
743
739
784
737
743
1157
742
732
804
723
739
749
729
739
740
723
749
727
736
737
731
1180
1153
733
736
736
792
753
730
738
742
742
723
737
739
782
751
739
741
733
753
743
738
755
724
732
731
742
727
740
742
737
737
725
724
727
733
742
743
797
742
744
739
729
778
730
748
737
744
788
738
736
743
739
724
758
733
737
724
724
767
727
724
738
740
737
730
1318
738
897
733
746
736
756
740
735
801
792
822
727
799
733
724
746
739
739
734
737
724
736
818
740
724
740
728
746
737
740
727
723
727
739
808
742
723
728
727
723
744
740
724
750
738
735
740
787
733
738
731
723
728
739
771
737
727
723
733
738
740
727
725
764
748
786
783
732
724
738
788
743
743
855
741
743
727
736
725
742
740
767
742
724
734
742
732
739
741
755
791
728
724
724
898
727
807
737
724
779
725
738
736
719
741
775
723
725
780
741
732
740
734
741
803
741
728
724
746
739
842
727
740
738
744
812
790
728
814
743
748
739
739
739
729
743
732
733
741
739
736
725
744
736
725
737
751
741
732
723
734
749
740
732
791
759
739
733
787
737
753
733
741
737
739
783
729
728
789
743
749
804
781
736
742
733
732
745
736
738
738
728
734
724
795
727
724
736
746
724
738
743
739
777
777
743
740
745
727
738
740
784
737
724
735
743
742
740
751
735
737
790
731
723
738
763
735
735
740
729
723
741
728
783
794
738
722
740
744
739
729
750
791
737
739
743
741
759
743
730
740
738
730
736
724
739
738
729
739
733
723
742
724
724
738
747
739
737
729
739
737
737
785
776
728
749
724
727
734
743
733
734
732
743
740
744
728
738
739
724
798
754
740
737
739
727
737
740
743
740
733
726
738
727
738
735
724
736
737
743
738
789
734
735
737
723
733
739
724
740
732
787
732
748
733
741
724
743
740
736
732
747
724
758
725
726
727
738
847
724
737
735
751
739
735
724
738
724
724
790
738
779
746
736
737
740
729
739
723
725
776
753
736
728
724
736
734
740
724
740
743
738
723
741
724
814
741
729
737
739
741
743
770
1845
738
724
724
733
724
734
740
740
741
741
727
739
849
739
765
756
743
1671
728
738
739
739
743
732
728
792
743
732
738
784
742
744
731
744
734
744
807
740
736
735
763
734
744
801
723
742
735
744
742
738
739
737
742
742
733
740
789
725
739
737
739
727
739
744
739
792
741
733
738
727
789
745
741
724
740
727
723
724
732
739
758
743
744
741
723
787
743
743
740
745
745
748
755
740
738
741
803
743
757
727
799
753
736
741
746
739
740
724
724
734
738
724
726
740
783
744
727
733
745
733
728
723
742
739
724
738
738
802
1247
988
723
789
734
739
728
796
734
740
740
743
724
747
738
733
740
728
799
743
729
724
790
740
738
739
744
749
741
727
737
734
737
724
1707
728
768
723
738
746
804
735
733
724
799
742
971
738
805
737
738
737
735
732
728
794
793
862
739
749
728
737
736
813
751
727
742
852
797
728
744
1266
732
737
765
724
727
814
733
741
744
743
748
737
738
725
725
725
739
743
727
740
724
728
741
793
787
743
739
724
733
838
735
723
745
724
800
724
736
736
736
733
1321
736
724
783
748
736
741
744
788
740
797
732
752
801
727
794
794
758
737
738
727
742
739
744
785
727
724
734
739
781
724
740
738
739
728
743
737
738
735
739
734
739
734
724
739
737
742
723
740
742
731
739
736
724
738
742
741
824
731
725
806
741
775
738
743
742
738
759
724
731
728
736
744
739
732
746
738
738
728
738
743
741
740
734
738
818
739
727
742
736
736
724
737
734
737
736
745
745
740
739
737
741
797
738
724
725
741
737
742
735
737
748
734
744
727
746
727
723
731
723
732
724
787
735
790
787
790
741
738
743
748
739
729
826
729
743
742
735
791
746
754
751
786
739
723
733
747
1044
725
727
746
731
777
742
737
808
737
794
743
732
747
740
733
739
939
724
731
785
788
746
733
741
741
744
775
743
735
1448
737
741
724
739
744
742
724
740
742
740
735
742
737
764
739
725
724
743
731
724
750
743
734
740
733
734
737
742
738
751
786
738
727
724
744
743
736
739
732
737
724
796
743
737
742
728
812
728
741
724
750
739
732
734
733
738
782
780
740
726
728
733
783
735
728
785
728
795
785
738
739
784
733
791
733
724
790
724
727
748
734
724
739
728
735
785
753
1080
799
741
735
738
729
723
741
738
733
735
738
750
724
734
823
738
725
723
734
739
740
733
782
731
809
738
736
734
788
727
733
739
743
737
743
740
724
797
732
797
739
723
763
734
724
733
744
727
734
743
736
792
724
743
789
723
1143
728
735
723
743
720
728
735
724
723
783
796
733
738
775
741
731
735
738
752
807
739
758
732
737
792
727
739
741
727
733
740
776
724
782
1714
801
736
789
723
1350
738
723
740
1218
738
742
743
741
743
723
738
781
739
741
742
729
723
737
755
728
739
727
733
734
790
743
724
724
728
728
737
724
789
740
723
732
741
806
741
724
790
771
747
759
727
799
737
738
736
734
729
730
742
727
790
738
735
1654
741
724
733
740
724
739
1422
728
744
724
749
742
723
743
724
795
720
723
736
724
728
738
792
727
738
723
737
724
744
737
724
741
789
746
741
736
728
724
724
727
741
779
725
740
735
745
737
737
738
744
733
732
783
740
739
724
729
727
728
790
724
735
748
732
732
743
738
744
732
728
742
734
734
743
724
739
736
797
842
790
743
739
741
792
734
738
739
737
725
795
723
725
740
741
740
908
727
727
786
741
849
739
731
736
727
741
725
725
791
742
791
738
731
742
735
739
756
742
741
737
724
725
733
724
738
728
779
783
1110
788
739
734
723
746
801
739
728
739
725
733
724
743
736
737
732
734
876
749
727
797
724
787
790
741
749
740
737
729
743
739
724
740
733
734
746
764
830
737
733
738
779
736
724
737
796
737
734
763
724
789
752
741
723
723
746
749
746
737
908
778
796
737
799
739
742
725
748
1318
792
724
727
740
788
740
724
790
742
826
741
724
785
738
740
729
740
727
725
724
755
727
733
740
725
747
735
745
728
742
731
793
1000
739
742
746
752
751
728
1272
724
736
742
739
740
789
784
724
737
742
785
731
727
734
739
748
759
728
742
727
745
724
1869
725
782
737
728
737
1509
737
740
728
739
729
728
738
743
727
739
737
742
742
736
741
790
734
725
724
739
740
739
797
741
742
737
743
738
746
739
796
784
800
734
723
724
794
737
781
741
733
731
741
732
741
741
728
737
737
775
738
725
741
742
732
723
744
742
736
738
745
738
724
735
738
737
748
737
738
738
732
741
753
744
748
737
740
741
727
934
733
802
737
736
727
725
739
739
741
729
739
745
823
744
728
739
795
739
787
746
741
741
741
743
734
798
733
743
737
727
742
744
739
787
788
787
727
738
728
780
742
725
736
840
1642
786
738
784
788
742
742
734
737
735
737
739
795
740
739
734
797
740
735
782
785
730
741
739
724
737
741
771
719
741
732
784
735
741
732
739
739
728
745
786
741
732
737
744
736
792
738
803
723
728
734
735
801
723
738
795
739
740
737
732
738
742
724
743
737
723
785
728
740
725
725
745
741
739
738
727
734
725
733
1320
778
737
785
733
741
734
734
738
744
723
741
736
835
775
739
734
823
728
725
806
792
1418
723
792
737
738
742
735
745
794
732
725
744
724
804
728
725
795
739
734
724
738
732
782
779
747
734
734
738
784
741
736
731
737
786
741
728
742
743
739
728
743
741
821
792
791
728
741
739
751
742
739
737
739
738
892
741
728
732
740
733
743
766
740
739
741
754
743
755
780
790
726
728
779
738
743
796
743
725
780
738
740
733
729
739
815
789
739
737
719
743
807
743
739
747
742
782
799
727
728
787
725
734
742
732
737
725
737
790
725
745
727
724
945
728
797
742
724
734
736
780
1544
791
726
744
815
727
742
768
737
735
762
734
739
734
741
738
739
728
741
737
742
793
799
770
723
742
737
740
738
741
738
724
742
727
738
729
1537
748
728
743
748
724
736
738
740
738
741
739
738
735
723
739
743
720
737
719
738
737
742
736
1204
724
734
729
750
742
731
1073
797
739
791
1206
728
739
723
742
738
739
737
797
748
739
741
732
724
727
739
726
727
724
724
739
2237
727
739
727
783
724
739
742
792
738
736
723
734
738
742
732
727
734
723
739
738
741
750
740
736
723
792
735
874
772
737
727
724
745
1529
727
746
724
738
738
738
739
724
739
743
738
805
741
784
733
738
796
738
743
736
739
724
740
734
743
737
724
740
738
753
730
737
724
724
734
734
740
740
728
788
1941
795
810
753
734
728
739
736
737
739
732
734
725
732
790
729
736
738
798
724
770
778
757
728
740
789
792
737
792
735
797
738
739
739
725
732
725
733
743
745
795
737
792
739
739
728
898
805
728
739
744
727
739
727
815
786
728
739
782
754
737
734
724
733
724
728
728
737
723
724
728
740
735
741
936
737
743
740
736
725
740
727
733
741
731
740
778
724
746
735
728
747
724
727
792
741
724
720
739
744
724
736
736
725
742
738
735
801
795
797
737
734
751
740
839
738
737
737
736
795
741
735
735
727
736
737
740
724
797
743
742
741
723
732
732
743
740
729
723
753
746
740
735
745
806
786
747
724
744
795
735
739
727
739
728
737
826
724
808
739
723
729
799
746
740
812
788
781
793
1253
734
741
727
743
738
745
724
745
744
729
737
783
725
729
738
723
732
725
724
746
725
738
732
750
746
766
736
739
734
727
743
744
787
1670
799
728
740
727
730
727
736
739
744
740
797
723
745
728
747
791
803
738
738
1272
740
770
787
737
737
740
730
727
742
734
744
739
770
738
727
749
750
749
725
739
742
724
737
733
737
791
902
815
734
1684
743
739
728
725
739
725
739
725
795
742
745
732
728
732
747
741
787
733
741
741
724
1413
725
756
744
737
740
738
727
742
747
729
738
733
724
739
734
729
740
745
740
1114
742
751
791
795
732
737
738
743
740
793
750
727
735
723
739
739
741
741
728
732
752
747
737
725
724
734
728
745
723
724
737
742
736
738
738
805
745
741
723
738
734
724
732
746
735
750
801
826
812
1260
789
740
738
754
733
724
739
738
737
1109
754
755
725
778
733
740
736
742
728
742
733
733
728
738
737
740
760
793
747
724
747
723
727
724
739
724
736
727
729
807
742
739
743
732
786
727
725
736
751
724
737
798
741
744
736
739
738
743
749
742
739
724
728
741
732
754
793
741
727
783
738
742
739
741
728
746
733
742
742
735
737
728
791
734
750
737
727
1751
739
792
742
750
746
742
796
745
739
808
733
740
730
727
785
728
787
724
727
734
797
738
755
732
729
731
750
732
728
732
727
727
739
743
732
727
740
731
739
728
736
743
744
797
738
734
736
795
724
774
734
723
743
737
846
729
733
742
752
724
724
741
962
743
748
724
792
741
724
740
784
738
741
790
736
728
791
784
740
738
739
751
735
728
727
727
788
787
728
728
730
732
736
772
793
742
733
736
724
728
740
724
725
739
738
795
738
740
739
740
736
729
780
742
738
724
744
733
737
738
741
727
798
742
744
796
737
740
789
795
748
1332
786
723
736
731
743
728
742
733
751
738
755
787
738
729
737
740
738
720
741
734
739
743
724
723
738
742
724
740
734
739
738
735
728
724
737
788
726
737
738
745
796
723
720
727
723
779
723
741
738
737
848
735
743
747
752
722
733
747
747
724
728
730
798
732
783
756
724
725
806
751
1138
792
743
749
744
766
740
724
784
739
784
724
782
734
745
737
731
768
785
1543
745
735
738
724
728
749
792
731
739
738
733
736
793
781
739
794
733
786
732
794
794
772
780
742
738
812
780
1594
723
742
737
740
724
779
745
723
787
738
727
796
724
784
723
734
725
734
732
738
812
739
742
742
724
728
735
728
724
738
784
732
723
723
728
740
785
739
727
727
875
734
739
734
729
746
728
724
738
801
738
741
740
745
742
734
724
733
743
724
741
743
738
778
739
739
744
724
742
731
737
762
723
733
728
724
734
728
742
740
738
740
744
741
738
796
766
728
724
724
723
736
727
744
730
924
736
740
738
737
739
737
727
723
739
728
738
992
739
794
784
757
737
728
737
731
726
805
725
807
738
738
724
739
751
727
728
738
728
737
728
728
743
740
728
728
799
1170
794
743
734
742
2130
750
737
1594
743
734
749
741
740
739
741
733
739
733
724
737
754
734
723
756
738
742
738
733
734
738
724
795
740
725
739
743
728
723
739
800
738
760
740
742
743
755
742
742
734
742
723
728
732
784
1198
728
793
724
733
727
739
739
736
728
758
737
727
736
747
740
852
737
733
729
739
724
739
727
735
756
724
792
741
725
726
741
778
743
741
740
724
727
855
744
727
746
729
724
1493
739
743
741
737
780
787
826
723
738
783
727
734
789
745
739
785
739
807
783
728
743
724
743
733
740
839
723
727
749
725
724
727
728
739
740
737
744
738
790
737
742
731
732
728
740
749
724
732
772
786
796
737
780
740
856
724
737
814
796
732
723
787
733
727
728
775
789
734
739
738
738
795
739
732
728
735
732
728
736
724
733
734
775
741
728
741
724
727
738
781
734
744
773
791
742
727
732
725
740
783
738
742
737
744
739
735
738
783
733
732
727
741
752
725
723
724
731
739
735
778
725
731
751
738
738
802
792
786
725
728
735
733
743
789
739
749
746
796
725
739
738
729
723
727
731
786
857
741
733
728
751
814
728
742
739
723
737
731
750
738
724
739
783
1079
724
740
732
745
738
752
806
751
734
742
736
724
791
754
745
749
742
786
733
742
737
724
737
723
750
741
724
724
743
735
738
789
740
728
791
745
796
728
799
733
724
743
744
739
728
746
733
796
786
737
739
735
725
743
747
742
1474
723
791
740
736
727
727
733
733
777
732
740
778
738
742
747
804
1533
741
789
736
723
723
748
733
738
734
743
735
740
738
728
732
732
793
743
738
738
779
732
742
789
734
724
739
736
738
724
752
737
812
724
739
729
735
738
724
748
736
739
728
793
724
741
740
727
737
737
728
727
741
739
743
794
739
737
743
757
723
744
728
737
723
735
742
743
783
793
742
740
740
785
819
737
745
781
738
752
741
742
792
728
794
725
737
724
740
787
727
739
818
743
789
779
739
738
741
802
736
723
738
750
742
737
742
790
727
742
748
731
734
721
738
746
723
739
727
739
741
750
744
781
740
787
740
723
745
723
737
799
727
741
796
745
734
728
753
724
724
738
748
725
738
737
724
739
727
793
736
788
789
733
742
733
743
737
729
724
727
742
740
740
743
790
723
727
737
727
724
735
729
764
727
747
787
724
742
744
743
731
738
739
733
795
732
743
724
724
727
805
735
725
743
792
728
735
737
738
723
731
738
727
739
747
723
741
736
723
724
727
723
725
739
747
777
723
739
741
743
747
742
742
810
739
744
741
728
724
725
737
724
724
727
738
741
725
749
733
732
754
748
738
723
786
741
743
738
723
744
728
734
738
727
728
736
738
741
742
738
732
729
741
740
735
738
744
740
797
787
739
750
804
783
727
735
789
742
733
728
738
744
740
724
770
903
803
804
725
733
743
723
738
724
742
733
744
743
738
727
792
783
724
743
741
753
728
747
732
727
755
737
737
760
738
738
753
732
734
729
744
795
736
725
736
744
787
728
727
724
729
776
752
789
728
808
724
724
728
740
724
723
789
767
739
740
870
728
723
738
738
723
727
723
847
747
740
742
728
773
742
724
725
728
739
728
741
739
723
726
728
728
741
790
724
724
734
735
740
743
852
774
1793
806
727
733
740
737
723
738
813
734
738
738
804
1400
771
737
734
738
728
734
764
739
737
743
740
791
728
739
797
788
730
738
735
742
739
749
790
738
729
804
743
740
728
798
786
790
731
786
740
740
750
742
737
734
736
745
753
741
724
749
747
741
740
735
1267
738
774
724
723
745
727
741
735
727
1531
741
724
738
796
733
727
739
740
728
731
725
739
750
734
788
739
738
1644
738
729
739
785
749
735
743
733
724
723
790
741
738
749
727
776
745
788
1719
724
727
737
737
740
732
737
723
724
728
724
739
789
727
748
739
799
776
786
731
724
742
1403
739
724
742
723
739
744
725
793
738
724
728
748
745
754
736
751
739
728
724
739
727
724
944
956
748
728
766
739
745
735
793
949
735
743
785
742
724
729
735
750
727
786
734
738
754
729
745
724
741
724
739
723
739
731
737
725
725
728
723
735
799
744
728
723
766
736
735
740
736
740
742
723
771
752
757
728
2384
740
793
738
775
724
732
739
724
728
741
737
742
755
745
738
736
727
747
781
740
727
728
746
738
795
734
747
737
745
781
741
762
749
742
724
724
725
740
736
737
738
791
723
797
796
727
804
738
725
737
724
735
738
735
735
742
748
755
733
724
740
724
739
736
727
739
735
732
729
737
742
738
739
739
790
744
785
736
799
724
729
742
739
739
798
745
738
775
727
748
723
730
787
728
739
792
791
733
732
738
1123
739
724
724
724
745
806
743
743
741
739
723
740
795
738
762
1091
745
790
1286
727
815
732
779
727
734
738
892
789
737
743
739
786
785
949
811
784
748
737
727
738
730
798
740
724
739
737
801
748
733
723
744
748
794
736
723
726
744
732
741
808
742
741
734
737
742
742
738
743
743
740
743
724
739
790
747
728
727
735
741
791
727
732
733
791
738
735
736
739
724
990
724
727
736
742
725
768
781
794
729
732
724
737
821
723
798
737
850
803
745
743
728
723
802
728
725
724
738
724
796
735
739
734
739
742
788
732
741
748
724
737
727
796
738
725
780
816
1935
745
734
739
783
726
743
743
790
741
734
739
728
743
723
793
740
742
723
735
752
733
725
733
723
732
781
742
728
783
787
750
732
747
781
738
737
729
720
737
727
738
738
739
724
744
724
785
791
738
736
724
724
738
734
724
734
751
734
742
727
738
724
737
749
740
736
735
728
737
736
724
743
738
746
738
734
739
736
750
733
794
746
723
738
733
724
736
741
733
737
740
727
728
742
740
