472
426
418
418
424
418
445
428
418
444
422
425
957
425
426
418
419
418
418
418
418
426
422
417
470
816
422
418
442
469
421
423
437
417
423
419
419
425
424
418
418
418
418
430
425
418
418
418
422
424
418
445
424
418
472
422
478
425
472
422
424
425
423
424
475
417
422
469
472
418
422
420
484
428
422
419
418
431
418
421
418
427
418
424
418
421
418
427
428
425
418
426
418
419
428
430
417
467
417
423
418
465
430
418
418
418
429
425
466
418
424
427
417
428
458
418
423
427
422
419
418
426
428
422
431
419
419
418
422
464
425
418
475
481
418
424
418
418
421
418
418
418
422
418
423
418
429
418
474
419
418
419
418
820
418
417
422
490
424
419
422
418
424
418
422
418
418
418
418
428
494
418
425
429
428
424
418
424
474
419
419
419
425
425
418
419
422
478
424
417
420
418
425
422
426
425
418
423
424
424
425
419
419
418
425
418
482
423
420
419
417
423
422
418
418
1039
426
418
432
425
426
418
418
422
418
425
419
421
418
429
418
1078
429
418
420
419
425
425
425
424
422
472
418
423
417
492
418
418
483
418
464
421
472
425
425
419
437
418
429
425
463
460
418
422
421
418
419
422
469
418
763
507
418
422
492
421
418
418
418
421
501
418
418
418
428
467
476
418
419
418
426
418
428
427
479
422
424
422
434
418
428
435
424
418
422
418
965
431
421
418
737
433
418
419
462
419
428
418
419
418
418
418
470
422
418
428
424
418
418
418
461
425
419
418
480
419
423
425
418
479
422
418
418
418
422
422
418
420
426
422
417
423
462
464
418
422
422
420
470
424
425
421
418
418
418
424
418
418
418
424
426
419
425
431
418
425
425
435
418
417
418
1099
472
422
418
422
418
424
418
425
418
1125
421
424
427
418
423
418
424
418
424
424
456
418
469
418
419
426
464
418
425
424
418
418
426
422
424
418
422
426
422
418
496
444
424
418
471
424
426
418
419
473
418
431
424
425
423
424
419
425
1220
422
418
421
426
418
425
418
428
439
426
473
418
435
418
422
425
424
418
422
467
426
418
425
419
424
419
419
418
501
422
475
418
426
419
418
418
425
425
418
467
418
435
429
427
426
419
424
429
418
418
419
425
424
418
418
419
430
418
422
419
427
418
418
426
417
715
425
428
418
474
418
418
428
418
418
423
423
418
428
418
425
428
493
422
421
424
428
425
418
418
418
470
424
419
425
418
422
419
423
418
445
418
422
429
418
418
423
418
470
1169
422
418
426
425
422
428
419
430
424
419
424
419
431
426
425
419
418
418
424
420
418
422
425
430
469
461
425
497
452
418
419
437
418
418
427
418
424
418
508
420
422
418
425
424
419
419
418
422
418
427
1160
418
418
418
418
419
429
418
424
518
468
420
423
423
537
420
419
418
419
419
471
423
426
422
424
422
418
469
424
418
420
424
425
419
419
418
418
471
422
421
426
425
477
422
419
418
506
421
425
425
419
418
420
423
422
467
426
422
424
430
425
419
485
418
418
468
429
431
498
425
499
418
418
426
426
423
422
428
418
526
418
429
418
424
426
480
421
418
422
418
461
421
418
430
422
422
422
424
487
418
418
418
423
418
421
418
418
418
418
423
426
424
422
424
430
429
429
418
428
428
422
419
432
426
418
429
418
417
425
418
418
421
424
418
424
419
418
427
419
423
424
427
431
425
419
430
426
422
418
423
424
417
429
422
434
422
427
418
423
418
423
424
418
424
426
417
427
418
427
425
427
428
419
418
418
418
418
418
599
427
422
418
418
424
419
418
429
436
425
417
423
418
425
425
418
418
425
418
418
424
418
424
641
422
418
476
425
425
428
418
421
494
418
422
426
418
428
418
425
417
422
422
422
419
425
422
424
418
421
426
418
421
462
428
418
424
425
418
418
462
428
477
427
424
418
424
424
418
425
423
427
423
421
425
417
465
433
418
848
423
473
418
419
434
418
422
418
418
424
466
424
419
424
422
418
433
418
650
494
422
418
418
422
419
419
419
418
474
475
417
424
418
951
420
422
500
472
417
422
1228
504
419
418
418
473
425
426
419
447
422
418
1062
418
419
418
476
418
422
418
419
422
424
418
422
419
427
520
418
495
420
425
427
417
425
694
428
428
422
418
418
424
422
430
426
419
424
472
418
419
418
418
418
419
418
418
417
422
479
418
418
418
418
429
424
422
424
425
429
418
418
418
424
418
419
427
469
426
422
467
476
482
419
417
429
422
425
418
419
494
418
421
418
419
419
419
419
1168
419
419
425
419
425
424
425
422
428
422
425
423
418
473
425
418
421
424
464
457
468
426
424
418
419
418
422
429
425
418
422
429
418
418
418
428
418
418
418
422
418
419
418
436
425
425
421
421
418
426
422
419
425
424
419
417
418
432
418
418
419
429
423
419
418
418
465
424
418
419
504
424
418
425
423
430
430
425
419
418
425
419
418
418
419
418
418
418
424
424
429
419
418
418
425
425
419
418
422
422
429
418
424
418
418
419
419
422
419
418
495
417
418
422
425
427
427
421
426
424
419
419
419
426
422
419
430
421
423
418
439
423
469
418
418
418
427
418
424
422
429
417
418
419
418
423
418
426
419
468
424
419
418
430
422
427
417
418
429
419
425
426
428
428
418
421
418
422
422
422
424
418
428
428
418
418
423
469
431
474
424
418
422
419
418
463
424
426
422
429
702
418
418
427
418
418
429
419
422
424
429
425
463
425
418
419
418
429
418
421
418
419
421
422
424
429
426
425
423
419
422
426
419
419
997
418
424
424
418
418
418
417
464
428
420
418
433
464
425
422
423
425
418
419
429
427
428
418
418
422
423
465
418
485
429
428
422
424
424
418
425
496
417
419
418
619
418
419
419
423
422
418
424
418
423
427
419
418
418
422
493
418
418
428
419
422
421
421
418
422
422
418
426
422
418
418
428
425
418
419
422
424
422
428
426
466
418
425
435
481
418
425
417
418
422
472
423
418
419
428
426
418
418
426
430
418
422
422
418
418
419
423
428
418
428
419
428
472
418
419
534
418
425
422
418
425
421
437
417
426
421
418
427
419
423
419
425
419
425
426
418
427
424
419
418
425
418
419
418
418
422
427
427
418
435
419
418
422
418
421
419
418
422
417
418
419
418
422
423
418
422
419
418
450
418
418
425
426
470
425
418
436
426
418
419
424
429
418
418
426
418
423
418
424
419
460
422
419
421
465
418
417
428
424
418
418
421
424
419
422
426
418
418
422
423
421
428
417
419
418
418
420
434
418
420
425
475
417
427
421
429
467
421
419
418
420
418
419
422
422
427
429
423
430
419
418
422
422
489
428
417
418
418
418
459
422
418
418
418
417
427
422
422
419
430
419
417
948
425
423
426
429
428
471
418
427
422
702
419
425
422
422
418
418
422
418
438
474
418
426
425
684
513
425
419
419
418
424
418
501
425
419
418
418
423
418
417
425
427
528
427
473
427
427
422
418
419
418
422
475
425
418
418
422
426
426
472
419
428
424
480
418
419
526
476
428
417
426
429
425
425
417
424
470
422
421
425
419
422
418
425
425
424
418
428
428
418
424
418
422
419
429
427
423
417
423
426
418
418
418
417
424
427
418
430
427
427
424
426
418
706
418
421
417
432
429
418
418
429
418
1108
418
445
425
418
422
428
419
418
427
425
422
425
418
418
419
418
497
426
418
418
418
425
424
422
418
418
471
419
418
418
418
418
423
418
422
425
428
419
425
422
418
425
418
418
425
418
427
425
432
490
419
424
429
484
424
425
419
418
425
468
428
424
427
419
424
418
425
427
417
418
422
419
421
422
427
426
1058
424
426
429
423
423
418
419
418
430
418
429
418
422
429
1116
419
429
423
425
424
420
425
424
418
428
428
424
418
418
418
425
422
424
439
422
417
418
419
477
430
418
426
428
429
419
426
419
426
423
419
1000
422
423
418
425
418
429
418
418
421
424
428
423
423
430
425
421
426
427
427
649
418
423
418
425
427
422
419
423
418
428
418
426
419
418
419
419
422
430
425
418
418
418
426
419
430
418
461
424
418
418
423
418
418
418
417
425
418
418
422
439
471
425
424
430
422
422
418
418
426
422
424
418
422
428
419
421
425
422
428
471
418
1229
429
422
418
418
429
426
418
419
425
425
425
422
418
425
428
427
422
418
417
418
425
426
473
421
419
421
425
418
418
431
458
418
422
424
419
427
421
418
425
426
425
1225
419
422
473
423
424
423
418
418
426
428
424
418
423
418
476
419
429
418
418
418
426
418
427
465
422
424
418
418
419
418
425
425
418
418
422
426
423
418
419
470
422
418
418
425
423
418
424
422
426
425
427
418
418
427
419
421
419
418
417
431
418
421
424
418
422
424
425
419
418
418
418
429
418
425
465
418
422
430
481
418
419
418
424
422
428
417
425
418
426
427
425
427
419
418
422
437
439
422
429
465
418
427
426
422
418
419
424
426
429
422
423
418
474
418
418
427
419
418
467
475
417
422
418
430
418
423
422
426
483
468
418
419
418
418
418
422
418
418
427
421
418
419
419
422
425
419
418
417
419
1118
1227
424
418
419
423
418
425
425
435
418
418
425
422
423
422
425
419
418
419
422
485
429
427
424
423
418
418
422
418
418
422
418
425
418
425
418
425
417
422
422
493
419
417
421
729
418
418
418
418
418
424
418
431
418
954
418
422
497
479
425
422
418
425
418
418
424
418
418
424
418
420
426
425
418
421
422
431
417
422
971
424
418
418
424
427
419
418
423
418
930
424
424
418
941
1138
418
418
419
468
805
418
427
465
423
422
422
418
418
424
470
418
418
418
422
418
424
420
418
423
427
419
433
424
423
422
418
423
418
425
418
419
425
424
428
426
418
418
422
418
425
430
423
419
418
425
436
418
424
429
423
425
427
428
425
430
428
418
418
419
418
419
418
419
418
424
419
418
422
418
418
419
422
418
418
422
466
424
419
473
419
424
418
426
419
418
419
1223
423
419
419
422
424
419
419
418
418
421
425
467
468
423
426
1018
419
418
419
418
1193
418
423
427
422
470
426
425
418
423
432
432
422
419
418
426
426
418
418
421
424
423
474
424
418
427
418
470
418
421
418
418
423
424
424
418
479
417
418
418
429
418
422
1265
425
418
420
472
422
434
490
428
425
418
418
419
426
418
418
418
427
418
418
418
730
418
468
424
426
428
424
424
421
418
430
419
417
472
422
433
428
418
426
429
427
418
469
418
418
427
468
418
426
427
426
475
421
418
428
419
422
418
419
424
421
418
536
421
419
419
418
419
430
418
418
469
418
418
425
422
418
418
417
418
432
420
418
418
425
418
418
423
418
418
427
419
418
432
418
424
418
419
418
425
472
418
427
418
467
418
421
418
418
424
425
428
425
422
425
421
426
427
418
428
425
418
428
422
422
425
418
472
419
432
479
419
1037
418
418
425
425
418
418
418
418
473
424
418
418
418
421
422
418
419
426
417
418
422
1179
418
418
422
425
421
422
422
418
418
418
422
421
422
457
427
418
438
425
418
425
418
444
576
422
489
425
428
419
419
419
429
422
418
461
478
418
491
422
424
419
428
418
418
479
428
418
427
418
418
418
418
419
748
418
419
427
423
418
423
418
426
429
418
426
418
425
419
419
424
422
422
419
419
425
418
419
418
421
425
429
419
422
418
424
421
425
418
422
419
418
418
424
425
417
454
425
418
419
418
418
419
419
976
427
958
419
467
424
418
418
421
426
418
418
486
419
417
422
422
419
422
418
424
418
424
421
422
418
428
471
418
418
422
422
419
419
422
418
507
422
428
485
424
426
424
418
418
425
418
426
418
425
418
422
418
419
422
424
505
418
422
422
425
422
418
418
432
422
422
424
428
419
424
417
418
455
421
418
418
418
419
424
422
423
418
422
423
418
426
429
429
619
427
421
418
418
471
418
473
422
469
418
425
421
417
429
480
419
418
419
469
425
419
419
426
418
426
428
425
425
418
418
493
418
431
426
419
424
427
418
421
422
418
428
425
418
418
424
424
585
418
419
426
433
422
418
417
419
422
455
418
430
427
422
418
418
492
422
418
425
418
425
418
418
422
428
417
418
424
417
425
418
425
418
426
422
419
418
422
418
425
425
422
422
418
423
422
445
418
459
421
425
418
427
422
419
424
481
424
473
419
418
420
424
418
427
1220
418
418
418
424
418
429
1130
426
425
425
418
424
422
468
418
425
425
417
418
425
418
418
420
425
424
420
418
425
427
425
418
427
418
952
431
419
431
424
418
429
424
418
418
429
427
422
418
428
422
464
424
422
424
473
418
422
424
428
423
418
425
427
425
422
418
862
435
426
419
418
418
418
418
418
418
418
436
423
423
425
418
426
422
425
432
435
430
418
427
426
428
425
418
418
429
423
418
419
421
423
419
425
803
421
419
418
436
419
419
418
417
418
429
418
426
426
494
426
418
418
427
418
418
419
424
430
418
422
421
419
427
469
418
418
418
430
429
422
418
419
419
417
426
419
417
428
418
471
427
419
468
418
418
422
424
425
418
418
418
428
418
424
419
418
470
426
419
424
424
418
419
418
421
418
422
422
422
427
419
418
424
462
418
418
418
465
418
425
425
428
418
425
429
418
419
423
428
423
420
425
424
479
422
422
419
418
418
465
418
424
490
418
425
419
418
427
428
435
418
432
423
422
418
434
418
428
1052
481
424
429
428
418
419
419
424
424
494
481
419
424
425
418
424
419
418
419
422
422
418
1115
424
418
425
426
422
418
420
419
418
422
418
418
419
429
422
418
479
417
558
419
471
424
418
419
418
422
421
427
427
419
419
429
418
418
425
418
422
423
419
422
424
425
425
545
437
587
418
419
424
421
471
423
425
418
418
424
427
422
418
426
418
418
491
423
419
425
428
418
425
425
423
428
418
425
424
425
418
422
418
586
424
429
419
426
422
418
494
421
418
419
428
428
433
418
419
417
422
428
625
422
418
505
426
426
418
418
425
419
418
418
425
426
418
1086
422
418
425
422
424
430
421
494
418
418
468
422
440
417
422
427
428
422
424
485
418
424
438
419
428
422
418
418
419
562
1219
425
422
422
418
422
423
418
849
417
419
468
419
419
418
423
426
418
418
418
424
424
428
473
418
475
418
467
418
417
419
419
418
423
490
476
419
417
425
419
419
417
419
422
418
425
419
422
418
422
425
428
418
422
427
472
423
423
425
418
420
418
418
426
418
418
425
418
422
428
419
424
427
429
422
424
425
418
425
418
419
419
423
426
418
418
423
420
426
426
422
422
418
418
423
419
419
418
418
418
429
428
422
424
418
418
428
424
418
419
420
425
422
418
473
421
422
419
427
425
424
422
429
427
423
419
418
418
424
446
419
423
427
425
418
421
428
424
421
423
433
418
424
418
422
500
418
429
428
419
418
417
419
426
418
422
422
421
421
424
424
472
418
423
420
418
424
469
418
427
418
425
424
1214
422
418
418
425
1235
494
418
425
475
425
422
425
419
418
418
421
432
468
418
425
446
421
425
428
430
422
418
419
418
462
471
428
422
423
417
423
468
418
418
433
424
419
418
424
418
418
471
422
418
418
422
425
427
418
429
417
419
422
422
418
418
418
418
419
481
419
424
418
419
418
422
418
418
428
422
417
418
422
424
467
418
422
424
430
419
418
424
418
422
421
418
418
424
422
419
418
423
425
425
428
473
421
428
418
423
427
455
433
418
425
911
423
419
418
430
422
425
501
418
421
418
419
425
418
420
418
422
423
418
418
422
419
470
1097
419
427
419
425
424
425
422
423
419
422
479
418
428
421
424
499
422
422
425
418
425
418
427
427
422
418
418
419
418
423
428
418
418
426
525
425
537
418
418
424
424
418
429
419
472
422
418
423
423
418
418
425
430
418
418
418
419
424
425
422
418
418
420
427
419
424
418
419
424
422
436
428
422
426
418
422
425
426
418
419
418
418
1225
426
499
419
469
424
424
418
418
491
493
418
418
490
424
418
421
467
424
425
423
419
417
419
474
435
424
474
419
419
475
418
423
491
440
418
418
418
1221
424
425
427
454
424
418
418
424
426
418
418
420
422
428
424
418
468
423
1218
418
431
422
418
417
426
418
419
425
418
419
426
426
479
418
424
418
422
425
418
418
425
418
418
436
425
424
418
419
422
422
419
423
418
418
418
506
421
482
418
425
427
430
422
505
440
418
422
431
494
437
424
468
424
419
422
430
424
425
418
418
418
425
419
422
1217
419
418
418
418
421
425
481
424
418
428
425
435
432
421
418
424
484
421
419
418
418
418
424
426
424
425
421
418
428
419
418
423
424
425
417
436
422
428
467
425
421
469
438
427
418
420
418
435
428
424
418
419
422
424
417
422
419
428
421
422
418
418
427
424
419
419
425
419
469
425
422
425
419
422
427
417
495
426
419
423
424
426
424
420
418
435
418
429
430
418
418
424
436
418
418
422
419
420
418
422
418
418
421
418
424
417
418
418
418
418
431
418
418
459
424
418
465
420
424
427
418
484
429
418
475
419
422
418
425
418
418
425
422
422
428
423
422
422
423
418
426
418
427
419
418
418
418
418
425
427
471
419
427
429
418
421
424
418
418
424
428
418
472
418
426
419
419
427
422
418
428
424
425
418
431
424
428
418
465
431
418
424
424
418
473
425
419
418
418
422
418
427
422
418
422
418
418
419
534
419
418
429
419
428
418
418
418
419
425
418
428
418
429
429
421
477
429
436
425
419
469
418
422
418
427
418
419
421
425
418
430
421
419
419
424
422
422
428
436
418
424
422
422
418
422
422
418
424
418
419
464
418
422
417
423
428
418
424
418
418
428
424
424
418
418
426
418
423
426
418
417
418
419
418
495
422
420
418
418
425
418
418
419
418
419
425
427
425
418
418
422
421
417
419
424
424
418
419
417
419
418
573
421
425
418
428
421
428
422
421
470
418
425
418
418
418
424
426
418
418
419
433
429
426
418
418
418
419
419
429
428
424
424
430
427
418
418
418
423
418
418
424
419
427
419
427
462
468
422
422
476
425
422
418
419
423
422
418
418
419
424
440
427
424
419
418
423
496
421
426
424
422
419
418
422
420
418
425
419
418
418
421
418
418
418
426
421
428
418
422
428
419
424
424
418
419
419
417
419
424
423
418
417
427
419
419
425
426
418
427
428
423
417
425
424
425
419
422
425
418
423
418
419
418
426
425
419
418
419
425
429
423
467
424
419
418
418
422
424
426
571
419
422
465
423
426
425
419
418
424
418
428
949
424
429
424
425
418
418
418
1220
429
421
418
424
423
425
425
422
417
422
435
425
422
472
465
418
418
418
422
418
418
422
419
429
419
422
431
425
425
418
419
465
417
428
419
418
418
418
427
419
427
429
419
422
442
418
422
422
428
418
418
426
419
418
425
468
426
418
428
429
425
429
422
495
418
418
423
424
429
417
426
466
418
423
418
418
420
429
424
422
417
419
418
443
470
418
422
434
429
419
424
425
422
476
418
466
434
418
422
433
488
425
422
418
420
422
422
424
428
427
419
418
709
419
417
479
425
418
474
478
422
423
430
431
424
422
418
418
418
427
418
419
419
422
418
424
418
425
418
418
418
419
419
427
418
441
466
475
425
419
422
654
419
424
424
424
418
418
423
424
427
425
422
425
428
418
418
420
425
470
424
475
424
418
425
429
468
418
419
419
418
429
501
422
422
418
424
418
418
422
423
418
418
419
424
427
426
424
423
418
418
422
425
419
422
419
425
419
428
422
418
419
421
418
418
474
432
418
419
418
418
419
424
418
418
419
665
423
418
458
1082
418
969
424
418
425
418
422
419
419
425
418
425
428
424
418
419
418
418
422
483
431
424
425
419
424
422
419
418
490
422
419
418
418
424
428
427
422
418
419
422
426
426
419
423
423
429
420
472
426
418
419
418
417
425
418
429
418
419
424
423
422
422
423
419
418
424
467
418
425
996
434
425
418
419
424
425
418
418
421
428
428
418
418
424
418
422
418
424
425
417
422
456
418
422
425
431
418
421
422
418
418
428
426
418
419
422
419
419
423
424
418
418
418
424
419
423
424
417
472
425
418
464
541
489
468
417
583
417
418
419
424
418
418
418
422
418
419
424
422
419
418
425
422
418
472
418
418
428
425
419
419
422
418
418
428
418
825
472
531
418
426
419
418
476
426
424
424
418
417
419
425
509
425
418
419
418
425
479
425
421
418
463
419
418
418
471
424
418
418
419
424
429
425
418
459
425
425
418
418
418
421
418
426
418
422
423
418
418
427
423
426
536
1097
425
428
429
419
418
426
467
739
418
419
418
419
1051
418
426
469
423
430
430
424
497
418
418
425
421
426
425
418
425
426
418
422
425
419
425
470
425
418
418
422
429
426
419
1071
419
427
419
418
481
418
469
429
418
428
423
418
426
422
459
425
422
425
419
418
421
418
418
420
419
418
419
470
418
418
419
418
508
426
422
424
473
419
418
425
419
419
423
418
419
425
419
424
427
424
418
419
418
421
422
423
468
421
418
426
418
419
425
424
422
425
418
418
420
419
427
422
425
425
474
418
468
422
429
422
423
422
419
422
422
761
418
418
426
419
419
418
418
423
418
418
424
421
422
418
424
418
422
425
425
427
425
428
428
421
424
428
422
418
418
422
418
426
642
423
418
419
418
418
428
418
418
425
425
424
418
417
418
513
418
468
884
418
426
426
418
425
424
422
427
418
425
428
418
422
478
428
461
422
418
423
425
427
427
429
418
418
456
422
418
425
418
420
419
418
418
418
422
468
419
424
419
417
435
419
422
428
424
418
427
427
418
417
427
418
424
418
424
417
426
418
426
422
418
418
470
425
424
419
418
417
419
423
466
419
426
425
418
418
424
423
419
418
431
427
418
418
418
469
423
418
418
418
426
425
469
422
428
418
424
423
424
418
423
418
419
1105
419
422
425
418
425
419
418
418
422
428
422
643
435
418
421
425
417
428
422
423
418
422
469
419
419
426
427
469
419
422
845
429
424
424
424
422
425
418
419
418
418
428
418
425
425
418
476
476
422
418
418
624
425
418
424
422
481
428
418
418
418
418
475
421
418
422
419
419
418
418
418
463
422
421
418
428
418
425
418
424
425
418
418
430
422
430
424
426
418
429
419
422
418
424
424
424
436
435
422
428
424
426
421
470
428
421
424
419
424
422
418
418
418
418
436
419
418
422
425
473
418
420
418
418
425
432
418
418
419
418
419
425
421
418
554
420
429
427
418
422
436
423
424
424
430
425
421
425
418
418
426
418
510
421
418
429
470
418
427
417
419
418
430
418
473
426
418
423
424
419
418
423
425
418
429
420
429
419
501
427
426
422
419
423
424
418
419
418
430
470
425
424
426
425
422
425
424
418
418
426
422
419
419
422
422
430
430
472
424
427
423
472
418
422
418
419
418
418
990
422
418
422
423
447
419
474
418
421
439
1255
422
427
422
418
418
429
419
418
418
473
418
422
418
418
418
424
428
418
418
425
418
429
429
422
425
425
424
428
419
419
425
429
419
422
419
418
418
425
428
426
421
422
428
418
425
467
418
428
425
426
481
418
426
425
421
418
418
424
418
418
418
426
430
417
422
419
1003
426
425
462
418
418
429
417
423
424
419
418
426
425
1223
418
427
437
425
418
424
464
418
424
741
418
485
428
428
418
429
425
426
422
419
418
419
419
417
419
493
419
428
429
425
422
419
418
425
458
466
431
419
422
423
419
418
418
473
418
424
418
473
467
421
418
418
425
424
419
418
419
423
418
425
466
418
427
419
425
495
419
422
468
419
421
418
417
429
426
421
428
468
419
429
422
422
430
418
425
418
417
505
419
422
418
419
418
418
419
464
425
419
422
428
418
426
422
425
418
420
418
419
430
426
426
458
431
470
432
426
418
418
1105
421
627
419
423
419
466
419
418
560
467
426
494
418
421
422
419
424
418
420
419
417
418
418
418
418
417
471
419
418
419
418
425
426
428
487
422
418
418
423
422
418
420
418
424
420
423
424
428
581
418
422
418
428
424
422
419
418
424
418
426
418
418
422
473
419
419
423
417
418
428
425
429
418
418
418
418
418
421
428
431
418
423
418
419
419
418
418
426
424
422
508
423
418
429
419
425
419
431
421
418
418
427
418
425
418
435
418
422
424
468
425
419
418
467
418
418
422
418
428
428
418
422
703
430
522
421
426
420
425
426
946
517
425
427
418
419
423
426
419
429
438
907
421
425
424
419
429
422
419
426
477
425
514
419
418
418
418
418
418
422
424
418
421
422
419
418
418
418
475
418
425
423
418
418
422
423
418
422
430
430
425
424
425
418
431
425
418
418
425
419
429
426
419
425
418
417
418
418
474
418
419
474
418
419
425
418
418
421
418
418
419
422
418
424
471
418
419
418
423
418
425
418
418
418
418
471
418
423
422
418
429
419
468
419
428
418
430
428
419
418
418
418
418
418
417
417
423
427
418
422
417
425
418
419
446
423
418
419
425
418
427
422
427
426
469
496
418
418
425
426
419
418
427
419
419
426
424
422
486
418
418
426
417
424
425
419
425
417
417
423
423
471
419
418
425
418
425
418
430
418
422
423
425
418
418
421
419
418
421
423
418
418
424
427
429
418
418
424
417
422
423
430
419
423
418
476
422
422
418
428
420
425
497
421
425
418
429
445
458
418
430
418
418
419
426
439
439
424
418
422
418
454
419
419
474
425
963
419
435
427
426
418
419
425
418
426
419
418
429
421
418
426
469
467
422
432
418
422
421
418
429
471
428
478
422
423
419
429
473
421
418
419
473
424
422
424
422
418
422
425
418
418
428
422
425
505
426
419
466
429
418
444
418
425
428
421
424
423
425
418
419
424
424
417
495
467
424
422
423
426
424
418
473
418
418
417
421
424
418
421
422
418
418
422
418
430
951
418
418
422
422
469
418
418
426
418
1224
419
418
429
429
429
418
428
418
425
419
429
422
429
424
418
425
421
425
425
418
421
423
436
425
418
419
422
425
418
427
1091
524
417
419
422
418
466
418
424
426
418
419
418
424
427
422
423
418
425
417
424
906
418
422
423
418
425
469
427
427
422
426
418
424
419
426
418
430
418
425
419
424
418
419
430
421
422
423
417
423
423
422
418
419
424
418
419
418
418
418
418
421
425
417
425
423
418
490
418
1050
418
422
418
419
418
422
419
425
417
428
424
429
417
424
471
881
418
422
418
418
421
469
418
418
426
657
422
426
419
422
419
419
425
428
418
428
425
426
418
476
423
418
418
421
425
430
422
418
427
419
422
425
425
423
424
418
418
418
423
419
422
417
424
418
419
422
428
427
422
418
422
424
430
418
418
421
418
424
418
419
418
418
418
424
419
419
418
419
488
418
422
425
469
418
420
471
419
482
418
418
418
419
426
473
425
425
418
420
423
418
418
419
473
418
422
419
430
419
418
425
418
428
422
421
428
428
422
419
471
429
419
423
418
422
422
425
418
423
418
418
471
421
426
418
424
422
425
422
421
427
427
419
418
418
418
428
427
418
418
422
418
419
418
435
428
418
418
437
419
422
418
423
427
423
420
425
418
424
425
422
418
473
427
433
422
424
418
470
418
422
429
418
422
418
469
424
420
418
418
462
419
419
418
418
421
419
471
418
418
418
418
422
427
424
425
426
422
472
426
418
418
418
437
418
961
1216
428
418
418
422
418
425
472
418
417
425
418
430
467
421
418
419
418
422
429
418
418
463
421
418
418
418
418
423
422
425
428
462
418
418
418
418
424
422
418
423
424
422
418
422
1047
422
418
421
422
419
428
422
425
423
423
426
418
419
424
422
418
418
419
418
424
424
429
418
425
426
431
419
952
430
419
424
418
429
430
472
423
418
424
425
422
423
795
473
418
427
419
425
421
424
418
466
419
426
427
418
418
429
426
427
752
429
422
418
427
418
418
425
427
418
419
424
1221
422
419
419
427
422
428
424
423
423
421
428
422
425
479
423
418
419
419
418
421
422
425
425
418
473
420
418
424
418
425
418
425
418
422
418
1218
436
425
424
418
418
423
418
419
480
450
603
418
418
419
427
424
418
418
418
476
473
431
418
419
419
419
418
419
418
418
423
426
423
418
423
418
419
419
423
423
419
418
423
473
422
430
419
419
461
418
422
418
423
418
423
425
469
426
425
474
497
426
418
424
418
423
503
424
422
418
418
419
418
418
419
421
422
427
418
422
425
427
429
421
425
418
423
462
418
425
425
418
422
424
425
421
427
418
424
418
428
427
422
418
427
422
418
425
424
422
418
418
468
487
419
425
419
418
472
442
424
422
424
429
422
418
424
419
425
425
424
475
418
418
420
418
422
418
418
419
961
427
418
418
424
422
429
418
427
418
418
423
429
428
469
425
418
426
418
422
427
418
523
438
430
422
418
425
418
421
426
422
425
426
425
418
418
422
426
422
425
423
429
423
419
419
421
422
423
751
512
424
418
468
418
418
425
483
418
426
426
418
418
426
426
418
418
418
424
417
418
419
426
418
423
420
419
418
419
419
491
418
419
423
424
422
418
421
428
419
474
419
419
485
467
425
425
469
426
478
419
417
425
418
419
422
426
427
427
419
418
419
417
473
429
417
424
424
417
418
422
471
417
423
425
418
468
426
419
419
951
419
472
419
422
518
418
422
474
419
428
425
425
419
418
470
421
418
422
422
418
418
419
428
422
425
427
422
417
424
956
424
418
427
428
425
425
419
429
425
418
419
429
419
420
418
426
418
419
427
422
418
425
419
425
418
419
422
459
473
418
472
424
419
418
565
425
420
421
422
419
422
418
426
427
419
490
418
425
424
418
429
492
423
428
418
422
428
430
419
425
419
418
423
419
417
418
513
419
418
424
422
418
426
422
423
418
422
421
597
419
419
426
418
419
422
422
418
421
422
432
422
480
429
418
417
664
419
418
422
425
427
419
418
424
420
419
418
418
429
418
422
418
419
468
470
469
418
492
422
419
418
425
418
501
418
421
445
418
422
476
427
418
434
470
425
426
418
425
430
422
422
418
419
419
423
418
420
418
478
419
418
419
417
418
419
428
418
418
419
427
424
421
426
418
418
418
488
426
429
474
419
424
425
428
418
419
422
428
418
418
418
427
422
418
419
422
473
418
496
422
419
435
468
426
420
418
424
418
428
427
418
419
426
419
421
422
417
422
418
428
418
418
422
419
424
422
421
425
428
429
418
423
418
428
419
418
422
419
431
418
419
830
419
423
419
418
424
463
422
429
427
418
418
423
423
422
418
424
424
425
418
419
423
426
418
418
418
426
418
424
422
421
418
425
419
419
418
418
419
429
417
418
424
420
426
422
418
418
481
1055
426
427
425
418
418
418
422
418
418
469
423
418
425
425
419
417
428
428
439
422
427
424
418
418
465
425
419
422
418
422
428
424
424
424
473
430
418
752
418
424
418
427
424
425
419
418
424
418
418
424
430
485
418
418
419
419
419
431
419
418
418
466
428
425
425
431
426
425
424
429
429
419
418
418
1220
424
422
417
422
914
423
418
419
426
429
478
426
425
418
423
422
418
423
424
424
418
473
426
424
418
417
422
419
422
424
418
418
417
426
419
424
419
422
498
472
424
418
429
428
419
422
419
1219
421
422
418
418
423
422
422
421
424
707
496
422
418
418
452
418
419
427
422
425
1124
426
423
439
431
418
426
418
417
422
426
430
423
440
418
427
419
423
419
428
425
421
430
418
418
474
418
418
417
419
418
838
421
417
418
418
433
426
425
428
428
424
423
422
428
417
466
423
418
418
424
418
418
425
418
418
420
468
419
418
418
429
418
424
418
424
427
422
422
418
422
418
425
419
471
422
419
423
1089
419
425
422
433
419
418
484
423
426
418
424
421
422
419
418
419
418
418
426
417
424
426
424
418
435
422
425
426
428
426
463
418
429
422
422
418
418
512
425
427
421
418
426
418
421
418
425
426
419
424
418
422
418
424
423
473
418
418
421
419
424
418
418
424
474
419
418
418
428
486
419
418
417
418
426
422
418
426
419
418
419
419
422
427
428
462
468
429
419
418
426
418
418
427
424
425
474
419
418
418
423
422
418
469
418
425
418
418
422
422
427
423
952
419
422
419
424
419
422
422
417
467
418
470
418
419
418
417
468
425
425
425
417
420
418
424
418
465
422
425
418
422
424
425
428
422
422
424
427
427
418
425
419
423
419
418
555
462
464
421
419
418
431
422
425
429
424
422
422
419
418
421
427
470
425
425
419
462
424
430
418
418
424
422
428
418
418
425
465
418
971
418
422
418
425
418
425
419
425
417
419
419
1229
470
418
419
419
418
418
474
422
466
419
425
423
424
473
429
418
421
418
428
424
680
428
418
425
418
422
424
424
420
421
419
418
418
418
424
422
428
425
426
425
418
426
418
418
429
424
419
422
421
488
493
428
468
419
424
419
460
471
419
425
429
418
423
427
476
424
418
419
420
424
417
425
423
424
422
473
419
418
424
422
423
418
418
418
468
417
422
425
418
419
419
952
422
427
418
425
426
419
434
418
418
421
422
468
429
425
425
422
419
422
428
428
422
429
418
428
428
429
425
422
422
418
422
425
428
419
423
500
419
427
418
425
427
428
418
419
429
467
426
424
418
436
418
476
427
465
426
472
419
425
418
418
422
422
418
422
418
422
421
422
424
418
425
418
418
418
418
425
422
418
423
466
418
430
424
424
425
419
419
423
418
421
424
467
423
470
433
418
427
506
424
418
425
419
418
424
425
468
429
421
418
419
418
423
422
419
429
427
429
1034
422
426
418
418
427
425
419
428
418
419
420
430
425
418
886
418
422
418
418
418
422
423
419
418
418
418
428
428
419
470
437
418
418
419
418
418
418
428
457
418
425
422
421
425
418
422
418
417
430
422
426
418
425
422
468
418
422
424
419
428
422
470
419
422
446
427
425
422
427
418
428
423
418
422
418
418
418
419
439
424
424
422
423
423
421
420
419
419
418
422
418
423
422
474
462
418
418
668
418
418
423
418
524
422
430
419
423
418
430
418
422
418
418
418
424
424
418
418
424
472
423
418
426
423
418
424
418
425
425
470
422
418
422
422
428
488
418
418
418
424
424
418
465
466
418
432
438
425
429
418
420
425
429
419
418
418
418
419
421
422
418
419
423
418
418
422
422
419
419
425
425
418
424
425
436
418
481
423
428
425
421
418
427
422
469
419
428
418
418
469
419
441
426
472
429
422
418
424
419
474
424
478
421
477
418
425
421
468
418
418
424
418
426
473
422
418
418
428
427
418
418
424
418
426
418
439
424
422
468
422
417
422
422
418
424
418
423
423
424
421
421
418
419
422
425
419
499
418
418
423
425
418
423
419
425
419
418
426
497
426
418
419
427
431
429
418
418
418
425
418
426
418
422
423
424
418
418
424
422
1238
421
438
421
419
418
423
519
468
418
426
419
418
426
421
418
426
421
429
423
422
426
425
422
423
418
920
423
425
433
428
424
417
419
418
418
418
418
425
424
418
418
425
428
427
418
427
439
418
418
427
424
418
464
425
423
418
418
749
426
470
468
418
419
485
419
426
424
426
418
424
418
470
426
464
418
419
418
418
426
418
703
419
418
421
424
419
418
418
418
418
424
424
418
418
471
425
458
423
1222
422
418
461
421
425
418
421
419
425
418
425
430
418
418
418
429
418
424
422
421
418
418
1231
418
418
423
506
426
445
418
418
476
421
425
425
417
422
427
423
422
418
425
418
424
428
427
418
423
418
419
418
422
418
418
422
425
420
424
425
418
424
419
421
422
418
467
425
418
422
427
424
424
418
427
419
418
422
424
424
418
422
419
429
419
422
422
424
418
424
466
418
419
425
425
417
423
419
461
418
422
492
422
422
422
423
419
421
434
419
422
422
425
419
423
422
424
422
422
418
418
426
421
424
419
418
428
418
419
429
418
418
426
418
425
425
418
421
427
419
477
425
425
1223
422
422
418
419
425
425
418
423
471
425
419
423
423
428
430
418
431
419
432
418
426
474
421
1062
866
418
424
418
425
473
422
422
427
429
424
425
424
429
429
1050
420
418
417
426
428
423
426
425
418
418
418
423
423
419
422
423
419
418
418
418
431
418
421
419
419
431
421
489
418
761
425
428
430
466
418
418
418
424
422
418
425
422
478
423
466
425
418
419
460
419
418
424
425
422
424
418
418
429
425
418
421
418
417
425
423
421
418
425
428
418
419
422
422
418
418
422
474
426
419
419
418
425
418
421
423
417
419
418
424
424
515
426
429
419
424
418
422
428
427
426
418
418
425
422
430
418
423
426
427
425
426
425
417
418
422
428
419
418
418
425
472
428
419
418
421
418
418
425
424
471
418
425
418
418
949
422
420
418
426
426
418
418
418
418
418
424
418
425
419
425
418
477
423
418
418
419
418
427
422
432
419
419
418
418
422
425
418
418
424
419
418
480
418
429
418
423
426
419
426
418
419
428
418
419
418
418
418
426
424
426
417
454
426
421
421
424
437
433
418
423
418
419
425
427
418
422
419
1155
418
425
430
425
425
420
422
418
420
425
425
418
427
419
418
419
430
425
418
418
422
425
427
424
425
429
417
424
422
417
418
422
419
418
425
418
422
418
419
429
427
423
422
418
418
418
425
418
421
425
419
419
418
418
418
419
465
435
418
422
423
424
429
421
425
419
478
418
419
418
422
418
423
418
427
418
418
418
425
418
476
421
425
425
432
473
417
418
429
425
419
428
419
426
419
418
468
429
424
476
425
418
418
442
422
418
422
424
468
426
424
476
424
418
422
424
465
430
419
429
426
418
422
418
478
427
421
425
422
424
467
425
427
418
418
437
507
423
418
418
428
418
425
418
421
418
418
425
418
418
418
523
418
418
419
424
418
418
422
418
422
418
479
427
424
429
425
418
425
424
429
425
426
418
417
426
419
418
467
419
418
423
428
428
418
419
426
418
419
422
422
419
418
422
425
418
429
418
419
418
425
418
427
428
424
418
421
474
421
418
429
423
418
419
470
426
474
426
418
464
424
418
418
418
417
419
438
418
428
418
418
422
499
428
426
418
418
422
467
418
417
425
423
419
418
424
418
418
459
418
418
426
418
418
428
419
419
426
424
427
422
418
426
418
428
425
418
418
466
418
426
424
418
424
951
429
424
425
418
418
418
418
425
425
466
427
428
422
422
470
418
418
422
423
419
422
426
422
418
466
418
418
421
425
421
418
424
426
429
418
418
423
418
418
418
418
428
424
419
426
418
419
738
425
418
424
421
512
418
418
435
418
423
463
419
418
455
419
418
418
422
418
428
418
423
419
426
425
425
418
418
470
433
418
417
419
418
422
418
418
476
424
418
418
419
426
424
418
422
423
429
418
419
469
469
418
417
425
429
419
469
427
430
418
418
426
418
418
427
418
418
418
418
425
425
425
418
418
428
419
418
468
419
427
426
418
426
433
418
469
418
1044
425
424
423
419
425
418
428
419
549
422
471
418
418
422
418
420
430
424
421
419
988
424
474
426
418
426
423
418
425
429
418
464
428
424
460
428
419
472
471
517
429
418
473
440
429
418
423
491
418
422
437
417
418
423
427
418
425
529
469
418
1104
425
418
1220
426
418
1302
422
424
418
467
486
418
419
418
418
429
418
422
424
428
418
425
425
424
423
425
422
465
419
687
418
463
419
428
418
418
418
423
425
422
419
418
418
473
419
422
426
418
418
424
421
419
418
426
418
421
418
427
425
422
418
426
428
418
419
418
423
428
422
418
422
423
426
425
470
423
419
424
426
419
424
418
425
418
429
419
422
421
418
424
421
424
419
422
462
420
428
425
418
428
419
422
428
430
426
429
418
418
422
419
420
418
425
428
428
466
418
418
428
421
1070
424
424
419
424
418
417
425
421
419
418
418
418
418
422
422
418
418
425
429
419
425
422
419
418
423
496
418
418
418
419
419
423
418
421
425
421
418
427
423
425
422
419
423
467
426
419
422
418
418
419
425
424
427
426
425
419
472
418
424
418
423
418
418
419
585
419
418
425
424
429
425
418
428
419
417
425
418
418
424
465
418
479
425
418
418
418
418
429
422
421
418
422
466
419
425
426
423
423
418
419
419
426
521
516
422
418
427
418
425
422
432
420
428
418
418
428
419
418
418
468
418
418
423
421
477
418
425
425
427
418
419
419
424
418
422
418
467
424
425
425
471
422
425
419
418
512
424
419
424
418
426
476
427
419
477
430
421
418
418
418
424
424
418
436
418
428
422
679
422
418
434
418
426
418
425
419
418
418
423
459
418
422
463
418
421
426
428
417
422
421
427
425
463
418
428
422
423
419
418
425
424
419
425
425
461
418
431
418
419
454
422
422
424
419
425
419
427
423
423
418
418
440
425
418
478
417
418
418
422
464
425
422
421
418
418
419
418
418
418
422
421
418
429
491
473
418
426
421
424
418
419
426
418
427
438
424
426
425
424
422
427
419
422
419
425
423
419
428
419
418
425
425
418
427
424
429
419
424
418
498
465
424
419
419
418
424
423
427
970
425
493
424
418
418
418
419
419
428
418
424
419
417
419
418
422
429
426
424
418
427
418
421
418
418
418
418
432
425
425
422
418
422
425
419
424
424
454
430
418
422
427
419
995
425
419
418
426
418
423
418
424
419
425
427
1214
423
422
425
473
423
418
424
418
422
1236
418
425
427
424
479
418
428
418
431
418
419
417
426
423
422
418
419
418
424
430
424
422
418
419
424
417
418
418
417
425
427
418
419
429
426
426
418
418
418
422
418
418
418
425
459
418
520
421
429
418
418
889
426
420
428
418
419
424
418
486
428
427
417
418
422
422
418
424
419
426
476
418
424
418
418
419
424
428
563
424
436
418
422
418
418
422
425
424
426
421
418
418
428
418
422
418
418
425
418
424
424
424
424
433
426
419
424
428
421
418
418
430
422
424
429
417
473
471
418
423
418
419
421
425
418
986
418
418
418
429
422
496
421
426
421
428
421
419
425
432
418
421
426
429
425
417
424
423
418
425
418
417
428
514
418
418
422
417
423
422
419
417
428
422
418
418
421
470
418
418
422
425
428
417
470
424
425
632
424
496
461
477
422
418
419
424
418
419
419
418
419
418
422
423
419
419
419
422
418
419
422
418
418
422
427
418
1210
422
425
419
454
419
417
426
424
434
430
434
422
422
424
427
423
476
418
418
422
426
429
661
426
418
423
469
419
472
418
421
426
433
424
418
424
418
422
423
425
428
422
421
422
419
432
418
427
419
418
422
419
422
418
425
424
464
422
428
469
418
418
418
429
418
428
428
418
427
418
431
427
418
425
495
423
418
418
418
422
418
425
418
425
423
428
422
419
418
426
420
418
418
418
419
418
422
425
424
418
423
418
422
418
425
428
427
418
419
418
429
483
419
418
425
464
505
478
430
429
429
418
418
426
418
421
551
418
425
425
419
424
422
418
426
428
418
426
422
417
418
597
418
425
420
419
418
428
418
418
428
418
485
419
428
420
423
419
424
417
418
422
426
426
418
418
418
470
423
418
425
425
418
517
426
422
1136
467
463
418
418
419
418
429
423
423
418
428
425
467
419
419
422
422
427
418
422
425
419
423
472
418
461
419
418
418
418
419
444
554
419
425
418
425
418
418
418
480
428
428
425
418
422
418
419
419
429
418
423
423
418
423
422
419
426
422
418
427
424
418
421
418
418
418
424
418
421
418
418
428
429
487
427
419
422
424
478
465
418
421
418
422
419
425
419
418
423
425
429
425
425
418
418
426
463
419
438
421
418
427
418
424
429
418
424
418
418
418
418
418
422
418
422
418
418
422
418
419
424
418
428
427
423
425
419
419
418
419
424
424
418
423
425
420
418
419
426
424
468
426
418
428
418
418
454
424
418
424
422
423
438
426
418
423
418
424
424
422
425
419
425
418
423
418
452
429
418
424
424
470
422
422
429
418
422
423
418
429
422
418
428
427
459
427
422
425
426
424
418
425
426
475
422
425
423
418
422
417
418
422
424
418
418
418
429
419
422
419
418
428
418
418
425
425
424
428
418
429
428
418
427
419
473
470
424
426
619
418
418
419
421
431
418
439
422
418
423
419
418
418
428
452
418
426
422
418
419
468
418
419
422
422
427
454
418
429
429
1149
421
418
427
419
452
423
424
419
422
418
418
432
423
418
428
428
429
430
418
471
418
418
422
418
424
422
419
419
418
418
424
469
422
423
422
419
426
422
428
418
427
438
418
467
421
418
418
422
425
425
429
418
423
469
423
1221
418
419
418
423
554
428
418
422
422
420
430
423
418
424
418
471
500
418
425
419
418
426
426
421
491
422
419
428
428
423
422
419
477
418
424
425
422
422
429
421
422
428
425
423
423
418
423
422
418
418
418
425
419
423
936
425
418
418
419
427
476
477
418
418
418
418
424
455
427
424
422
418
428
425
424
418
418
508
425
474
419
427
418
419
425
423
419
418
419
484
426
428
425
419
467
418
419
423
418
427
418
424
427
418
422
417
418
417
419
421
422
463
419
418
418
491
422
424
418
426
424
425
429
418
422
424
418
419
418
429
419
426
456
417
423
468
424
510
419
418
429
419
424
418
419
499
423
434
419
421
418
425
427
421
422
491
418
425
425
423
428
423
417
472
430
636
419
472
422
425
472
419
473
419
484
425
424
418
418
422
426
418
418
419
418
430
424
427
422
425
424
461
424
419
418
462
422
425
423
418
419
418
423
427
418
417
424
419
428
422
419
419
418
419
418
425
422
425
429
470
418
418
418
475
422
418
418
424
422
424
749
475
417
418
418
425
422
468
418
460
422
418
418
418
422
418
417
422
428
429
422
418
425
428
424
497
419
426
422
425
418
425
422
419
424
422
418
422
429
418
422
418
422
475
418
429
418
427
418
500
418
426
418
426
471
436
423
418
425
418
429
425
419
424
419
424
422
418
469
430
417
418
425
418
417
427
427
974
424
418
425
428
422
424
419
427
418
423
482
458
422
418
419
419
429
430
496
420
424
418
421
426
430
418
422
422
421
420
425
422
418
419
418
418
469
417
422
419
418
418
417
418
418
424
419
418
428
419
430
419
958
427
417
428
418
418
419
424
418
425
418
568
428
419
423
951
418
422
473
425
425
462
423
418
419
1049
430
418
418
476
418
424
418
429
418
423
423
425
423
418
419
421
418
418
426
465
481
418
422
418
423
418
424
419
428
422
419
418
422
501
424
489
418
418
418
424
424
844
429
419
433
421
419
422
418
419
418
428
422
418
422
426
430
418
422
418
417
470
457
418
419
421
417
427
418
426
424
418
418
425
419
467
424
424
469
465
425
432
418
418
422
424
427
422
499
418
417
488
418
418
425
418
428
429
422
484
421
418
418
424
419
418
421
419
418
422
418
424
418
418
468
424
426
491
423
427
418
422
419
418
418
424
418
418
422
634
418
427
418
422
429
428
424
418
424
423
418
425
424
419
422
418
428
418
424
418
418
428
418
418
425
457
418
419
425
425
418
424
503
423
418
466
418
418
423
466
474
418
422
474
419
419
422
423
422
419
470
423
419
418
418
418
430
427
422
425
419
426
422
425
421
422
418
418
487
422
419
418
418
418
418
421
418
421
431
418
422
422
418
422
418
453
424
422
418
418
427
424
424
418
418
418
422
420
421
422
419
432
422
425
428
418
425
422
418
418
425
428
418
422
418
424
427
418
420
442
424
475
427
421
423
426
472
428
425
422
429
418
425
435
468
418
422
418
418
418
421
475
425
418
424
475
428
422
417
418
418
465
425
418
472
423
418
422
422
466
421
427
418
488
418
418
422
424
418
419
430
429
418
417
419
428
418
418
418
427
423
423
425
419
422
427
418
498
428
419
467
422
418
420
424
418
418
418
473
429
418
425
422
428
418
425
423
419
422
426
422
425
421
418
429
447
431
418
505
422
422
418
425
428
418
467
426
422
418
462
418
425
421
576
421
424
418
442
418
419
427
420
423
422
425
428
429
426
425
418
425
430
428
426
424
418
418
417
421
418
426
418
423
428
428
418
432
460
419
819
424
418
420
524
421
418
424
418
424
422
418
419
478
427
422
417
418
424
418
430
428
418
418
429
418
424
419
422
422
418
418
425
423
428
419
426
417
418
418
423
422
422
426
1172
418
429
428
422
418
431
426
423
430
428
419
425
432
425
430
418
418
467
423
418
419
421
421
426
422
423
467
428
425
418
425
425
427
437
419
419
418
422
425
425
429
476
494
418
472
418
429
421
424
422
419
424
474
419
429
423
425
425
427
419
418
424
422
425
436
428
471
422
427
425
419
422
425
423
425
424
418
424
422
424
418
418
424
422
489
469
419
428
424
423
429
421
419
424
424
427
425
419
428
421
435
418
417
423
418
427
472
419
419
426
418
423
426
424
607
422
424
418
426
432
1227
1221
422
418
430
422
425
422
426
421
422
418
418
418
426
418
418
428
425
422
418
423
424
423
425
425
618
417
427
424
423
418
434
425
428
423
422
422
418
418
418
425
419
417
418
418
424
423
419
418
493
418
418
427
419
423
425
419
418
425
430
419
424
425
419
424
425
427
418
418
418
418
418
428
418
430
421
427
424
423
419
418
492
418
427
425
421
426
417
418
426
422
426
425
427
418
421
418
420
418
419
417
422
418
418
426
778
419
422
468
629
428
418
421
419
418
418
425
428
419
421
422
425
418
418
436
418
418
433
424
418
419
420
418
418
417
421
419
418
419
423
418
420
424
417
418
455
418
425
418
431
422
418
418
418
418
418
418
426
430
440
490
422
418
423
418
418
418
422
424
419
419
422
488
1219
418
421
419
418
513
418
418
418
418
418
418
425
418
418
418
421
418
418
418
419
432
947
688
425
421
418
479
422
418
425
424
422
422
423
426
419
422
424
421
425
472
418
427
428
426
479
418
427
418
425
425
418
418
426
423
418
417
429
421
418
433
425
419
421
429
418
423
431
468
422
422
425
418
421
418
422
419
466
422
417
422
419
418
418
424
419
422
418
423
426
461
422
423
419
419
423
419
468
564
428
418
427
425
424
424
418
708
426
423
426
426
463
426
419
467
793
426
429
418
427
417
426
418
419
425
418
422
422
429
423
424
419
424
422
423
433
424
419
422
418
427
948
422
418
418
423
422
428
418
432
426
418
715
425
418
422
423
418
419
422
418
419
418
422
421
418
419
422
467
418
424
418
418
419
424
426
418
418
422
419
418
425
418
429
418
418
422
422
423
421
427
473
417
422
418
425
419
419
424
423
419
432
466
475
419
429
497
422
418
419
421
422
418
418
425
419
425
471
422
419
418
423
1091
422
472
418
429
417
424
418
418
462
477
425
418
425
418
418
418
419
427
419
418
418
430
420
422
418
418
424
421
427
419
476
424
418
471
426
424
418
463
472
419
435
425
422
521
418
425
421
427
424
422
418
419
423
424
425
422
418
424
418
419
418
423
418
423
425
418
418
424
418
430
424
423
425
419
427
417
424
418
422
418
428
472
471
427
418
422
424
421
418
429
425
419
419
419
418
429
417
422
417
418
426
419
424
419
427
424
418
426
425
428
914
418
418
512
426
422
424
418
419
418
418
428
418
426
423
418
417
422
436
418
648
426
429
418
419
418
418
426
424
418
424
475
424
430
418
495
424
423
425
422
419
428
418
419
419
417
418
425
418
461
466
428
422
422
465
418
482
418
418
427
421
419
422
425
423
425
418
422
418
427
428
421
426
535
563
418
425
426
426
424
419
417
418
425
418
423
418
421
424
422
933
448
469
425
418
427
424
424
418
470
422
418
428
544
424
425
428
462
469
418
418
425
425
418
419
422
419
418
422
419
418
421
418
428
418
418
422
426
419
424
418
428
467
426
419
427
418
524
418
418
418
458
427
427
427
422
425
422
419
424
424
427
472
419
959
422
422
427
423
426
427
426
419
424
419
418
418
470
419
422
421
428
425
418
418
418
418
421
419
419
422
418
430
418
423
418
418
423
418
426
425
418
418
419
422
422
418
428
430
424
422
484
1219
422
418
425
419
419
425
424
422
418
422
423
426
425
491
425
418
418
427
426
428
419
424
425
418
423
422
424
418
420
467
418
418
418
419
429
418
424
417
419
422
470
423
422
425
427
423
424
473
419
422
421
417
418
419
418
428
424
418
418
429
429
421
419
425
429
494
418
429
418
422
419
418
422
418
427
422
419
469
419
418
423
418
429
419
424
422
440
422
426
428
418
419
423
424
417
418
456
418
437
422
428
418
418
418
432
417
425
426
419
429
418
418
423
418
418
418
418
418
422
429
422
424
418
418
418
422
418
419
418
434
428
418
421
474
482
418
428
418
418
422
428
432
421
418
429
419
432
418
417
425
425
419
425
423
433
425
418
419
419
424
421
422
419
419
462
418
424
421
423
424
424
421
418
477
428
422
424
419
1503
466
472
418
426
424
419
419
424
434
432
418
423
424
418
424
425
424
418
429
418
418
428
428
419
418
419
429
418
424
419
427
422
425
422
470
418
422
429
423
419
418
418
419
424
419
418
422
427
418
425
426
418
418
428
418
476
418
418
421
428
422
419
424
418
419
419
418
473
466
417
418
418
418
471
495
419
422
427
417
418
424
419
424
418
426
424
422
419
426
418
419
423
419
418
424
418
419
418
582
418
421
425
904
429
427
484
424
422
424
419
418
419
424
512
429
422
422
424
490
428
418
469
474
421
418
418
422
422
425
425
422
418
424
419
423
418
419
425
426
419
425
421
418
418
418
468
418
423
419
472
417
470
418
426
418
419
419
425
425
423
467
418
421
425
418
418
419
418
422
418
418
487
418
425
425
419
419
426
424
418
426
428
428
425
422
424
470
418
418
422
418
418
418
423
422
424
468
419
418
422
418
418
466
473
418
419
1166
1070
419
423
421
419
419
425
426
425
418
422
426
427
418
495
418
424
421
419
511
419
422
418
426
423
949
418
465
423
418
427
419
425
420
419
474
419
425
419
426
417
429
421
418
446
422
418
436
427
418
425
422
1222
418
422
429
418
421
421
474
483
424
425
418
464
423
419
418
426
425
426
470
424
422
427
423
424
422
418
524
418
460
418
428
418
476
501
419
425
418
423
424
428
418
418
426
425
428
418
421
423
418
422
493
418
423
418
422
428
418
419
418
832
530
420
424
418
418
424
418
428
419
418
471
422
423
428
427
466
418
418
425
418
425
418
419
425
427
419
421
418
418
426
424
488
429
418
422
418
424
419
425
418
425
424
427
490
422
424
418
422
469
424
477
422
475
418
715
424
441
426
418
419
429
429
477
422
427
423
491
423
425
425
422
425
425
418
486
419
418
422
425
419
418
442
418
418
423
422
431
419
418
423
422
477
424
418
419
417
422
424
418
429
1094
429
422
424
425
422
419
419
424
468
419
422
418
418
418
422
418
421
426
420
418
418
427
418
425
425
425
428
424
418
421
424
418
422
418
429
419
422
422
418
418
426
419
418
422
425
418
423
419
425
427
459
423
419
418
422
419
418
418
422
424
427
474
419
425
418
422
419
418
421
424
418
418
418
423
418
418
467
418
426
428
425
425
424
418
418
423
418
418
419
418
418
502
426
418
418
422
426
419
421
418
425
424
421
422
425
461
418
424
429
418
422
418
427
418
424
598
424
418
418
418
845
418
427
419
418
419
418
418
426
421
419
428
424
421
422
430
436
425
425
436
418
423
423
419
422
423
428
428
418
425
418
427
476
419
419
467
418
418
418
418
421
427
427
422
418
426
418
417
418
464
418
421
418
418
418
418
418
418
418
422
418
418
424
423
472
423
418
418
479
418
422
429
467
425
426
425
422
423
418
422
418
428
428
418
422
418
420
428
455
418
419
417
422
441
426
424
437
418
426
424
418
429
418
422
419
418
426
426
418
424
466
418
430
418
425
418
418
424
428
518
419
424
427
418
418
425
425
418
418
423
418
466
428
421
421
419
418
418
433
418
438
425
425
499
422
418
419
418
419
418
421
418
418
419
422
418
418
418
424
418
477
473
418
469
418
426
418
418
419
468
418
418
418
421
427
418
418
418
424
418
422
420
418
418
425
425
423
426
419
425
418
421
418
419
417
421
467
418
417
418
473
419
418
422
838
419
422
418
419
469
425
425
466
423
470
429
422
426
439
491
432
418
423
418
418
426
418
418
523
424
431
561
419
424
419
424
424
731
484
424
424
417
471
419
428
469
424
418
418
417
424
424
418
426
418
470
472
418
418
418
423
419
422
952
418
423
419
427
432
425
422
428
419
422
425
424
418
613
443
426
440
421
428
453
421
428
425
418
423
426
418
574
422
418
418
422
418
418
419
425
493
418
506
423
429
521
424
425
429
424
418
435
425
425
424
425
424
418
450
418
424
424
431
419
427
422
424
418
425
422
428
424
424
418
418
422
432
422
421
419
424
428
425
419
479
984
422
418
418
422
475
421
418
421
418
418
426
418
425
419
418
418
418
418
470
428
418
422
419
418
418
555
418
473
418
423
422
424
418
424
418
422
418
418
418
421
425
425
425
428
418
430
430
419
424
418
428
418
1220
418
426
424
418
429
419
422
422
432
427
423
417
428
418
468
418
419
419
422
424
429
429
425
419
427
418
418
468
426
417
422
429
418
419
418
418
477
418
419
418
418
423
423
422
418
418
418
432
424
427
423
418
418
418
418
417
418
418
418
429
419
431
423
419
425
419
423
423
546
418
428
427
418
418
1313
430
468
472
424
419
417
418
418
496
420
425
421
457
479
425
424
419
431
422
430
418
478
424
431
418
418
425
425
418
425
425
418
419
476
418
427
423
429
418
622
467
422
419
418
424
419
427
418
418
418
419
419
418
423
430
473
473
417
425
418
418
419
418
418
429
421
424
418
426
476
424
418
418
419
417
418
424
422
419
420
424
421
427
418
422
422
418
424
490
425
424
425
418
427
436
418
424
430
418
423
501
424
419
464
424
426
419
425
418
419
417
418
418
422
425
418
418
427
422
428
422
421
419
481
419
421
418
418
417
418
423
418
418
797
418
419
418
418
424
423
427
424
425
425
428
426
425
968
427
418
418
425
418
421
418
426
419
429
426
1357
418
425
419
421
419
418
418
488
424
418
419
422
422
425
418
418
420
418
418
470
425
424
422
490
427
418
418
438
422
418
418
424
428
419
425
418
476
465
422
418
421
420
418
418
418
418
419
428
419
427
419
418
418
418
418
418
419
418
1053
418
422
428
423
473
422
420
424
477
427
429
427
469
428
418
417
425
418
427
419
429
418
425
418
429
1221
418
482
431
418
422
419
471
420
423
472
422
418
426
418
422
422
419
424
424
424
418
522
421
430
427
424
422
418
422
621
417
418
422
418
426
418
425
419
419
421
422
422
474
419
424
417
479
418
418
470
424
418
418
422
417
418
429
466
421
421
429
428
426
427
987
425
418
426
420
1188
419
422
419
422
478
427
418
419
417
418
419
474
496
422
419
419
418
423
418
419
418
418
429
418
419
457
417
418
422
474
418
428
442
1049
418
425
425
418
424
423
418
418
422
425
419
559
418
425
418
418
422
418
432
419
418
429
421
472
419
418
418
422
418
421
424
504
425
425
422
419
418
422
425
419
423
434
425
425
422
418
429
418
425
418
506
421
422
432
429
419
498
459
428
424
422
423
418
423
422
418
423
418
422
418
422
425
418
429
418
418
425
426
425
417
418
422
418
428
424
425
429
422
418
440
422
421
419
419
418
466
425
421
466
421
423
419
425
425
425
418
418
422
418
419
418
418
418
421
418
425
480
424
429
419
428
418
418
418
419
418
419
418
418
418
428
425
425
466
422
425
422
418
476
469
418
418
419
424
418
419
417
421
418
422
424
422
426
418
420
418
427
426
419
419
424
425
426
428
421
419
419
418
421
425
418
418
422
467
425
421
427
424
424
425
418
419
419
433
419
422
424
419
418
422
419
418
418
418
421
419
418
421
418
428
491
418
487
418
426
489
426
418
964
424
420
418
418
419
418
418
422
417
418
456
418
418
418
418
432
419
424
418
417
423
424
494
420
424
418
419
430
427
424
418
421
422
419
418
418
422
422
477
422
420
418
422
436
424
418
428
419
463
428
502
422
424
418
436
418
429
429
422
424
418
444
418
418
417
418
434
418
418
423
418
425
418
422
426
480
418
427
418
419
423
474
425
419
422
422
418
417
425
419
419
467
418
419
418
417
418
418
423
427
471
421
669
426
418
426
425
429
466
426
436
417
418
418
425
419
421
423
418
418
419
422
417
426
418
418
419
421
418
419
419
419
424
419
424
495
420
419
429
426
422
474
468
423
424
429
419
727
487
477
424
425
425
418
425
424
418
418
423
418
422
424
422
433
418
425
418
419
422
418
419
418
422
419
418
425
422
444
432
491
417
418
418
425
418
419
418
418
418
418
427
418
418
424
418
418
418
422
425
418
424
418
418
424
418
419
429
418
436
425
418
418
421
422
425
418
464
419
418
418
422
419
420
425
418
429
422
486
424
421
428
418
429
419
422
425
418
436
468
424
427
477
427
951
419
418
424
418
419
425
421
419
418
419
429
419
464
422
468
421
424
426
475
419
419
423
418
422
425
418
427
462
418
428
422
468
425
423
418
419
417
419
418
418
419
421
418
418
434
423
424
419
464
424
418
418
424
425
419
419
419
435
430
418
419
418
426
422
426
419
429
466
419
425
418
418
426
429
419
419
428
467
424
425
419
425
425
425
419
421
493
418
419
418
425
429
425
427
418
422
418
425
418
420
426
422
432
418
425
419
472
419
418
418
427
418
419
472
419
418
418
418
474
422
421
423
418
424
418
423
423
418
430
422
419
417
418
422
428
418
428
424
418
418
475
419
423
426
417
422
418
422
418
418
425
419
421
418
422
747
418
418
424
425
419
419
472
418
432
418
506
418
418
425
419
426
419
418
418
418
422
419
418
428
419
418
419
420
417
418
418
422
421
428
847
418
422
418
418
418
418
418
419
418
428
419
418
430
418
423
427
427
419
424
424
418
418
422
418
418
423
419
460
418
418
422
426
422
469
418
418
419
418
426
418
421
419
427
422
421
418
418
422
425
418
421
422
422
427
419
418
423
424
417
468
418
422
418
418
424
418
422
418
418
421
425
473
424
468
466
428
424
466
419
423
418
425
418
429
418
418
429
418
425
418
418
419
418
419
422
458
418
429
418
426
418
419
426
699
445
422
421
418
418
420
421
430
418
427
419
418
418
419
419
419
419
474
419
417
424
479
420
418
422
425
419
418
419
419
418
417
426
419
418
419
418
418
431
418
418
424
422
745
419
422
418
419
418
418
494
426
418
418
418
422
426
422
430
418
421
421
427
419
471
418
423
422
422
418
422
424
467
423
424
424
418
426
424
425
469
419
422
678
428
418
422
462
425
424
425
418
478
422
418
418
472
419
425
428
425
426
418
418
422
424
426
418
422
418
428
418
471
418
417
424
423
418
422
464
428
419
499
418
468
426
422
417
470
418
696
418
422
422
422
429
422
422
428
494
418
418
418
425
418
419
472
418
422
420
419
505
432
426
418
425
421
427
419
419
418
421
418
425
418
418
426
470
419
422
418
419
427
428
419
468
418
422
421
418
424
419
422
419
419
422
419
419
422
425
425
430
434
425
418
475
418
423
419
424
1217
431
418
419
425
418
418
418
426
422
419
426
979
418
424
424
425
469
419
423
474
418
422
474
417
418
421
424
427
426
418
424
418
418
419
461
429
418
420
496
427
429
422
431
418
422
418
419
427
425
424
424
418
418
428
472
423
425
476
423
419
418
424
421
418
418
418
427
424
424
425
418
427
429
420
466
418
419
477
423
427
418
418
422
1219
424
424
418
419
418
421
423
428
422
422
427
418
418
425
425
418
418
433
418
418
424
424
421
422
470
422
423
422
428
422
423
423
419
418
424
465
418
422
422
430
482
424
469
418
418
423
418
418
418
418
418
418
417
417
428
419
418
424
418
455
428
418
418
427
427
424
418
426
424
418
418
426
424
971
422
419
418
418
423
425
419
422
422
425
419
418
422
418
423
418
424
418
431
425
423
419
418
418
493
429
418
422
418
424
470
425
420
418
418
419
477
426
418
418
428
424
428
469
424
436
426
429
424
419
473
493
418
424
425
429
419
422
419
420
422
418
417
425
463
438
418
418
422
419
418
467
418
418
429
422
426
504
426
421
426
428
418
423
424
418
421
418
428
422
430
432
418
418
421
418
417
418
422
428
424
422
467
425
419
424
418
423
423
418
418
418
418
424
419
420
419
454
418
446
418
464
423
418
419
417
473
476
428
419
419
467
423
427
421
418
470
422
417
418
422
422
422
424
419
428
420
421
426
421
418
419
425
418
419
459
428
417
417
419
419
422
426
418
425
899
418
526
421
966
418
418
418
418
419
424
418
424
422
419
431
418
427
423
425
418
418
418
427
428
426
418
428
418
422
425
419
419
425
418
426
425
429
493
424
421
419
418
422
423
425
423
427
423
418
418
419
424
424
426
418
424
418
418
424
500
424
425
422
419
422
418
423
419
422
426
480
418
418
418
419
418
419
419
429
428
426
424
417
424
419
426
419
419
420
429
425
422
422
429
422
425
419
419
423
425
422
419
419
418
419
472
425
419
425
425
942
418
418
423
418
418
418
429
422
418
422
423
429
425
422
418
418
418
419
430
418
429
425
418
427
499
439
425
425
424
419
420
422
418
418
417
426
419
419
447
426
428
419
422
422
425
426
422
424
418
429
418
428
418
421
467
419
470
424
429
419
419
426
475
427
418
418
419
417
482
468
427
418
422
419
418
424
418
418
421
425
419
418
424
425
424
419
1122
419
418
423
425
466
418
428
425
417
418
423
491
418
418
424
425
426
426
461
419
425
423
424
418
418
423
419
418
422
426
428
424
418
418
428
422
421
424
418
418
425
419
418
423
429
418
432
418
418
419
422
423
426
476
427
429
442
425
469
469
418
424
425
425
421
422
418
428
471
418
429
422
419
417
418
418
422
428
419
425
476
419
424
418
419
426
424
428
465
421
427
424
441
420
418
419
422
419
423
425
424
425
422
418
418
426
425
426
422
421
429
427
419
427
429
422
418
419
424
477
514
418
418
419
419
418
423
424
468
1221
425
418
419
425
493
418
418
481
424
419
419
419
419
420
423
424
426
418
418
418
475
418
1032
422
429
418
418
427
418
471
422
425
422
422
427
488
550
425
419
423
467
420
420
418
424
424
418
422
419
424
432
422
496
418
418
424
427
476
418
418
474
469
424
418
424
429
418
468
473
495
423
418
418
418
469
467
418
419
428
418
463
425
427
419
475
423
418
424
421
425
436
464
422
421
418
424
425
477
429
429
418
418
422
426
418
418
418
417
498
426
429
418
439
417
453
418
418
418
419
424
472
422
743
418
418
418
426
424
426
705
418
419
418
616
1003
419
422
482
425
428
428
462
418
419
423
421
418
423
427
428
1264
419
418
424
472
422
418
428
430
844
418
472
418
425
417
418
418
418
418
418
421
418
423
419
420
419
425
805
424
471
422
424
419
426
418
418
418
425
423
427
1221
418
419
424
426
418
471
422
418
422
425
419
419
423
419
418
417
418
418
424
419
421
418
474
418
426
426
425
426
418
431
427
422
428
422
421
419
418
428
1231
418
418
462
418
473
425
422
418
418
470
420
418
427
424
425
418
443
424
428
419
428
418
432
428
472
426
419
426
426
419
419
418
422
418
428
419
418
466
475
418
418
426
425
422
479
419
418
1086
422
425
418
419
422
422
418
418
425
429
425
418
418
419
474
468
418
459
428
428
429
422
470
418
418
424
425
418
419
418
418
417
420
422
418
429
1161
428
424
418
419
428
426
419
417
418
418
425
424
418
418
418
424
476
419
418
418
422
419
418
418
418
423
430
425
424
437
418
419
425
418
428
423
425
418
425
426
422
428
418
418
428
429
418
425
418
421
418
465
418
428
422
418
423
418
418
428
418
423
419
427
422
422
419
422
425
418
418
432
422
461
418
422
418
942
423
422
429
420
418
419
440
418
463
424
422
422
422
425
422
422
418
419
417
819
425
426
422
419
427
427
429
419
428
423
465
427
469
424
426
418
429
422
418
418
422
425
418
428
418
428
419
418
422
419
419
418
427
421
425
425
418
418
418
472
428
427
419
418
468
418
454
426
468
421
422
418
475
422
427
418
632
421
466
428
422
420
418
427
421
423
418
427
424
430
426
423
426
473
418
422
427
469
472
421
482
470
419
426
421
425
419
419
418
418
425
419
429
423
425
725
418
418
421
425
418
424
419
494
422
419
424
417
418
426
425
422
418
467
426
418
424
424
418
430
421
425
418
418
469
418
428
418
470
419
418
419
428
418
424
418
418
418
437
424
472
473
422
418
419
418
424
417
428
426
418
419
432
421
424
419
418
418
418
427
425
426
427
424
418
440
426
424
424
419
425
422
419
419
419
488
419
418
419
429
431
421
418
418
418
427
811
418
422
418
466
419
426
474
428
432
465
418
424
427
426
425
424
419
418
426
417
422
418
422
417
422
417
418
422
426
419
422
428
424
425
425
418
418
424
422
427
419
418
419
419
425
422
418
418
429
419
424
427
424
468
429
422
425
418
419
418
421
430
418
425
438
418
426
419
424
419
424
425
425
428
823
419
419
422
419
465
418
475
426
427
431
423
418
418
428
419
418
497
418
426
421
427
420
424
465
428
425
422
419
421
423
425
417
470
424
427
701
418
472
418
422
418
429
418
467
424
428
424
425
424
418
422
426
418
476
465
419
418
419
427
476
425
421
422
424
422
426
427
418
418
1136
419
418
418
427
466
581
429
418
419
493
425
424
429
419
419
427
1231
424
428
429
422
674
418
427
418
418
427
477
418
422
1009
418
418
418
418
425
418
418
850
423
476
428
423
468
425
419
424
419
425
428
420
421
482
422
422
418
418
425
425
430
419
419
420
426
419
422
418
418
419
419
428
428
419
418
418
421
424
426
439
423
426
428
418
418
462
425
418
427
470
509
423
418
417
421
422
880
418
418
418
418
428
418
419
418
418
419
427
419
426
418
424
418
423
418
422
418
421
418
775
426
418
417
423
425
428
424
418
418
430
417
418
419
418
418
418
418
428
418
425
418
427
418
419
428
1148
425
419
473
421
418
424
423
418
424
418
468
424
429
418
422
463
418
428
418
425
418
429
419
418
427
418
425
418
435
418
418
425
418
425
425
418
418
424
420
418
418
422
425
427
418
475
419
422
474
418
421
425
425
417
418
419
421
463
419
423
418
419
417
422
419
425
419
418
477
419
426
421
421
432
422
418
418
425
418
431
418
424
418
418
418
425
475
421
491
425
428
422
418
418
425
421
423
418
421
418
424
427
421
418
425
432
426
430
924
423
418
418
425
418
424
418
421
421
420
418
418
418
418
418
425
426
418
419
425
426
418
418
418
419
430
422
417
692
470
424
424
418
424
425
430
436
421
418
418
427
418
418
418
418
475
431
419
421
418
421
463
422
419
427
423
424
418
419
419
424
540
418
466
418
428
426
426
418
418
418
418
424
418
427
428
424
424
425
495
426
429
418
419
425
424
428
422
470
418
430
426
750
418
426
462
424
425
418
418
427
418
425
418
473
424
422
461
427
422
425
418
428
418
425
425
418
419
418
419
419
430
418
418
423
418
428
422
418
418
420
425
424
418
426
422
418
427
424
419
426
428
425
418
418
419
419
824
425
418
423
424
422
425
422
424
419
424
427
603
419
425
419
424
467
431
427
419
417
419
418
418
422
418
418
425
425
418
423
423
427
432
424
417
427
418
424
424
418
425
418
427
428
474
418
467
418
424
419
418
419
418
425
418
422
422
460
428
428
419
431
421
418
418
418
428
506
422
423
423
421
422
418
422
425
418
424
422
428
418
418
418
471
427
418
463
418
469
540
418
422
422
422
418
426
423
425
426
418
429
425
419
425
424
422
418
418
418
418
418
473
468
419
422
428
419
418
421
425
418
425
419
432
423
419
422
427
418
418
427
432
423
419
418
427
418
434
474
418
424
508
437
418
418
420
523
422
467
425
428
418
418
419
422
422
467
418
423
418
419
427
419
422
419
431
418
422
418
426
418
419
429
430
418
421
475
418
419
673
422
427
422
425
425
418
418
425
432
419
486
427
418
422
423
418
431
421
427
426
418
433
418
421
423
434
430
427
419
422
425
422
418
429
423
426
422
424
424
426
418
421
419
423
418
418
426
419
418
418
422
419
424
418
419
418
418
421
422
421
418
424
427
419
418
418
419
424
417
418
422
426
428
423
418
424
425
424
418
420
417
418
422
425
418
424
422
472
426
424
425
419
428
418
431
1218
422
469
418
473
425
418
418
419
424
418
418
422
418
477
418
424
418
428
418
426
418
419
418
425
425
418
423
422
424
419
420
418
419
423
422
468
426
437
422
422
421
422
423
419
418
423
418
418
419
422
418
425
418
425
460
428
422
456
428
418
419
418
418
421
492
418
418
423
418
419
422
418
424
419
418
426
423
418
424
425
424
418
422
425
418
418
933
427
485
425
427
428
422
422
423
423
426
418
419
424
471
422
472
419
470
418
418
421
418
418
571
419
425
421
422
423
428
489
1222
426
418
418
427
425
418
422
418
427
421
489
423
456
419
418
426
424
465
424
423
418
419
425
421
428
419
468
425
469
478
425
418
472
471
419
419
427
424
419
422
418
425
418
418
422
422
418
421
418
425
424
421
426
418
418
425
429
428
425
418
423
418
418
422
427
419
418
418
418
422
422
418
418
422
426
419
426
418
425
418
423
472
425
419
417
474
418
419
419
471
418
491
422
422
419
426
424
418
431
418
428
494
418
418
418
422
461
421
424
423
426
418
472
425
422
418
425
421
422
418
427
419
429
425
694
419
424
422
418
418
418
419
418
418
475
418
418
418
422
418
418
418
424
418
427
424
418
418
427
425
424
423
426
418
418
425
418
536
423
418
419
424
418
424
418
426
418
418
423
420
424
424
425
419
424
420
418
418
459
418
430
471
421
435
428
428
457
419
418
419
418
429
424
425
419
418
425
425
422
418
418
425
419
429
422
418
423
421
469
419
419
421
424
419
418
419
1221
424
424
421
422
427
429
425
422
418
422
425
418
428
425
422
418
418
418
418
429
421
418
418
419
417
425
428
418
418
421
418
525
457
426
424
471
423
418
418
424
425
421
419
424
419
418
422
421
419
426
465
422
418
418
424
418
428
425
462
469
418
508
419
419
419
418
418
420
422
419
419
418
418
426
418
424
424
419
428
419
419
420
418
425
428
429
425
429
457
470
422
429
465
425
426
456
427
425
419
418
424
427
423
419
457
430
423
425
422
422
418
422
425
426
418
423
422
475
425
425
431
418
422
421
417
428
421
422
870
418
429
418
417
418
476
937
418
709
418
419
461
418
425
974
426
425
427
424
418
417
419
418
428
424
419
1229
419
418
419
418
418
428
424
420
425
426
418
418
466
418
418
418
426
421
423
422
418
422
418
418
430
418
420
419
418
425
424
418
422
1217
418
419
513
418
1229
430
422
423
418
426
418
418
420
431
429
418
424
418
422
425
421
418
418
425
436
418
418
427
427
418
422
426
418
419
418
423
424
419
425
418
428
418
418
419
429
422
423
427
952
417
419
427
477
422
418
423
418
419
473
421
418
423
428
417
422
418
422
419
427
425
419
418
426
418
647
418
419
418
464
460
419
994
425
425
419
425
537
419
428
421
422
418
418
418
418
418
424
592
418
425
418
418
422
432
422
426
418
419
419
425
426
468
418
426
425
418
427
426
420
427
423
424
419
428
422
417
417
418
423
418
418
419
702
435
418
418
424
418
466
419
419
464
418
420
418
427
428
424
419
421
423
425
429
435
425
427
418
422
419
418
419
422
425
418
421
425
422
418
418
467
418
418
1108
418
433
418
425
419
428
418
424
429
425
429
422
432
542
418
420
468
428
418
422
427
418
424
418
418
429
418
428
418
419
428
419
431
422
425
429
418
418
418
427
418
418
422
418
422
418
418
469
426
429
427
422
423
424
418
417
426
419
430
425
418
418
472
425
426
433
418
471
418
421
468
419
418
424
424
427
468
424
424
430
428
418
426
417
586
425
418
418
418
418
475
428
424
425
418
418
422
419
418
426
417
422
427
418
429
425
423
418
467
419
483
429
419
418
426
419
431
425
417
418
418
466
422
425
418
419
418
418
427
418
424
417
480
418
422
419
462
418
418
425
426
423
427
479
419
647
421
418
418
428
422
418
424
422
418
466
419
418
425
424
422
424
463
418
520
471
476
418
427
419
427
419
418
424
418
419
423
419
419
426
425
418
422
424
418
418
425
424
473
418
460
423
428
477
433
418
462
418
423
418
422
1002
418
426
419
420
419
424
422
418
425
429
422
418
419
423
425
419
418
418
425
418
425
418
425
428
422
422
1225
471
419
418
474
1221
430
419
418
426
422
427
418
421
422
424
418
424
425
418
428
418
418
419
418
424
418
418
598
425
423
418
421
418
427
418
