399
394
394
380
390
385
380
390
396
385
419
380
394
397
396
381
381
375
380
391
380
385
389
463
384
381
384
380
380
379
381
396
383
393
804
385
381
514
381
388
386
384
390
380
381
381
381
455
394
475
391
382
380
381
380
381
393
384
380
396
380
396
380
395
385
393
433
556
380
381
380
381
391
395
382
380
398
395
383
381
381
381
392
382
396
444
382
384
453
391
396
381
381
386
380
380
465
385
381
380
381
382
381
398
389
1196
381
433
381
394
381
469
381
385
381
395
446
385
381
385
381
384
385
402
381
399
435
382
381
470
394
380
380
381
381
464
391
391
381
399
381
385
381
381
391
385
380
381
381
454
381
392
391
391
392
384
383
383
381
390
380
381
443
381
380
380
385
391
381
484
399
377
392
396
422
381
392
380
525
476
380
389
381
390
429
427
456
403
382
384
381
395
384
422
428
395
385
381
375
381
384
390
777
390
381
381
391
392
380
380
395
390
385
381
380
394
468
381
428
397
380
381
380
380
388
381
390
390
457
380
384
384
381
382
468
381
381
770
391
381
380
384
384
385
398
395
868
380
402
390
380
381
402
384
384
394
381
382
399
392
383
396
381
395
384
394
380
385
380
380
389
384
396
383
380
574
391
402
394
380
383
381
380
393
381
381
384
384
391
434
381
380
381
376
380
385
381
384
381
394
384
398
380
380
384
381
381
389
384
381
381
436
391
399
381
392
399
381
467
382
400
381
380
385
405
484
385
381
393
389
382
380
395
393
380
455
381
385
381
380
394
391
391
385
384
384
455
393
385
380
445
381
395
381
752
380
399
380
380
380
395
456
385
384
390
396
380
392
379
390
394
385
393
440
381
393
381
384
390
406
385
393
380
396
401
487
379
380
413
381
381
380
381
380
392
381
390
381
382
381
381
380
396
394
382
383
435
419
439
393
383
443
443
381
380
380
397
380
398
392
384
380
402
380
394
380
376
401
391
380
389
384
380
392
385
395
382
381
393
381
381
409
391
395
392
381
398
394
397
390
390
397
398
380
380
380
391
395
377
399
384
396
381
381
380
383
379
386
380
381
384
385
380
385
381
381
381
382
384
380
394
390
394
448
381
390
380
381
393
381
401
394
384
436
380
380
440
395
400
384
381
381
380
381
396
380
385
391
381
395
460
384
381
385
382
381
393
384
383
381
382
381
381
381
384
1064
380
381
381
380
459
383
391
399
381
380
395
382
382
382
389
394
390
381
382
385
395
380
386
383
402
391
380
381
381
380
380
384
381
392
381
381
382
392
384
381
381
380
385
392
381
384
391
456
392
394
381
395
392
382
381
392
380
380
381
389
385
451
381
384
415
377
455
394
380
381
381
384
384
380
384
377
380
381
384
394
398
380
494
380
395
385
391
395
381
380
380
399
384
385
1133
390
435
391
396
385
384
379
381
392
380
381
382
381
384
380
382
381
463
439
392
381
398
384
381
478
397
397
385
484
392
380
381
384
380
381
395
380
381
385
437
396
408
382
381
380
442
384
380
381
384
384
380
391
390
396
380
380
388
383
380
456
381
412
452
406
395
380
394
380
392
381
459
381
475
380
381
385
381
380
391
381
386
746
385
385
380
380
392
386
380
417
380
389
385
391
381
379
385
381
381
395
394
381
394
391
380
380
462
446
389
378
384
391
381
380
383
1112
381
384
381
376
380
399
381
382
380
381
444
381
441
380
394
380
384
395
380
441
381
380
394
430
381
380
382
393
381
381
382
394
395
396
379
393
382
381
380
493
380
380
392
394
381
389
385
381
465
390
380
394
383
381
399
389
381
382
381
465
782
381
395
380
381
380
381
390
391
438
403
391
383
381
397
381
376
379
401
382
395
1139
396
380
392
396
390
380
380
381
382
381
382
384
381
459
398
394
402
379
444
381
385
380
458
388
380
385
386
385
401
381
381
383
390
473
385
394
385
385
380
396
381
385
397
393
382
383
381
396
385
395
381
381
380
396
397
381
384
391
383
395
384
381
380
400
472
389
381
381
380
396
391
381
380
380
393
380
380
384
392
402
396
384
380
381
381
381
381
436
393
393
380
384
391
382
395
416
380
390
390
475
379
381
381
394
381
395
381
396
390
384
380
380
397
380
393
380
380
380
398
384
396
443
382
1105
384
380
380
385
382
382
393
380
381
381
381
391
381
385
475
381
383
455
459
382
380
396
394
380
395
395
381
381
391
395
395
394
380
381
401
383
385
381
401
379
381
381
380
378
380
381
381
380
406
390
385
426
380
395
380
381
402
381
390
381
400
381
381
376
384
615
381
390
380
393
463
391
382
381
384
389
392
397
381
399
393
385
390
392
381
443
380
382
382
385
427
400
384
392
382
401
391
393
457
381
393
399
381
392
380
380
429
384
394
396
385
384
452
380
381
391
395
381
404
395
391
437
382
380
380
397
394
385
381
383
381
376
381
380
395
380
396
380
395
381
381
391
385
383
381
380
381
380
380
380
380
391
381
380
391
448
381
384
391
381
376
381
381
392
387
398
386
391
379
379
380
384
380
381
383
383
392
381
393
665
391
381
384
381
382
391
384
380
385
380
380
391
385
390
375
380
381
375
381
415
381
381
399
393
380
379
388
390
380
428
380
395
381
392
380
380
399
385
382
380
381
381
381
380
381
381
390
380
395
384
397
394
383
381
394
453
390
381
402
439
381
385
395
384
394
400
385
400
381
391
382
381
396
381
381
376
386
381
431
381
381
381
393
381
389
381
399
384
379
382
380
381
392
457
390
381
381
395
381
384
396
380
384
380
381
393
380
382
395
381
392
380
392
380
380
381
381
381
380
381
380
399
377
395
391
381
381
380
395
399
398
384
381
390
381
393
381
395
391
381
381
400
385
438
385
380
449
381
396
381
395
399
393
389
393
379
385
381
381
391
380
381
381
392
392
626
381
380
380
381
385
381
453
382
380
381
401
383
445
381
380
445
381
381
390
391
399
456
381
384
389
383
391
381
392
381
394
391
382
391
395
392
381
441
391
381
384
388
439
385
381
381
382
393
442
383
384
494
386
377
485
384
415
392
380
384
391
447
390
380
396
394
392
388
381
380
382
393
380
381
382
390
438
380
391
446
381
384
380
380
385
389
380
390
383
401
381
392
390
381
380
383
381
389
395
394
381
380
380
380
380
380
383
702
382
381
395
397
380
380
483
383
384
437
382
385
384
379
398
381
380
381
445
391
460
444
441
389
382
391
384
382
440
384
385
381
375
385
383
380
384
384
399
394
421
393
392
381
381
380
381
389
395
380
381
447
384
381
380
399
384
392
381
381
381
454
381
380
379
381
392
461
385
391
380
381
380
389
457
381
446
390
380
384
461
381
381
382
388
381
381
380
381
381
385
381
384
381
390
579
380
454
385
384
380
380
447
891
381
390
380
385
380
395
391
396
394
389
376
381
376
394
380
381
381
389
380
392
381
443
381
392
390
383
454
380
379
390
381
381
494
380
380
380
389
381
384
393
390
463
381
381
455
395
394
439
381
392
381
382
390
391
391
464
380
381
381
390
385
381
400
385
380
398
379
384
385
380
463
391
390
381
380
384
394
385
393
389
381
381
380
380
400
381
392
391
395
391
381
379
385
382
382
380
384
380
379
394
381
389
380
381
445
380
380
381
396
397
405
385
380
380
462
381
389
380
385
380
380
393
385
461
380
390
436
380
384
438
381
469
391
380
409
380
462
381
381
460
392
381
391
381
390
399
384
383
390
394
395
391
392
395
380
381
382
381
381
384
385
393
384
380
380
380
381
381
391
389
392
398
380
381
474
381
384
382
390
385
384
381
381
385
384
465
382
391
380
389
391
391
381
380
380
430
381
441
381
380
390
394
388
399
389
381
380
454
381
393
380
381
451
399
454
391
380
380
381
393
381
391
396
384
381
380
384
385
381
389
395
388
381
381
380
458
385
382
380
381
1108
389
657
380
380
381
402
380
381
381
380
383
383
380
403
385
390
400
380
394
381
381
380
390
624
380
376
689
390
456
384
380
486
380
395
395
381
383
395
380
383
380
390
383
381
381
392
415
381
400
386
396
396
382
381
381
381
389
382
453
405
402
381
381
380
383
381
404
385
380
439
392
456
394
375
392
385
384
382
439
381
380
398
384
380
380
380
382
381
380
382
926
380
398
392
380
391
430
384
394
395
385
381
381
447
380
396
393
380
382
380
434
384
395
391
443
380
440
390
384
379
393
392
384
392
380
379
382
381
381
394
381
380
381
383
385
442
401
380
381
385
385
406
396
384
384
381
380
385
387
450
440
381
398
385
380
403
380
381
385
402
381
396
381
400
396
381
382
380
383
384
454
384
385
380
381
398
400
400
398
381
382
385
388
381
380
381
388
380
381
385
384
381
384
384
380
381
382
392
380
380
384
381
395
380
393
864
381
385
381
391
392
381
400
394
393
381
394
385
1112
381
385
381
487
380
384
385
394
381
394
381
381
376
384
399
395
394
630
390
394
380
385
381
384
385
384
381
384
458
380
395
384
376
399
379
383
381
381
391
391
393
381
384
381
382
391
381
393
381
396
398
377
392
380
396
381
381
435
390
381
380
381
381
384
384
381
381
390
428
442
390
381
380
379
381
384
382
382
382
380
380
399
388
380
962
470
380
397
393
432
379
390
384
381
439
391
381
390
381
381
383
381
394
384
483
402
381
381
381
382
409
380
381
383
380
385
384
382
384
391
380
382
466
381
380
399
395
397
390
390
486
380
381
380
381
381
380
381
390
454
746
384
391
379
395
380
391
395
384
390
381
391
382
394
381
381
393
381
381
380
381
380
381
473
387
381
391
385
381
380
381
430
381
396
384
381
381
381
387
381
381
395
380
395
392
381
380
382
1108
381
380
394
380
395
386
386
384
395
384
383
380
380
386
380
393
381
380
384
381
389
391
391
399
380
380
380
381
518
381
381
405
400
443
380
396
380
392
384
389
390
394
388
390
442
380
439
394
1021
382
388
398
380
390
380
391
383
396
380
377
380
380
389
381
381
382
380
385
445
381
391
393
384
395
397
382
381
381
403
384
390
395
384
381
399
394
396
397
381
383
382
402
381
390
380
380
448
394
671
396
384
382
396
381
385
395
391
385
379
381
381
381
386
393
380
381
391
389
384
379
381
392
384
400
385
388
383
382
396
382
384
381
381
380
396
381
444
380
382
391
382
381
398
382
392
397
380
389
384
381
381
381
383
394
385
436
384
395
381
387
381
381
380
382
381
384
392
380
390
381
441
381
384
390
389
380
385
381
380
440
385
381
381
381
394
399
401
379
380
898
396
393
389
392
395
380
396
380
387
396
381
409
380
380
390
381
434
429
433
395
379
384
391
381
381
383
1088
395
382
381
396
380
458
401
381
395
384
380
381
384
395
398
380
397
384
1038
382
385
385
483
391
381
398
381
381
393
380
395
384
380
380
381
381
381
450
386
394
399
380
381
440
398
381
380
381
380
392
381
382
380
380
381
381
380
381
400
392
380
381
396
386
385
396
390
385
381
380
385
395
391
384
381
395
394
406
385
1098
384
395
382
381
391
381
381
380
392
381
380
381
384
380
379
382
380
381
394
388
380
381
381
380
381
434
441
381
394
392
392
379
458
389
384
381
390
381
406
389
391
381
395
381
381
380
390
384
381
391
391
396
394
436
381
380
385
395
383
384
380
380
380
381
394
382
390
380
398
381
399
440
812
385
398
381
477
438
399
394
381
392
468
382
381
1079
381
382
381
380
457
381
472
394
384
385
384
385
460
395
1114
382
391
385
381
394
381
394
381
380
395
391
384
383
399
382
381
487
447
379
394
445
381
391
381
397
384
380
380
401
384
391
392
396
381
381
392
382
470
393
389
384
381
417
381
381
381
402
380
380
461
381
385
381
375
391
448
408
396
381
381
397
443
381
380
395
384
388
380
450
384
381
391
383
381
394
381
396
437
380
393
394
382
382
385
381
380
384
394
379
380
379
380
393
380
380
380
385
392
396
382
385
380
381
379
396
381
396
385
380
381
381
380
381
881
384
382
380
395
384
381
380
392
381
395
392
384
455
380
380
437
412
393
390
398
381
381
385
381
381
381
380
385
394
394
385
380
384
380
381
396
392
391
382
433
380
379
435
381
381
392
458
384
382
391
380
425
381
380
394
396
454
473
385
382
380
381
383
380
390
389
380
385
395
395
381
1005
392
381
381
390
403
390
381
380
381
385
391
381
381
384
384
381
381
380
381
969
390
380
925
381
394
380
993
391
384
380
401
385
393
381
384
396
391
381
389
392
381
381
384
381
385
381
380
391
441
397
381
381
381
394
401
390
384
381
381
381
381
444
384
380
380
381
380
381
395
408
446
391
399
380
384
384
375
381
381
399
380
384
382
391
389
384
395
380
437
381
445
381
381
396
395
383
388
448
381
384
380
380
381
381
380
381
441
380
384
384
381
391
384
394
380
396
380
381
394
378
381
393
390
395
381
393
380
381
380
394
381
381
381
396
386
430
381
437
381
380
394
392
395
380
389
381
386
390
380
391
385
384
401
462
384
393
381
406
380
384
380
391
384
382
380
381
385
414
381
394
393
380
395
381
380
381
388
401
382
384
379
380
388
393
380
394
421
395
396
384
380
381
399
395
383
383
399
380
380
396
392
392
382
400
380
394
390
381
381
390
381
381
384
427
396
395
402
395
391
380
381
380
383
384
381
390
393
397
390
381
380
381
381
380
381
381
387
380
380
380
383
381
382
396
384
381
381
381
394
381
446
385
440
394
392
385
381
380
382
381
384
381
390
381
384
395
380
381
382
382
381
406
406
395
847
381
383
380
396
381
382
395
380
385
380
380
381
453
380
385
381
381
410
442
389
381
397
394
382
381
382
380
381
381
385
440
380
391
430
384
380
381
381
395
381
391
382
377
385
384
381
391
381
381
380
380
385
381
385
442
380
381
381
440
393
380
441
381
398
388
401
385
380
389
381
380
381
381
381
381
780
381
385
400
380
389
392
381
381
381
385
381
385
392
399
380
381
382
393
383
385
382
381
384
438
453
394
391
407
398
395
382
380
381
388
395
381
390
384
382
400
380
376
380
380
389
394
399
381
382
381
381
384
395
380
380
390
380
389
394
390
381
398
381
381
393
399
422
384
444
393
385
382
383
384
394
384
394
380
381
383
1022
379
402
381
413
381
380
384
381
382
385
384
381
392
391
398
383
381
384
407
460
402
380
390
393
406
391
387
384
382
392
384
382
380
380
393
390
396
390
384
394
381
385
393
375
380
380
381
381
402
393
390
380
384
380
380
392
389
381
381
380
396
380
462
384
390
435
385
410
380
381
530
381
380
391
381
381
446
381
383
381
392
384
380
438
395
381
380
972
380
399
380
381
385
477
395
381
381
452
401
381
384
394
395
380
399
381
391
381
384
446
382
389
390
395
396
390
392
756
381
460
395
380
380
380
385
393
380
381
392
391
393
396
380
381
398
382
385
397
380
380
380
381
380
397
384
381
394
389
381
394
381
379
381
382
438
381
418
385
385
380
399
381
381
380
381
395
380
400
393
391
392
392
459
382
380
385
392
400
380
434
380
399
381
388
380
432
380
383
381
381
394
381
384
382
694
379
395
392
394
380
383
444
379
385
384
380
380
384
392
383
392
389
391
381
381
381
381
394
396
391
394
381
380
380
380
384
383
394
381
458
380
384
384
390
381
384
381
380
381
436
452
381
384
381
381
381
381
393
380
381
392
381
384
394
761
400
381
381
384
382
381
380
385
436
381
384
389
384
381
381
385
380
380
380
391
396
391
396
381
392
381
385
447
381
384
381
489
381
384
380
384
382
384
396
390
381
390
396
385
640
475
380
379
381
396
381
381
408
379
415
390
385
576
381
382
488
379
396
458
380
380
394
398
392
381
381
380
381
380
384
381
384
446
380
438
380
391
380
381
379
381
385
439
393
396
381
397
381
384
443
457
384
398
395
391
443
384
379
396
384
391
381
391
381
394
381
384
399
446
385
392
381
381
381
381
380
389
382
381
392
380
381
396
380
381
381
381
381
395
380
381
400
396
380
391
381
381
385
380
384
391
398
381
391
388
389
381
382
380
380
388
392
408
410
401
380
390
385
384
380
407
384
384
383
391
381
401
399
380
439
381
385
381
453
380
391
380
393
393
384
396
381
385
390
381
392
381
381
394
380
380
395
382
380
392
399
405
408
380
380
394
383
381
380
396
380
380
380
379
394
381
381
381
440
391
381
380
380
380
390
392
694
395
381
441
381
381
397
720
401
385
381
381
380
388
381
400
384
400
380
464
384
380
460
392
380
412
408
393
379
380
381
395
390
391
381
384
393
400
381
381
381
385
393
382
439
381
383
380
380
385
381
382
381
438
390
391
397
380
435
381
390
381
450
423
384
392
381
380
385
381
380
389
441
390
385
380
381
399
395
380
390
385
384
381
452
450
381
445
381
408
381
381
381
451
380
396
395
381
380
381
380
396
395
381
421
402
391
381
381
387
386
382
381
391
384
392
381
388
380
384
399
380
383
398
380
381
446
381
394
380
395
393
391
380
381
380
382
384
381
397
391
382
380
395
391
382
384
384
463
385
450
381
380
381
381
383
381
381
384
390
380
951
381
394
380
383
392
385
384
390
381
389
380
393
381
382
395
390
380
384
394
385
381
406
398
385
382
381
381
391
395
381
381
384
390
385
385
394
380
381
381
384
393
380
389
381
380
382
381
381
381
381
399
380
397
396
381
391
380
379
381
395
381
401
383
380
380
395
381
393
390
381
393
384
380
461
380
395
381
381
384
393
381
394
380
381
381
385
398
380
395
381
381
384
390
381
380
392
383
781
396
380
382
399
385
381
381
381
381
380
909
390
381
380
397
426
385
391
385
385
395
395
381
384
380
399
391
395
392
383
380
394
380
404
384
380
458
388
395
381
381
384
384
382
393
386
456
389
381
387
381
458
441
384
447
683
391
384
380
385
392
404
380
381
381
395
381
384
391
384
392
384
396
381
383
392
381
381
380
392
381
380
447
380
396
384
395
396
439
396
381
381
1083
380
380
376
380
381
380
381
385
745
380
396
380
380
895
381
380
390
384
384
381
394
381
382
380
384
380
380
376
381
426
445
391
400
381
733
394
384
434
383
383
385
380
391
396
399
380
381
381
399
400
400
380
385
381
380
392
384
387
395
381
384
386
380
391
383
392
381
381
399
380
385
384
381
