326
342
322
339
327
338
396
328
339
330
335
383
919
344
323
332
329
345
330
324
326
333
322
330
349
328
390
323
325
331
317
331
324
344
371
326
329
321
339
322
333
326
849
331
329
334
326
333
332
334
340
327
344
369
319
324
346
329
327
340
327
326
333
325
328
335
334
860
320
348
318
380
346
341
328
329
331
337
398
352
349
327
328
352
335
319
328
346
506
342
340
334
328
381
347
337
340
340
344
344
347
356
330
336
327
330
336
339
326
320
340
335
333
327
330
336
323
332
338
329
328
333
323
325
336
331
327
337
326
338
330
412
329
334
337
332
335
338
341
324
320
335
331
327
397
339
324
325
334
334
328
333
328
329
330
325
337
354
329
329
339
393
333
341
334
327
335
405
331
337
339
388
332
336
342
336
332
620
331
330
331
328
330
334
326
335
345
323
347
335
324
319
334
335
327
332
340
803
327
330
334
323
328
322
334
317
342
324
335
336
341
324
327
332
335
337
346
337
332
325
327
328
348
702
328
325
319
375
326
325
339
329
329
329
345
337
325
332
401
338
326
325
348
339
326
329
329
331
329
332
329
349
340
334
342
322
323
336
328
330
376
332
323
337
324
335
337
343
325
331
323
336
327
340
328
353
337
323
334
322
330
335
322
324
337
330
330
324
339
341
329
342
331
339
335
332
335
326
329
325
336
333
328
323
339
344
392
327
325
483
318
323
333
322
324
334
734
350
336
334
344
335
332
327
333
333
328
331
322
321
348
398
327
330
328
942
341
338
337
331
373
322
329
330
338
340
903
326
329
331
337
323
331
329
329
324
329
335
811
329
320
339
404
328
337
339
388
397
341
388
334
328
340
326
321
328
327
327
338
386
336
327
332
339
336
338
330
343
343
326
331
333
350
335
334
348
397
326
326
350
336
343
389
325
339
403
328
368
341
338
352
331
381
329
384
335
326
340
387
327
328
343
336
337
339
348
337
324
328
338
338
339
330
340
335
338
343
348
406
327
336
341
327
339
334
321
329
351
330
336
333
349
337
412
329
339
391
330
326
335
332
323
388
326
328
329
329
332
338
342
345
330
327
348
341
340
342
330
325
335
323
328
331
324
344
729
389
325
323
328
338
333
329
334
345
330
339
333
325
329
324
324
330
334
411
332
318
342
329
341
341
327
336
326
339
325
331
367
326
328
335
328
343
322
331
344
325
340
334
363
337
328
328
396
350
344
322
324
332
336
337
339
341
335
322
328
351
413
401
322
323
329
336
332
330
323
321
334
342
346
346
326
329
326
334
348
336
318
339
329
330
348
328
336
329
341
329
899
392
342
387
330
329
345
332
349
340
324
338
318
399
329
335
337
327
339
347
340
330
389
322
392
329
331
923
347
328
322
335
326
324
389
333
329
323
328
321
343
330
344
322
337
343
345
342
334
335
326
331
331
342
326
566
340
328
323
331
334
332
334
329
333
330
324
331
327
342
328
339
326
393
323
328
325
322
322
352
326
334
330
331
334
326
321
335
322
340
323
318
333
335
328
342
328
345
330
328
345
341
328
335
331
332
325
331
330
328
331
327
331
335
344
571
390
325
349
352
349
333
352
345
332
323
332
336
322
389
330
328
327
339
328
331
331
330
326
984
326
330
328
325
326
407
340
332
322
393
339
329
329
331
335
339
334
388
388
334
329
336
335
325
330
331
336
323
330
323
325
323
390
335
329
345
339
320
324
333
324
322
393
326
341
337
323
335
324
318
329
335
329
331
348
328
330
328
339
342
340
327
339
328
337
335
336
336
333
331
340
336
327
348
327
337
327
328
328
322
371
331
330
336
331
345
330
388
335
345
324
349
327
330
325
330
330
341
324
342
329
345
332
333
333
336
377
336
330
331
324
328
349
325
329
336
330
333
350
331
329
338
335
400
402
370
335
328
329
341
326
340
329
340
335
331
332
323
321
328
343
330
326
336
333
333
347
337
344
391
339
341
322
328
323
333
336
342
324
332
331
338
329
331
388
335
326
339
325
327
330
318
348
339
344
330
328
328
335
351
337
320
336
326
338
341
325
329
338
334
340
330
339
335
337
329
323
346
324
386
343
330
329
341
347
334
337
339
338
345
327
328
322
325
332
329
326
335
341
333
332
389
338
338
371
326
327
329
329
338
330
338
351
347
325
327
325
323
331
332
330
391
335
348
328
324
324
328
333
328
322
331
329
332
338
326
395
348
330
390
404
337
321
324
327
399
344
323
330
327
335
329
330
318
338
334
322
675
325
330
331
322
328
333
329
326
337
329
328
333
323
323
326
327
329
322
320
347
331
369
399
326
338
333
330
340
329
333
398
326
388
327
334
338
333
337
348
328
331
345
353
334
335
335
334
330
329
339
321
340
352
337
337
338
329
337
334
329
347
346
401
331
332
323
323
336
326
325
343
321
386
390
329
336
337
327
327
327
323
341
321
324
327
327
324
346
337
338
330
344
331
341
347
328
336
339
349
327
330
329
328
330
327
328
330
325
332
344
326
390
334
350
342
342
340
326
322
342
334
326
343
393
334
332
335
399
342
329
335
328
340
331
339
333
340
322
340
324
555
328
345
324
322
332
346
330
327
319
338
398
350
329
329
382
332
333
322
348
326
344
330
328
330
337
330
331
337
336
323
327
334
335
334
326
339
339
331
328
369
329
336
328
323
343
331
322
344
325
400
344
334
339
327
330
336
395
680
332
322
322
330
334
336
329
336
333
348
334
329
322
327
333
336
337
329
333
328
347
333
348
339
339
339
332
338
327
339
329
342
397
411
712
346
329
333
329
339
326
369
321
328
421
328
349
373
325
327
336
332
399
320
331
326
329
335
323
334
340
333
338
336
334
330
339
329
328
328
341
330
332
348
330
318
348
350
410
346
328
321
328
336
334
329
332
328
341
328
340
335
764
339
323
324
335
338
329
322
351
325
336
336
325
335
320
327
338
329
336
328
326
383
322
948
336
323
327
327
331
327
335
336
339
398
341
323
328
324
329
387
323
326
341
330
328
352
335
323
333
337
331
323
328
329
337
401
337
334
327
333
337
332
328
335
329
348
329
339
329
342
329
333
343
336
333
326
328
325
323
332
345
350
322
341
324
340
329
322
340
346
336
399
331
340
334
321
330
339
329
323
344
328
946
346
350
399
934
327
325
323
329
336
342
334
331
326
326
334
336
331
328
326
330
391
318
338
335
328
327
326
406
340
326
332
335
339
334
328
330
335
340
730
336
323
325
336
419
395
365
326
340
327
338
330
327
385
336
341
331
331
333
332
324
329
341
324
336
326
337
331
347
322
326
348
330
333
337
336
326
325
328
340
324
339
337
348
331
331
735
327
334
332
335
327
324
337
338
328
320
341
333
325
328
329
329
332
323
324
345
330
330
338
332
324
341
327
341
333
336
329
466
332
335
330
323
329
400
335
330
324
331
336
327
402
343
336
331
326
340
327
352
333
326
341
324
348
346
339
339
326
323
327
330
336
339
329
330
326
341
329
333
337
327
400
339
733
341
330
337
322
335
388
339
341
898
328
324
331
324
406
330
335
321
322
352
338
342
339
330
330
324
393
321
331
325
332
322
347
341
382
332
348
341
334
716
349
342
326
329
335
343
333
329
348
328
326
334
341
325
394
328
329
334
328
930
328
332
328
325
335
317
324
327
329
345
327
340
332
334
414
325
333
341
330
330
326
334
347
323
343
329
326
390
322
333
339
323
337
334
410
323
329
330
327
328
342
317
334
327
326
328
331
416
331
343
386
323
335
338
353
323
330
325
323
337
347
326
344
329
341
327
323
324
347
324
747
328
324
337
325
397
330
323
327
325
334
415
344
328
345
336
321
351
340
326
343
325
333
340
326
326
328
325
351
325
342
342
328
326
335
321
351
335
342
334
335
339
334
328
331
343
329
330
329
329
335
333
393
331
323
348
327
322
337
324
329
329
329
331
331
341
337
334
343
328
338
342
402
337
327
328
342
340
341
330
336
328
324
333
342
322
336
339
344
336
334
334
335
323
331
336
329
320
334
322
323
343
333
331
326
379
334
335
323
340
323
348
392
321
334
325
327
332
334
327
326
393
335
334
332
345
323
335
387
328
333
340
323
331
332
329
328
331
323
393
326
324
337
389
326
375
333
400
325
335
324
396
337
336
337
330
332
344
324
335
335
328
323
393
323
342
332
330
326
404
331
326
330
322
334
351
326
320
346
330
327
324
341
555
330
324
340
417
330
361
384
336
338
322
341
328
328
322
339
343
325
324
335
329
346
341
329
332
325
346
338
327
337
353
331
345
329
406
387
329
330
337
333
328
331
408
349
325
328
326
335
329
330
342
329
329
329
326
338
338
328
345
340
329
338
338
340
320
330
347
339
329
350
327
327
336
325
333
332
325
348
328
336
330
342
325
321
329
340
334
387
322
331
318
343
330
335
398
395
337
338
321
340
330
334
351
411
339
330
524
940
404
334
345
339
325
340
325
332
386
336
327
326
349
329
328
328
338
395
336
328
327
332
323
337
331
343
339
332
331
335
694
328
328
347
336
339
327
333
339
328
331
331
322
325
326
336
336
338
326
331
322
332
397
332
323
386
332
334
338
345
336
396
343
327
325
333
329
324
869
328
345
342
347
346
355
338
349
346
327
341
332
367
335
339
326
343
324
326
330
330
346
327
336
345
330
343
338
347
324
588
334
322
338
327
347
328
349
327
328
328
329
419
342
322
345
341
335
355
340
323
334
382
395
464
333
338
323
326
330
329
341
331
336
337
386
338
390
335
321
327
336
328
353
516
343
324
338
380
330
333
332
332
325
343
350
338
328
341
326
323
349
384
344
329
749
333
333
396
330
327
334
323
334
338
325
329
337
351
334
335
344
408
328
332
325
322
333
346
346
335
850
337
339
341
348
329
351
332
323
340
326
338
329
329
327
338
328
326
333
326
352
320
333
328
403
338
348
328
328
339
390
334
339
346
325
342
331
610
336
343
341
341
328
340
335
320
340
330
330
345
324
327
337
325
335
333
327
344
325
335
318
344
345
338
348
399
606
336
339
351
331
337
321
344
342
336
326
331
345
327
343
328
348
326
330
330
372
345
340
336
330
393
331
324
328
324
322
322
327
335
324
335
332
334
336
351
327
330
327
338
334
335
331
324
354
331
338
950
323
331
328
342
343
341
337
325
344
323
328
324
317
346
338
342
436
330
322
338
432
324
339
330
329
339
339
331
338
329
329
343
331
326
327
319
340
350
330
323
332
391
319
341
336
326
344
330
335
337
329
403
324
326
332
329
330
332
341
398
330
328
317
392
336
331
337
403
337
326
326
331
335
333
342
330
320
345
334
328
327
337
410
323
327
351
388
402
331
325
327
329
335
347
328
324
326
321
328
328
339
346
338
334
346
337
327
344
334
338
325
323
332
322
329
326
332
327
328
341
325
327
323
344
734
334
341
328
343
335
345
339
330
330
340
331
333
341
335
346
333
340
326
345
335
328
339
337
342
340
590
339
392
389
327
331
389
323
333
326
328
323
325
329
341
349
335
330
330
1061
344
351
392
337
324
323
329
322
330
934
339
357
343
344
397
415
325
338
374
339
341
341
386
334
324
323
332
332
342
321
337
418
338
326
325
359
344
331
330
329
344
342
338
338
378
321
347
335
344
327
343
329
353
335
328
333
335
323
329
330
331
323
336
323
335
322
348
337
322
347
329
362
329
345
410
328
383
329
327
323
385
331
324
332
330
324
393
332
322
341
322
345
326
338
337
330
327
326
337
321
332
326
392
337
338
323
383
380
332
333
338
344
335
337
323
329
335
334
328
343
324
323
832
339
345
333
335
403
327
326
338
342
334
338
344
337
402
337
385
326
324
323
351
343
339
331
326
325
329
323
342
336
328
343
332
318
327
332
333
329
348
329
329
338
329
321
390
327
338
332
322
348
331
331
337
326
348
340
324
331
336
329
336
326
331
325
335
327
331
339
338
345
325
340
335
322
341
336
331
326
347
327
326
327
328
327
343
328
352
328
331
339
356
413
338
325
403
323
648
332
339
336
333
342
342
322
322
334
408
328
329
341
329
336
327
323
371
340
327
328
332
337
336
324
324
345
332
346
334
395
331
402
325
335
333
325
328
333
326
328
343
344
337
338
330
350
331
337
328
329
324
347
323
350
342
335
328
335
329
329
338
332
319
328
337
334
328
335
328
332
322
329
333
331
384
317
345
343
334
337
344
340
329
341
395
330
323
330
323
332
333
341
333
339
329
322
325
337
328
330
321
327
330
381
326
332
329
339
336
380
392
323
338
337
387
340
349
335
320
336
321
339
340
349
323
370
333
321
342
346
336
355
329
396
342
333
330
342
339
342
375
336
335
346
336
324
382
334
378
340
332
339
323
340
323
329
338
415
332
336
322
331
351
328
348
334
336
325
336
335
337
333
330
344
325
338
333
340
335
336
326
342
336
397
393
354
340
337
331
327
338
333
333
341
332
322
342
340
355
339
337
335
335
334
325
336
321
322
328
336
329
319
329
325
335
348
344
362
388
325
333
335
339
342
339
351
331
330
332
337
327
342
567
324
340
331
352
328
338
330
324
327
325
342
329
348
331
340
343
339
335
329
328
332
329
330
339
325
350
328
337
333
324
322
400
327
330
326
343
335
332
327
323
383
327
332
326
330
327
353
340
477
412
321
338
333
328
339
331
340
321
342
324
335
385
335
338
328
328
334
329
337
340
336
335
375
336
332
325
349
330
330
325
324
330
336
341
328
320
349
388
338
329
338
332
349
330
341
337
329
329
326
330
354
336
329
348
336
330
346
342
338
398
354
327
339
331
345
347
339
328
342
339
339
330
336
329
330
348
336
334
348
328
325
420
332
335
321
346
325
331
328
345
324
340
341
321
399
323
338
322
325
336
342
327
325
386
328
336
336
336
330
326
339
327
333
330
340
330
322
337
323
408
331
329
389
338
336
328
323
342
328
329
325
323
331
343
348
328
354
344
340
363
324
332
332
401
773
336
327
325
326
326
340
410
323
320
334
326
329
334
325
336
328
343
329
330
326
322
335
335
326
332
329
338
323
397
339
333
332
331
341
334
322
335
326
336
326
390
332
329
393
338
335
330
328
331
407
343
328
333
330
327
328
332
331
332
332
334
363
331
346
335
332
411
334
335
335
336
333
403
336
337
332
335
335
342
348
322
331
354
352
333
324
340
334
336
325
350
350
675
321
328
339
334
748
327
329
327
324
328
340
330
330
344
325
336
328
322
336
332
695
329
397
328
331
342
329
327
334
326
333
335
331
332
332
333
337
348
339
329
337
394
321
392
336
324
324
340
343
353
339
337
342
330
329
327
353
328
340
339
337
343
348
338
341
339
336
334
330
325
328
323
337
343
352
338
323
334
327
326
337
322
351
334
335
407
332
326
329
329
324
336
349
326
336
340
329
395
396
395
337
333
938
347
328
336
334
335
328
350
350
487
348
335
364
328
847
342
330
328
344
337
323
336
334
333
337
326
338
329
337
393
340
350
330
332
323
325
338
324
338
343
334
343
345
389
328
326
323
339
397
321
333
326
330
333
345
334
331
458
323
324
329
332
319
335
337
339
332
342
348
331
332
334
323
328
322
334
338
329
335
328
326
346
348
389
390
353
329
324
339
330
351
340
327
384
347
346
322
339
338
326
334
318
337
314
338
352
342
327
326
338
340
325
338
328
334
395
327
332
343
398
329
332
325
328
337
321
348
335
330
351
330
336
341
343
322
331
324
328
322
351
323
334
345
346
338
335
340
335
333
330
339
348
349
346
318
353
345
780
325
339
339
332
323
548
331
348
335
335
325
335
325
333
334
337
332
338
339
342
328
350
333
329
387
329
340
340
327
409
329
335
332
341
334
349
349
340
326
329
338
599
338
328
347
333
382
329
346
326
327
943
329
322
509
332
344
333
339
322
323
325
322
333
324
331
322
334
338
328
339
343
333
400
339
338
341
338
340
344
337
334
330
338
340
329
745
329
345
329
329
325
329
321
324
332
384
327
328
329
372
323
334
329
349
328
390
341
326
326
340
349
321
332
348
330
341
321
329
334
328
329
337
346
338
336
353
329
339
327
337
323
326
329
332
325
333
326
331
333
326
331
344
337
359
394
333
338
330
321
335
400
338
339
340
398
325
341
329
335
335
335
332
322
338
342
342
331
330
329
387
330
333
341
326
328
327
393
332
347
340
395
328
342
329
337
332
339
326
330
342
342
339
328
324
340
527
347
394
320
343
329
328
327
345
650
339
331
330
419
329
336
348
329
334
326
335
336
327
332
328
329
339
342
347
355
327
326
345
345
351
326
344
340
392
331
327
327
342
324
333
329
336
330
337
324
323
336
331
347
336
354
334
333
329
340
324
915
340
321
318
331
329
339
331
322
330
327
339
341
331
332
325
332
330
330
342
348
320
339
414
347
336
327
338
326
329
352
323
319
335
888
337
326
322
336
406
357
336
326
350
328
329
338
324
337
327
333
329
349
338
327
399
369
338
350
334
320
334
334
324
331
340
332
336
337
331
320
324
335
334
408
328
337
331
333
726
335
340
330
343
324
337
343
322
334
330
334
328
330
335
343
330
335
332
341
326
326
334
324
337
343
324
336
407
336
332
418
367
330
326
328
399
340
324
341
324
331
322
323
322
350
333
337
335
326
395
326
344
341
332
335
339
339
352
329
331
339
342
333
348
330
334
340
331
330
329
328
390
326
341
328
331
329
414
336
339
341
324
329
333
341
340
339
332
336
325
397
325
324
326
329
331
323
348
322
328
335
322
329
327
322
340
335
334
322
324
332
405
344
330
344
327
325
331
328
325
322
329
339
337
326
328
335
323
339
318
324
327
350
324
393
337
347
339
321
347
322
342
352
337
333
668
342
343
327
880
329
340
337
329
350
353
339
326
325
344
387
336
329
324
327
324
338
327
335
335
329
336
322
323
394
342
325
321
327
330
394
338
327
339
349
338
410
336
323
329
406
340
343
339
345
342
330
331
343
336
347
334
335
346
958
389
339
333
326
339
327
701
333
321
327
325
321
332
330
331
336
323
332
329
339
340
371
395
329
329
333
324
327
322
327
337
344
329
328
338
324
350
388
320
329
327
344
336
350
331
328
327
349
335
345
331
342
401
336
335
339
350
406
336
329
337
