3207
3228
3220
3244
3229
3206
3209
3265
3329
3222
3210
3260
3239
3249
3249
3315
3239
3300
3457
3303
3238
3213
3211
3202
3240
3248
3242
3233
3210
3237
3969
3267
3253
3211
3238
3265
3225
3259
3247
3233
3327
3235
3309
3243
3277
3578
3252
3211
3241
3272
3760
3284
3328
3244
3271
3272
3246
3206
3230
3244
3241
3230
3232
3236
3303
3226
3227
3250
3235
3296
3231
3210
3228
3255
3212
3210
3239
3242
3239
3254
3245
3269
3234
3241
3226
3255
3280
3233
3211
3213
3251
3213
3244
3209
3297
3234
3241
3229
3243
3238
3258
3272
3282
3265
3228
3261
3217
3269
3229
3386
3233
3201
3225
3238
3235
3227
3241
3244
3221
3229
3236
3237
3228
3211
3205
3229
3289
3247
3266
3261
3285
3286
3233
3231
3266
3230
3212
3209
3201
3205
3210
3211
3211
3236
3257
3230
3227
3215
3294
3476
3325
3269
3251
3235
3233
3240
3300
3232
3240
3238
3213
3226
3645
3234
3201
3234
3239
3212
3255
3215
3213
3243
3283
3292
3270
3254
3228
3261
3235
3231
3241
3230
3208
3231
3247
3243
4071
3209
3215
3204
3209
3236
3358
3232
3232
3219
3293
3235
3232
3223
3239
3265
3255
3230
3204
3264
3234
3257
3208
3234
3277
3232
3176
3328
3262
3216
3217
3318
3212
3240
3605
3236
3237
3240
3225
3238
3209
3260
3227
3232
3247
3209
3236
3237
3229
3229
3242
3237
3243
3218
3242
3228
3271
3240
3234
3207
3232
3210
3236
3266
3226
3274
3255
3234
3273
4191
3243
3229
3935
3210
3236
3240
3237
3233
3226
3243
3262
3246
3220
3282
3331
3274
3232
3251
3552
3256
3213
3266
3207
3211
3233
3284
3269
3275
3285
3213
3243
3271
3250
3312
3206
3212
3261
3249
3237
3314
3237
3233
3234
3255
3323
3250
3210
3242
3265
3229
3263
3231
3203
3211
3229
3252
3241
3213
3211
3242
3233
3309
3208
3616
3241
3217
3260
3213
3220
3247
3207
3254
3218
3256
3208
3242
3237
3216
3232
3257
3245
3254
3279
3241
3233
3230
3233
3222
3208
3244
3243
3241
3315
3229
3282
3238
3310
3225
3215
3241
3238
3210
3279
3221
3207
3312
3287
3237
3230
3224
3227
3244
3241
3213
3301
3233
3241
3220
3229
3205
3238
3241
3231
3234
3239
3227
3204
3320
3205
3210
3338
3267
3272
3272
3208
3226
3317
3232
3255
3276
3302
3249
3277
3229
3253
3311
3280
3236
3277
3260
3209
3301
3258
3269
3211
3206
3238
3238
3203
3247
3227
3235
3232
3230
3230
3214
3213
3280
3228
3218
3238
3261
3281
3261
3524
3232
3236
3228
3236
3209
3209
3266
3297
3201
3235
3256
3255
3280
3235
3204
3231
3231
3232
3275
3243
3206
3244
3255
3238
3236
3230
3283
3242
3229
3231
3235
3244
3230
3204
3229
3306
3260
3250
3233
3577
3155
3226
3266
3266
3208
3270
3206
3302
3231
3278
3226
3258
3232
3214
3296
3260
3238
3236
3243
3248
3231
3283
3223
3233
3244
3237
3274
3268
3236
3230
3236
3257
3246
3234
3234
3262
3202
3260
3234
3230
3229
3246
3243
3306
3241
3440
3216
3211
3521
3211
3204
3237
3251
3266
3206
3236
3222
3236
3255
3219
3230
3212
3259
3245
3223
3221
3246
3216
3259
3213
3273
3312
3236
3225
3273
3209
3231
3249
3268
3205
3229
3208
3234
3228
3205
3274
3235
3231
3231
3218
3235
3280
3215
3231
3272
3243
3282
3233
3224
3211
3230
3212
3233
3252
3217
3235
3211
3236
3243
3226
3210
3234
3242
3212
3235
3209
3202
3227
3236
3233
3282
3213
3269
3241
3247
3233
3239
3269
3234
3303
3239
3237
3235
3269
3240
3240
3278
3237
3291
3232
3273
3274
3246
3252
3224
3327
3272
3248
3286
3204
3218
3240
3243
3278
3242
3250
3229
3248
3281
3220
3281
3243
3261
3275
3238
3234
3232
3237
3384
3223
3236
3233
3271
3236
3269
3239
3305
3266
3274
3248
3238
3209
3246
3249
3234
3804
3242
3240
3239
3211
3256
3232
3231
3257
3303
3250
3245
3268
3240
3208
3234
3231
3437
3238
3223
3234
3232
3236
3239
3275
3223
3220
3235
3212
3225
3234
3239
3243
3266
3230
3291
3528
3232
3262
3235
3476
3241
3260
3240
3242
3286
3213
3309
3212
3217
3216
3203
3229
3255
3213
3208
3245
3228
3286
3245
3212
3471
3220
3271
3202
3249
3211
3235
3202
3245
4518
3206
3278
3216
3218
3249
3252
3257
3234
3204
3240
3232
3231
3247
3233
3236
3897
3231
3242
3239
3250
3233
3238
3260
3209
3207
3279
3242
3243
3211
3206
3225
3235
3248
3238
3203
3238
3437
3242
3203
3276
3228
3246
3224
3210
3251
3252
3248
3291
3237
3234
3270
3230
3225
3234
3237
3231
3337
3233
3205
3266
3262
3285
3271
3229
3223
3229
3201
3247
3238
3235
3234
3234
3233
3241
3234
3236
3236
3245
3209
3268
3235
3242
3245
3222
3228
3206
3244
3245
3230
3316
3294
3238
3237
3230
3207
3285
3225
3309
3291
3228
3228
3235
3248
3251
3220
3226
3206
3244
3209
3215
3241
3251
3288
3225
3249
3281
3233
3205
3241
3251
3244
3214
3212
3321
3231
3257
3294
3252
3280
3238
3630
3212
3239
3237
3210
3207
3284
3252
3242
3217
3240
3234
3232
3207
3209
3226
3205
3238
3239
3210
3233
3249
3261
3244
3204
3241
3225
3236
3247
3299
3209
3214
3244
3240
3226
3218
3245
3216
3234
3227
3266
3296
3287
3266
3270
3252
3242
3212
3317
3286
3302
3265
3219
3231
3253
3279
3279
3279
3384
3227
3296
3203
3208
3243
3240
3230
3244
3213
3311
3292
3229
3244
3322
3234
3314
3209
3235
3201
3237
3251
3232
3241
3230
3259
3251
3262
3300
3293
3259
3228
3266
3241
3236
3238
3314
3230
3232
3236
3205
3258
3206
3249
3246
3236
3211
3653
3204
3239
3259
3208
3236
3233
3240
3343
3261
3362
3269
3223
3231
3251
3234
3211
3243
3804
3313
3302
3244
3231
3223
3240
3254
3242
3215
3258
3222
3224
3267
3258
3277
3255
3283
3243
3241
3228
3232
3232
3229
3249
3239
3239
3244
3312
3231
3220
3264
3296
3223
3243
3239
3244
3246
3221
3293
3206
3478
3238
3214
3261
3233
3229
3231
3207
3207
3205
3211
3271
3210
3221
4149
3229
3221
3209
3222
3220
3227
3280
3229
3229
3254
3226
3230
3232
3240
3329
3210
3238
3238
3231
3293
3221
3240
3211
3255
3237
3214
3245
3239
3230
3308
3223
3276
3245
3226
3255
3288
3219
3280
3201
3248
3214
3226
3239
3227
3209
3211
3286
3281
3233
3231
3277
3231
3234
3247
3210
3242
3235
3236
3210
3236
3243
3229
3269
3240
3228
3210
3237
3261
3240
3234
3227
3267
3259
3236
3254
3214
3284
3244
3273
3231
3229
3263
3195
3275
3227
3207
3261
3226
3284
3220
3232
3280
3209
3205
3239
3228
3210
3238
3270
3246
3210
3237
3232
3257
3218
3207
3230
3225
3241
3233
3204
3229
3207
3282
3237
3214
3307
3262
3205
3275
3598
3240
3247
3234
3259
3259
3208
3237
3230
3293
3228
3251
3230
3229
3210
3601
3299
3303
3214
3247
3206
3207
3218
3227
3218
3246
3281
3245
3238
3218
3240
3217
3239
3235
3828
3964
3250
3239
3236
3213
3243
3248
3324
3227
3239
3223
3237
3263
3264
3224
3214
3213
3226
3245
3209
3213
3229
3236
3241
3211
3265
3203
3202
3218
3236
3269
3203
3208
3239
3232
3230
3265
3237
3228
3242
3209
3235
3244
3318
3235
3254
3243
3215
3287
3243
3235
3242
3246
3233
3236
3239
3235
3229
3375
3264
3206
3300
3233
3240
3236
3222
3230
3232
3211
3209
3249
3222
3247
3234
3210
3237
3241
3289
3314
3234
3211
3209
3235
3237
3226
3212
3230
3237
3235
3301
3234
3228
3260
3175
3213
3252
3216
3259
3207
3194
3290
3249
3248
3236
3232
3234
3243
3216
3226
3267
3235
3235
3291
3215
3246
3207
3243
3233
3260
3284
3227
3229
3230
3244
3212
3238
3251
3490
3208
3217
3244
3218
3228
3226
3245
3235
3241
3212
3221
3218
3231
3274
3228
3241
3280
3273
3213
3236
3257
3208
3242
3295
3242
3234
3248
3232
3205
3233
3227
3213
3211
3235
3278
3267
3237
3228
3236
3266
3207
3206
3241
3212
3317
3236
3242
3235
3239
3228
3211
3209
3235
3270
3328
3271
3231
3225
3281
3226
3499
3205
3234
3240
3224
3244
3292
3245
3276
3210
3299
3244
3206
3286
3245
3231
3247
3227
3210
3241
3247
3229
3231
3245
3281
3229
3229
3251
3231
3266
3263
3276
3288
3270
3281
3234
3329
3218
3239
3231
3242
3270
3320
3211
3211
3245
3265
3256
3251
3242
3230
3210
3295
3292
3279
3229
3230
3216
3398
3298
3302
3268
3229
3236
3242
3235
3287
3291
3220
3261
3231
3232
3218
3227
3221
3244
3231
3214
3229
3226
3232
3229
3232
3242
3230
3211
3234
3329
3226
3233
3234
3219
3244
3233
3239
3250
3235
3230
3229
3279
3223
3232
3205
3227
3262
3242
3253
3229
3212
3211
3259
3232
3256
3254
3217
3264
3240
3222
3237
3289
3241
3231
3272
3240
3229
3205
3241
3242
3280
3240
3264
3230
3229
3235
3290
3257
3297
3231
3232
4835
3205
3214
3238
3229
3207
3232
3201
3227
3310
3211
3296
3212
3204
3428
3230
3242
3237
3239
3235
3207
3240
3218
3227
3324
3235
3263
3260
3295
3238
3273
3243
3236
3242
3223
3777
3235
3253
3246
3248
3301
3241
3243
3202
3243
3232
3243
3215
3234
3230
3210
3211
3216
3263
3237
3206
3252
3242
3231
3227
3203
3240
3345
3213
4120
3209
3243
3212
3223
3257
3278
3260
3254
3234
3235
3233
3278
3245
3252
3272
3225
3214
3244
3258
3223
3297
3237
3250
3224
3242
3233
3230
3227
3233
3254
3230
3239
3241
3280
3266
3239
3302
3266
3211
3234
3210
3248
3229
3306
3231
3234
3230
3238
3214
3225
3233
3237
3220
3973
3223
3243
3229
3233
3216
3232
3253
3237
3247
3239
3213
3214
3255
3232
3233
3239
3223
3231
3237
3217
3492
3247
3211
3248
3205
3213
3254
3280
3285
3270
3321
3234
3229
3234
3214
3216
3219
3269
3236
3235
3232
3225
3251
3270
3223
3213
3248
3228
3228
3230
3200
3254
3233
3208
3237
3240
3206
3233
3246
3243
3324
3207
3272
3234
3256
3207
3209
3211
3237
3273
3303
3190
3268
3228
3238
3249
3236
3275
3259
3237
3242
3253
3208
3237
3248
3245
3416
3280
3234
3283
3240
3258
3473
3293
3234
3209
3212
3226
3642
3305
3240
3233
3261
3258
3205
3210
3232
3214
3217
3309
3214
3208
3207
3247
3213
3239
3264
3209
3258
3233
4960
3203
3243
3232
3298
3234
3248
3209
3235
3220
3206
3279
3232
3213
3238
3239
3335
3227
3269
3213
3241
3212
3230
3216
3238
3252
3268
3210
3238
3234
3276
3234
3230
3237
3234
3252
3231
3251
3213
3205
3211
3245
3209
3208
3234
3259
3244
3215
3225
3250
3224
3225
3237
3261
3250
3224
3262
3204
3234
3233
3234
3233
3227
3245
3207
3216
3210
3227
3249
3238
3239
3205
3210
3255
3233
3236
3226
3235
3224
3211
3273
3323
3258
3227
3237
3265
3230
3236
3205
3267
3302
3299
3235
3237
3246
3230
3217
3275
3225
3231
3264
3235
3239
3237
3361
3237
3277
3233
3248
3213
3225
3210
3230
3279
3281
3259
3235
3238
3248
3237
3236
3202
3257
3269
3231
3266
3287
3248
3256
3253
3237
3237
3211
3233
3209
3239
3306
3244
3236
3265
3234
3229
3233
3241
3243
3236
3222
3209
3302
3334
3234
3228
3222
3230
3275
3213
3260
3252
3311
3304
3234
3299
3228
3257
3251
3211
3210
3234
3214
3235
3222
3253
3280
3235
3274
3229
3237
3228
3229
3238
3238
3211
3229
3609
3243
3232
3279
3262
3262
3208
3266
3229
3238
3236
3233
3254
3229
3282
3266
3263
3287
3235
3236
3226
3237
3234
3235
3321
3214
3287
3213
3256
3249
3262
3233
3288
3274
3273
3218
3283
3275
3281
3229
3207
3204
3248
3207
3233
3251
3209
3238
3242
3229
3308
3218
3231
3234
3230
3244
3218
3206
3231
3228
3229
3239
3225
3240
3233
3278
3209
3210
3253
3272
3227
3234
3291
3231
3203
3236
3260
3262
3305
3235
3205
3218
3238
3254
3240
3243
3213
3246
3229
3231
3251
3223
3227
3229
3236
3211
3208
3207
3210
3264
3234
3229
3238
3248
3258
3245
3249
3239
3257
3251
3207
3205
3271
3213
3225
3312
3236
3239
3255
3235
3263
3246
3279
3244
3233
3248
3252
3317
3254
3213
3214
3213
3211
3272
3234
3211
3237
3236
3230
3247
3278
3279
3308
3329
3248
3253
3213
3258
3223
3220
3222
3206
3205
3274
3212
3200
3233
3235
3239
3213
3274
3264
3247
3228
3214
3233
3233
3307
3221
3211
3300
3239
3248
3278
3271
3239
3265
3226
3292
3737
3223
3286
3269
3240
3246
3210
3235
3236
3231
3207
3263
3228
3224
3200
3231
3319
3262
3286
3235
3236
3254
3243
3217
3229
3216
3228
3269
3212
3240
3250
3319
3260
3244
3231
3241
3241
3255
3210
3300
3328
3199
3262
3305
3238
3230
3218
3240
3227
3236
3231
3215
3219
3245
3237
3230
3220
3195
3211
3233
3233
3257
3224
3242
3287
3222
3235
3213
3205
3246
3214
3209
3197
3228
3228
3247
3278
3250
3272
3272
3488
3300
3235
3290
3243
3215
3228
3295
3302
3311
3235
3311
3248
3229
3365
3240
3236
3226
3224
3202
3233
3248
3306
3248
3268
3232
3473
3208
3242
3267
3567
3302
3319
3298
3286
3244
3284
3243
3363
3237
3238
3237
3242
3770
3244
3279
3304
3283
3211
3317
3277
3277
3275
3205
3232
3270
3231
3227
3271
3291
3235
3220
3225
3241
3234
3317
3286
3238
3266
3314
3238
3235
3248
3205
3691
3232
3234
3229
3234
3235
3230
3304
3234
3231
3268
3228
3213
3236
3252
3233
3241
3248
3233
3263
3267
3250
3230
3229
3204
3210
3221
3251
3285
3242
3206
3207
3281
3218
3244
3226
3211
3215
3235
3209
3281
3228
3231
3315
3276
3304
3245
3235
3238
3273
3254
3285
3303
3216
3232
3252
3250
3242
3247
3273
3261
3240
3231
3269
3239
3292
3297
3241
3307
3270
3240
3299
3241
3230
3233
3242
3205
3259
3253
3304
3833
3172
3246
3241
3228
3211
3245
3235
3301
3217
3225
3225
3266
3277
3236
3313
3252
3261
3207
3239
3230
3175
3208
3234
3237
3475
3235
3265
3238
3239
3294
3263
3281
3226
3243
3255
3244
3233
3224
3227
3225
3216
3207
3243
3288
3282
3290
3210
3244
3253
3249
3250
3306
3234
3213
3224
3242
3247
3207
3258
3236
3210
3322
3205
3218
3290
3278
3277
3243
3235
3234
3216
3213
3274
3308
3244
3349
3239
3238
3230
3256
3236
3229
3246
3224
3250
3268
3239
3247
3304
3253
3206
3286
3252
3244
3260
3210
3229
3239
3246
3215
3213
3250
3211
3323
3233
3217
3207
3229
3210
3249
3208
3243
3232
3232
3244
3244
3233
3213
3247
3251
3205
3228
3244
3208
3295
3230
3230
3246
3209
3265
3245
3206
3241
3205
3212
3228
3264
3284
3201
3255
3235
3227
3233
3231
3268
3230
3801
3231
3237
3233
3281
3230
3210
3298
3225
3226
3230
3239
3244
3264
3211
3235
3211
3230
3242
3210
3237
3265
3235
3230
3247
3229
3250
3246
3234
3216
3210
3270
3232
3216
3266
3232
3318
3238
3235
3236
3211
3227
3224
3292
3217
3274
3303
3272
3280
3263
3206
3287
3241
3216
3237
3216
3243
3239
3207
3228
3211
3247
3242
3216
3219
3366
3203
3239
3208
3226
3237
3234
3257
3244
3268
3244
3214
3226
3229
3210
3216
3251
3203
3268
3234
3240
3268
3234
3279
3246
3270
3234
3257
3227
3242
3283
3207
3261
3268
3248
3241
3319
3281
3235
3243
3244
3229
3209
3232
3232
3209
3207
3229
3208
3236
3275
3206
3338
3226
3206
3248
3301
3243
3231
3260
3229
3242
3216
3278
3203
3238
3236
3241
3719
3286
3207
3233
3231
3238
3238
3309
3241
3209
3213
3250
3263
3231
3238
3231
3206
3288
3335
3228
3229
3316
3278
3265
3208
3231
3239
3213
3231
3241
3635
3211
3249
3239
3210
3209
3233
3272
3208
3200
3258
3237
3236
3237
3233
3211
3235
3300
3215
3265
3334
3208
3230
3275
3232
3294
3212
3210
3257
3237
3235
3233
3311
3306
3237
3266
3230
3217
3242
3229
3292
3229
3229
3235
3239
3237
3274
3247
3249
3240
3620
3199
3305
3235
3244
3276
3265
3247
3234
3215
3264
3209
3212
3200
3235
3218
3205
3288
3407
3234
3214
3214
3228
3260
3205
3237
3207
3234
3203
3239
3269
3214
3282
3356
3249
3276
3252
3224
3251
3227
3238
3224
3209
3213
3226
3235
3236
3240
3236
3306
3230
3229
3296
3249
3238
3247
3249
3239
3235
3283
3291
3215
3304
3295
3229
3231
3267
3306
3219
3264
3226
3330
3237
3217
3211
3209
3334
3245
3244
3279
3211
3215
3241
3213
3254
3220
3333
3269
3235
3210
3322
3209
3330
3292
3241
3234
3208
3231
3232
3247
3211
3231
3209
3231
3238
3264
3207
3271
3232
3263
3234
3231
3272
3231
3254
3257
3267
3248
3252
3299
3211
3228
3230
3240
3208
3212
3232
3239
3210
3241
3272
3230
3243
3235
3214
3231
3204
3219
3204
3234
3247
3208
3811
3208
3211
3231
3238
3235
3255
3239
3264
3229
3283
3208
3219
3207
3238
3211
3237
3265
3205
3219
3205
3242
3215
3203
3251
3231
3227
3237
3261
3263
3261
3236
3209
3243
3227
3257
3179
3209
3249
3254
3240
3231
3212
3207
3212
3212
3258
3247
3210
3236
3248
3234
3230
3228
3219
3232
3294
3247
3214
3233
3244
3268
3240
3226
3229
3214
3240
3236
3250
3270
3256
3222
3245
3253
3302
3270
3229
3253
3228
3241
3242
3261
3247
3253
3237
3278
3239
3208
3246
3237
3253
3290
3228
3236
3214
3310
3270
3238
3208
3212
3250
3265
3245
3242
3247
3262
3253
3233
3237
3233
3246
3237
3256
3232
3262
3259
3243
3235
3261
3214
3230
3231
3240
3272
3227
3181
3242
3268
3246
3246
3228
3287
3228
3187
3302
3209
3222
3232
3208
3339
3233
3248
3223
3230
3289
3287
3230
3235
3274
3229
3225
3235
3235
3229
3239
3248
3204
3276
3235
3220
3231
3234
3216
3233
3255
3229
3281
3239
3265
3304
3598
3230
3228
3225
3221
3300
3204
3204
3234
3213
3292
3243
3261
3296
3261
3211
3235
3230
3229
3231
3206
3260
3239
3249
3247
3210
3265
3251
3255
3222
3246
3279
3262
3233
3282
3299
3263
3225
3208
3228
3344
3308
3231
3224
3325
3237
3213
3231
3236
3237
3279
3312
3236
3235
3257
3233
3261
3248
3213
3240
3228
3225
3321
3229
3231
3240
3233
3215
3248
3230
3200
3355
3299
3245
3232
3242
3239
3236
3226
3238
3286
3226
3426
3220
3224
3206
3206
3212
3240
3229
3233
3257
3220
3245
3299
3282
3267
3235
3275
3202
3313
3226
3229
3232
3242
3216
3245
3256
3235
3243
3220
3246
3208
3237
3242
3253
3235
3213
3232
3245
3207
3212
3237
3295
3303
3302
3251
3252
3239
3233
3219
3226
3250
3660
3220
3239
3228
3213
3218
3234
3268
3211
3223
3252
3239
3227
3215
3256
3210
3209
3256
3270
3234
3233
3267
3235
3205
3243
3237
3229
3237
3233
3231
3209
3250
3235
3230
3245
3241
3213
3207
3235
3237
3296
3210
3237
3231
3241
3205
3212
3283
3235
3271
3223
3205
3207
3227
3238
3241
3241
3209
3242
3250
3229
3236
3211
3241
3238
3234
3235
3246
3238
3220
3237
3220
3217
3256
3251
3220
3281
3267
3246
3233
3277
3234
3213
3278
3275
3207
3234
3235
3230
3235
3239
3204
3284
3206
3230
3232
3220
3241
3276
3229
3334
3242
3241
3290
3230
3213
3236
3256
3236
3238
3279
3203
3237
3272
3228
3241
3245
3252
3211
3247
3235
3250
3208
3227
3221
3255
3232
3232
3240
3238
3207
3239
3210
3230
3209
3233
3238
3333
3226
3206
3282
3205
3238
3288
3233
3357
3232
3223
3250
3228
3234
3231
3232
3238
3202
3237
3209
3215
3239
3207
3255
3211
3235
3215
3218
3381
3216
3231
3235
3310
3277
3229
3243
3278
3218
3230
3228
3205
3234
3234
3214
3203
3229
3250
3247
3207
3243
3227
3234
3232
3239
3244
3211
3213
3246
3229
3214
3230
3221
3211
3214
3230
3235
3244
3255
3254
3279
3306
3225
3263
3235
3224
3231
3204
3276
3234
3231
3336
3241
3238
3237
3236
3243
6066
3220
3239
3233
3265
3210
3227
3258
3237
3283
3284
3277
3286
3323
3247
3300
3239
3239
3240
3309
3232
3203
3229
3221
3247
3237
3209
3330
3244
3246
3237
3232
3208
3210
3214
3207
3245
3287
3241
3237
3465
3242
3231
3227
3230
3233
3239
3250
3247
3228
3289
3313
3220
3272
3340
3253
3299
3236
3267
3233
3248
3220
3278
3282
3227
3276
3274
3254
3237
3231
3229
3255
3234
3233
3211
3235
3225
3259
3238
3225
3239
3257
3232
3234
3210
3208
3211
3208
3238
3270
3239
3340
3242
3232
3209
3234
3240
3233
3238
3233
3231
3203
3245
3354
3211
3222
3245
3240
3231
3212
3210
3222
3208
3247
3244
3273
3234
3211
3233
3264
3230
3239
3250
3242
3202
3232
3242
3242
3216
3489
3247
3232
3206
3208
3230
3231
3209
3217
3214
3242
3240
3215
3225
3243
3211
3214
3215
3279
3237
3249
3234
3262
3231
3210
3275
3229
3249
3234
3226
3232
3238
3215
3280
3224
3319
3230
3212
3243
3209
3233
3248
3309
3250
3216
3279
3208
3250
3301
3276
3280
3282
3244
3607
3305
3289
3264
3221
3270
3465
3256
3247
3276
3278
3215
3225
3232
3211
3209
3260
3366
3232
3211
3208
3206
3218
3240
3244
3258
3246
3236
3246
3348
3257
3229
3223
3207
3213
3216
3205
3242
3399
3279
3327
3215
3217
3245
3231
3212
3234
3261
3211
3210
3233
3238
3274
3242
3241
3239
3231
3232
3459
3231
3230
3229
3308
3207
3238
3211
3208
3211
3218
3249
3304
3236
3275
3220
3948
3215
3213
3232
3232
3260
3206
3239
3217
3240
3205
3238
3235
3275
3237
3204
3229
3208
3322
3269
3303
3233
3282
3247
3211
3268
4142
3208
3246
3231
3239
3264
3237
3308
3235
3245
3238
3271
3253
3285
3262
3214
3236
3206
3238
3211
3205
3248
3181
3205
3287
3235
3268
3252
3229
3234
3215
3306
3209
3222
3205
3205
3250
3239
3207
3221
3241
3273
3267
3234
3232
3261
3292
3280
3281
3236
3236
3227
3231
3247
3313
3267
3283
3270
3273
3242
3272
3287
3223
3239
3208
3208
3270
3245
3271
3222
3227
3249
3236
3211
3277
3241
3306
3274
3210
3207
3249
3248
3253
3238
3277
3305
3265
3223
3231
3239
3305
3314
3289
3208
3227
3229
3235
3212
3233
3207
3207
3241
3250
3245
3218
3243
3259
3239
3212
3237
3214
3227
3268
3550
3219
3299
3238
3209
3241
3231
3227
3249
3203
3230
3239
3232
3236
3248
3230
3252
3235
3215
3265
3291
3201
3217
3200
3233
3270
3232
3225
3234
3228
3227
3224
3242
3211
3258
3222
3421
3237
3247
3238
3234
3212
3220
3313
3235
3221
3274
3255
3226
3229
3253
3236
3213
3241
3262
3314
3232
3225
3238
3231
3229
3204
3231
3211
3243
3283
3213
3276
3229
3210
3211
3233
3266
3232
3237
3265
3208
3227
3235
3211
3231
3234
3281
3229
3238
3228
3274
3235
3249
3363
3270
3287
3207
4625
3227
3229
3237
3329
3213
3211
3233
3233
3237
3237
3216
3209
3238
3281
3238
3233
3263
3231
3294
3236
3287
3297
3297
3261
3231
3213
3238
3236
3209
3210
3253
3164
3213
3233
3228
3316
3212
3231
3277
3207
3229
3240
3230
3245
3215
3244
3225
3309
3241
3214
3248
3203
3211
3215
3212
3229
3348
3232
3211
3256
3238
3236
3279
3250
3209
3238
3247
3231
3226
3290
3212
3245
3240
3231
3229
3234
3207
3235
3236
3248
3214
3244
3218
3213
3231
3236
3206
3207
3219
3272
3214
3209
3210
3231
3212
3240
3210
3236
3239
3236
3235
3226
3284
3244
3212
3279
3232
3226
3212
3237
3209
3256
3289
3203
3211
3257
3209
3475
3236
3273
3234
3209
3236
3247
3246
3250
3235
3219
3299
3226
3226
3242
3244
3230
3239
3226
3210
3238
3220
3229
3228
3232
3242
3236
3207
3324
3272
3233
3211
3248
3260
3236
3233
3232
3235
3239
3277
3257
3243
3230
3309
3272
3241
3245
3244
3241
3231
3336
3217
3212
3297
3228
3306
3217
3237
3209
3236
3235
3269
3207
3234
3230
3222
3273
