386
372
366
340
374
367
381
363
368
363
378
360
363
365
348
365
364
365
377
367
374
361
364
371
354
363
365
364
364
363
369
359
365
363
357
364
375
369
354
356
365
361
366
363
357
368
364
376
364
429
374
365
373
380
364
359
364
363
374
362
434
366
377
358
933
365
368
410
364
364
365
379
373
364
364
363
366
364
365
436
372
362
364
367
368
364
363
379
365
368
444
377
370
335
340
367
363
365
450
368
364
364
362
364
368
373
366
364
363
373
373
429
366
364
375
364
364
423
361
373
363
374
363
366
367
363
364
365
363
364
364
376
369
363
363
380
433
367
364
364
366
377
435
371
377
363
363
362
363
374
367
361
367
357
363
383
391
359
365
363
363
367
363
442
622
364
373
362
370
427
365
367
367
383
342
375
364
454
367
362
354
364
379
376
363
364
339
368
364
377
789
368
359
366
364
436
365
366
364
367
438
363
499
363
366
363
373
365
374
363
377
364
687
353
369
364
368
366
363
354
363
365
364
364
363
363
366
364
363
373
385
364
365
350
363
376
373
376
364
363
364
363
367
366
365
375
372
387
374
366
363
364
363
374
366
375
364
364
378
365
374
366
364
363
365
364
368
363
374
364
361
367
364
367
364
458
363
514
363
362
363
464
364
363
371
365
380
391
364
363
374
376
364
376
374
363
425
353
372
432
366
371
364
370
829
365
362
367
637
364
378
363
368
378
371
363
364
368
362
364
356
362
367
364
364
364
364
364
364
357
346
364
430
375
363
368
370
375
373
368
364
365
405
367
378
355
366
378
805
364
366
420
375
364
366
364
365
425
364
742
368
375
362
359
367
364
379
367
363
364
363
362
373
381
426
421
366
372
365
368
364
366
362
365
364
367
367
365
363
363
366
373
367
366
364
364
362
364
365
365
423
364
365
436
362
364
439
372
364
381
367
373
368
358
363
363
375
374
363
374
367
437
368
364
374
374
418
364
364
361
364
366
367
356
363
367
364
364
371
365
364
362
374
377
424
365
372
362
362
364
362
340
363
361
363
365
364
366
374
368
362
359
368
364
369
362
364
423
366
389
364
374
367
375
348
364
364
373
418
372
362
380
364
366
378
364
366
364
379
362
373
360
376
368
364
362
368
367
364
374
367
372
365
364
364
384
362
363
364
371
379
372
363
375
368
375
1058
342
364
364
363
365
363
362
1060
364
364
362
367
364
393
364
429
364
335
377
375
367
364
373
363
379
360
423
368
376
368
374
360
364
429
363
364
362
380
364
369
369
375
373
368
366
369
375
361
379
368
364
382
365
375
374
364
363
363
364
364
364
365
367
369
375
729
433
362
365
364
366
363
365
377
372
364
366
378
379
447
403
359
365
364
363
373
352
365
434
382
363
364
344
364
342
366
367
363
364
367
432
726
365
364
377
364
439
373
378
361
409
365
364
382
409
365
352
431
364
355
353
363
362
367
364
371
373
379
363
374
364
364
375
368
364
374
433
367
362
377
363
373
367
362
364
368
363
365
373
364
364
365
362
812
363
430
368
380
365
359
363
429
364
359
367
372
362
426
364
373
364
378
378
363
367
364
364
375
364
359
383
379
363
367
364
364
363
363
367
364
364
362
363
364
363
373
367
368
373
375
364
363
365
369
364
380
363
368
364
363
367
343
363
374
373
362
375
363
359
364
365
367
367
362
380
370
363
364
374
379
362
365
368
368
363
362
363
364
425
371
363
357
365
367
363
374
371
364
364
364
368
373
857
363
367
364
361
364
363
373
382
368
363
362
376
343
335
382
371
365
381
364
373
437
363
363
366
364
364
373
367
364
363
368
378
375
364
364
363
365
364
365
364
364
373
367
363
356
434
440
363
366
363
367
361
368
363
364
372
370
366
361
374
367
368
363
365
378
362
364
367
363
379
367
377
345
363
379
364
424
431
374
428
364
426
367
368
373
372
380
365
367
373
362
802
368
438
1072
350
367
365
383
368
364
362
365
364
364
377
373
367
364
363
382
364
365
368
364
373
373
373
365
363
379
373
381
372
366
364
362
364
365
364
365
363
375
363
373
383
377
374
365
366
369
365
366
363
364
361
341
364
1172
368
372
425
825
377
364
377
351
354
364
365
364
374
364
430
368
364
364
365
364
339
364
368
368
364
370
364
336
374
367
388
365
364
383
384
365
367
360
364
367
367
373
373
368
388
364
364
429
378
364
368
464
363
365
364
364
364
367
375
363
363
373
365
363
367
367
365
356
365
368
363
393
365
362
858
362
373
364
379
363
365
363
377
357
363
374
378
377
364
373
437
367
370
376
374
365
365
374
364
365
369
364
366
432
367
364
376
365
364
429
379
367
366
365
363
367
365
363
368
380
360
362
361
362
364
412
341
363
371
366
340
362
366
364
428
364
363
364
363
452
378
374
379
364
362
371
426
368
362
364
368
375
347
361
367
364
364
425
364
363
367
364
373
378
363
366
375
373
369
371
364
368
423
377
366
439
360
372
369
355
365
363
363
368
377
368
378
364
381
365
363
350
375
426
367
363
373
375
362
363
368
433
364
338
362
364
363
364
372
362
365
364
373
373
377
364
1055
363
363
427
364
446
341
368
363
365
367
368
344
374
364
367
376
371
364
364
366
363
368
366
364
422
361
367
362
363
354
366
362
364
363
368
431
367
365
366
371
364
367
382
364
364
377
363
366
378
375
364
378
364
377
356
359
364
364
366
373
427
383
341
363
365
367
375
429
364
346
367
374
363
359
382
360
364
356
363
378
364
377
421
345
373
363
365
365
377
363
374
364
364
374
381
367
656
364
372
364
360
363
365
379
367
363
821
371
364
377
383
364
362
366
363
365
367
367
364
364
364
364
364
374
377
369
362
370
367
363
364
337
363
419
365
341
366
368
378
482
364
371
374
364
364
361
364
365
369
364
361
365
368
368
364
366
363
364
364
370
594
366
378
368
365
365
353
364
364
381
363
364
366
367
381
361
377
368
376
377
340
364
376
382
364
367
363
364
366
365
368
364
372
362
364
374
434
364
363
369
364
375
363
364
368
364
343
364
374
373
363
363
364
364
419
432
366
368
369
363
423
368
366
379
365
369
430
364
426
379
365
368
372
364
365
338
364
376
367
426
352
363
363
363
362
364
367
338
373
368
374
379
365
363
371
356
426
378
362
365
365
364
434
373
364
390
364
368
368
370
382
377
363
364
374
345
363
364
364
366
379
447
373
367
366
378
364
373
365
367
380
440
364
364
371
368
378
342
374
420
437
363
436
363
363
363
374
378
362
368
373
365
362
368
364
364
364
364
365
434
373
364
367
364
374
363
364
373
426
374
363
438
373
364
382
367
367
364
364
363
441
360
370
363
367
364
426
375
364
381
364
365
367
363
373
368
361
379
340
378
432
365
364
367
367
355
376
368
365
366
359
365
362
374
370
364
367
365
364
364
421
373
363
372
366
363
857
364
365
365
378
364
368
356
432
364
394
372
367
364
445
369
364
365
431
364
373
360
363
386
368
364
365
380
369
366
336
372
364
364
368
364
363
367
363
366
364
361
363
364
365
365
379
357
364
378
365
373
375
363
378
376
364
359
363
377
366
376
426
362
376
374
373
366
365
441
367
363
374
374
361
379
370
375
366
383
366
358
367
362
372
434
359
365
541
364
365
376
371
415
373
368
442
361
378
367
364
364
340
377
365
447
346
367
364
364
367
364
364
364
376
374
367
367
363
427
366
368
373
368
374
365
381
367
365
376
360
363
367
365
865
381
362
363
363
373
363
345
374
364
425
362
374
364
364
367
424
373
440
367
440
420
364
372
365
480
369
372
363
363
365
364
364
365
362
364
363
362
367
378
367
366
438
378
364
372
861
378
362
379
364
369
365
363
411
364
373
333
363
363
368
374
368
387
364
378
364
376
363
375
363
363
363
373
364
364
430
365
365
656
364
362
365
362
364
362
372
364
367
371
363
363
371
362
364
374
363
363
365
360
364
364
375
362
362
368
375
364
435
365
369
364
363
372
365
420
374
368
366
429
367
378
374
445
421
376
366
368
378
378
367
360
381
365
583
377
374
367
367
356
363
374
367
364
364
364
338
376
367
372
374
363
372
373
381
434
360
365
363
364
375
393
364
368
369
375
363
375
359
364
364
364
378
375
362
373
364
364
365
367
362
367
360
364
353
369
363
373
366
364
364
363
365
362
379
369
492
555
374
430
361
368
364
364
365
377
366
378
365
366
375
365
363
364
360
363
362
362
823
377
367
363
377
363
365
363
361
435
347
363
423
360
379
373
367
367
373
362
363
367
364
368
364
363
359
427
374
362
364
372
363
371
377
365
376
365
368
363
366
367
363
364
378
421
378
433
375
381
364
433
367
364
370
365
363
374
364
363
520
364
364
377
362
363
363
363
377
361
366
426
363
368
377
372
380
364
375
365
366
429
363
365
368
363
364
367
364
364
365
364
364
367
436
363
422
365
368
368
378
351
374
365
363
364
360
363
1060
364
364
422
364
377
364
361
366
430
365
365
363
399
368
364
367
363
433
326
370
375
354
341
364
378
379
365
363
363
372
376
432
365
369
363
359
366
365
364
364
436
371
365
379
366
363
373
363
425
364
379
363
377
363
373
365
364
364
368
340
364
380
363
364
367
367
373
362
414
368
363
433
365
379
363
327
377
1146
373
353
365
364
375
364
412
364
376
796
376
364
354
445
363
358
367
363
368
360
377
363
363
427
363
367
364
363
368
364
362
363
371
364
360
363
364
370
425
367
364
383
364
368
375
365
364
367
368
369
364
364
363
365
362
426
430
377
364
364
368
375
373
376
368
364
377
363
368
367
380
366
353
441
493
812
351
366
344
365
379
363
363
930
374
363
364
375
365
423
363
374
363
359
368
363
364
440
361
369
914
364
374
428
375
373
368
367
374
366
374
362
369
364
382
378
435
377
372
364
373
364
364
364
377
377
365
363
373
683
363
363
363
368
354
363
367
358
364
364
364
369
363
363
364
367
363
365
368
363
379
373
378
373
373
422
364
363
363
367
363
364
343
458
366
368
368
364
364
365
364
384
366
364
365
363
374
363
364
380
1003
362
365
379
366
371
372
367
363
363
363
374
363
364
353
377
365
362
360
367
364
366
374
362
441
364
364
365
363
405
364
363
363
372
369
365
366
373
365
363
367
361
365
363
377
377
364
365
363
428
368
362
362
363
363
419
382
428
367
364
371
366
378
377
370
367
378
360
366
367
364
367
365
360
362
363
363
375
363
367
364
372
357
364
388
367
378
366
378
365
364
379
364
366
367
363
362
364
363
442
358
364
363
364
367
375
363
365
365
368
362
365
373
380
363
370
364
363
365
359
368
344
362
368
365
364
378
359
360
380
379
367
364
376
372
369
365
365
364
364
378
364
376
381
1064
375
363
368
360
367
365
379
368
363
437
364
365
377
378
367
369
373
377
421
380
363
426
435
428
376
375
363
1133
365
367
379
364
376
369
364
378
365
364
373
368
366
364
368
369
1150
376
363
365
360
417
364
364
363
364
364
441
376
366
369
342
354
376
363
375
363
371
364
364
373
365
364
1067
364
924
365
364
410
377
380
380
364
364
367
374
365
364
356
364
364
374
362
364
366
368
377
353
363
367
364
368
364
363
366
420
364
364
415
363
363
364
382
374
363
372
347
371
362
355
380
582
425
365
374
368
361
359
379
447
366
362
335
372
379
364
364
364
434
363
364
358
374
338
363
377
364
368
355
446
357
361
369
364
376
367
424
363
373
374
363
361
376
364
365
376
364
569
364
376
428
442
342
368
373
377
376
364
364
363
372
383
364
379
364
374
368
366
368
363
364
364
357
381
363
368
363
367
364
370
374
364
367
365
364
367
363
364
373
433
364
364
433
378
357
344
364
364
365
363
367
364
420
365
367
367
377
377
364
372
378
435
359
364
364
436
362
416
368
378
368
368
364
360
365
365
363
362
367
375
377
363
363
364
373
372
364
364
432
367
403
364
367
363
365
377
342
374
364
368
367
368
367
340
428
363
379
478
362
367
362
368
363
364
1008
365
372
368
364
364
365
379
380
365
367
374
363
377
374
378
364
367
369
421
364
382
431
367
362
368
378
360
367
363
364
364
422
363
751
370
366
374
363
361
374
364
370
358
377
363
372
363
366
367
424
363
370
431
378
448
365
427
376
356
355
370
915
368
359
364
377
415
367
365
379
422
373
367
368
362
367
378
333
380
367
361
364
374
368
380
364
420
952
374
363
364
376
350
364
367
373
364
377
369
364
366
375
368
373
377
368
363
364
371
367
367
366
362
365
367
367
373
363
375
469
364
363
363
372
363
416
365
368
427
367
378
364
364
367
379
427
363
372
381
365
429
363
363
364
427
365
368
363
380
364
367
373
365
364
365
364
368
362
364
383
728
365
463
368
363
354
364
364
365
365
363
364
364
364
363
361
364
364
423
364
362
375
368
375
334
359
378
707
365
373
376
368
362
351
362
422
420
368
422
438
378
366
371
364
428
363
364
366
368
367
373
373
368
362
363
371
360
365
364
363
379
362
363
366
442
364
366
725
381
373
440
432
364
447
616
365
374
363
381
366
361
365
364
368
374
372
372
367
363
376
370
426
361
372
373
367
379
377
368
377
381
1693
375
364
371
364
361
364
377
362
380
363
364
364
365
364
437
364
364
376
364
379
363
363
362
368
372
363
363
363
364
363
360
379
373
369
364
382
344
372
378
365
366
365
374
843
365
365
444
370
421
376
363
368
367
369
347
436
361
364
344
378
364
364
363
377
364
363
365
352
363
365
364
379
365
365
367
424
364
374
374
376
363
362
367
364
367
381
428
376
353
362
363
366
336
361
364
364
365
378
365
372
364
376
374
403
381
363
364
364
378
379
362
364
359
372
427
365
368
373
437
363
367
363
370
364
363
367
363
352
455
364
362
363
364
365
365
363
363
365
384
361
374
373
362
363
363
378
373
368
374
363
372
365
364
367
380
430
364
363
364
434
366
365
363
367
412
363
445
367
368
363
364
374
364
363
374
364
373
362
368
420
372
428
362
373
364
363
368
364
363
368
377
362
366
431
365
367
364
366
377
377
367
363
366
336
365
364
363
363
385
369
373
427
375
374
363
366
364
367
376
337
379
363
378
363
374
368
363
377
364
369
378
426
363
381
363
366
367
373
364
381
367
362
368
423
355
367
368
365
335
375
381
364
364
370
368
374
373
364
378
363
373
368
368
415
338
373
363
364
364
383
368
364
363
430
368
363
365
363
363
441
652
364
364
363
363
364
366
364
361
386
364
363
373
375
361
379
366
363
366
372
970
364
363
362
381
384
371
364
337
362
375
365
435
367
373
363
443
435
385
441
425
359
362
367
367
936
361
363
364
364
373
361
368
375
381
364
380
363
378
373
379
365
364
375
378
379
440
364
367
377
364
363
364
320
374
375
367
363
378
363
445
367
364
364
373
358
429
365
364
364
377
364
371
366
373
359
388
1141
367
362
362
375
367
358
430
357
362
366
377
362
363
374
363
459
369
379
364
363
367
364
383
368
369
358
376
362
344
362
363
364
374
843
459
375
378
363
373
364
363
522
364
364
364
364
365
368
360
431
379
364
374
365
370
926
363
364
378
363
367
382
367
364
377
373
364
364
364
364
405
373
364
363
348
378
382
378
364
378
364
365
364
365
363
364
365
365
434
435
446
363
378
374
364
363
363
373
364
363
363
383
363
381
364
364
362
367
340
369
367
364
382
367
374
363
358
342
367
363
364
366
364
375
372
367
433
378
370
372
373
374
378
366
342
367
417
365
374
363
363
368
438
363
431
367
420
1032
377
363
375
364
374
366
360
450
376
375
373
418
452
419
364
376
378
364
378
365
378
375
367
342
343
364
365
363
363
364
363
363
364
379
364
395
378
365
373
377
363
368
376
363
364
340
363
374
363
366
374
364
373
364
365
364
378
367
365
367
332
371
363
363
442
366
372
364
365
366
415
365
341
364
365
363
368
364
369
366
363
373
363
362
378
437
372
364
365
362
364
363
409
374
372
364
363
374
363
364
368
364
367
408
369
405
365
367
364
381
344
367
404
363
367
359
369
363
363
366
382
363
374
364
358
357
374
379
363
379
363
362
361
364
366
364
363
444
382
341
365
373
923
364
376
364
363
371
363
365
364
416
377
368
364
364
364
364
377
375
365
363
356
369
363
369
372
363
372
370
476
373
374
423
373
363
368
363
363
373
372
365
361
360
363
369
452
378
378
364
396
435
375
365
449
373
365
363
435
433
366
356
374
364
376
428
363
363
367
364
367
364
374
385
379
386
364
364
373
367
362
381
382
365
374
364
377
364
363
668
364
367
444
375
376
363
366
363
365
364
371
433
373
364
364
365
378
364
377
420
366
470
362
364
366
363
367
363
372
364
366
374
360
367
364
367
379
363
363
365
368
363
696
367
338
343
363
377
367
378
363
372
629
362
364
365
364
364
330
376
384
363
374
368
365
365
364
364
364
370
360
368
359
367
374
364
363
367
364
362
450
369
363
372
367
374
364
421
364
364
399
366
378
362
367
374
363
363
368
368
376
372
363
364
357
370
364
362
364
402
376
364
989
361
424
363
363
376
423
368
367
427
425
366
336
368
363
368
364
368
570
363
367
375
382
363
364
365
364
369
440
368
373
361
366
431
364
367
373
364
381
365
465
353
374
367
368
374
372
366
364
368
369
365
374
364
363
372
366
428
364
371
364
366
378
367
358
368
375
364
362
1055
365
378
372
335
367
367
367
364
1007
364
363
365
374
366
366
373
362
697
367
366
367
363
362
367
382
363
368
366
377
377
362
364
373
376
363
364
363
364
364
370
363
365
364
363
374
365
360
366
368
364
364
380
377
382
430
393
373
363
345
365
363
380
368
367
365
359
363
419
366
364
363
364
370
378
383
363
362
372
363
361
365
831
367
364
364
364
351
428
359
500
378
377
367
378
364
364
370
416
363
366
367
374
375
380
364
364
374
377
381
364
422
365
362
372
423
364
364
438
367
443
379
364
365
363
368
373
425
365
366
364
363
364
364
373
363
363
367
362
384
368
364
382
365
366
342
364
363
379
363
363
363
378
361
374
376
375
363
360
365
364
429
367
364
364
360
708
360
368
380
365
377
368
373
383
357
363
376
365
375
367
363
379
377
365
426
