277
353
271
289
280
275
290
271
290
279
283
277
279
276
276
277
278
286
279
280
282
356
276
276
372
271
288
289
287
281
283
296
279
280
350
277
277
271
343
277
289
303
419
278
286
276
277
271
294
274
293
277
276
288
336
354
280
282
275
293
277
349
278
279
277
274
275
279
276
340
271
286
275
278
280
281
285
279
305
275
281
282
276
275
288
279
623
275
274
275
293
270
275
285
342
332
335
276
294
287
280
274
279
290
272
275
338
290
289
276
278
276
339
276
276
288
276
278
274
279
277
275
762
281
288
330
277
279
271
300
275
283
283
290
288
282
277
276
288
278
271
277
277
274
286
279
291
280
275
278
275
275
275
279
277
276
279
286
330
276
287
289
275
288
277
276
276
277
280
278
290
289
276
275
281
289
281
277
276
287
282
275
277
278
279
277
286
278
289
277
276
276
291
289
278
289
280
275
277
274
290
278
467
278
277
271
507
279
279
277
338
278
277
280
277
288
278
288
537
278
277
275
291
291
341
279
273
276
283
279
291
275
287
336
283
275
278
280
292
278
309
344
295
274
274
274
278
277
274
295
285
277
276
281
289
276
276
335
281
278
292
276
277
276
276
278
276
281
281
278
277
290
275
276
362
289
280
277
285
291
288
279
279
293
337
284
280
281
289
290
276
274
275
289
281
279
275
274
276
278
282
294
284
277
278
286
289
279
275
278
503
294
279
280
279
277
275
277
301
275
287
281
276
275
276
384
276
279
275
276
289
278
280
279
277
277
279
271
271
277
290
285
275
331
339
286
277
279
276
283
351
279
267
278
337
274
276
279
536
277
295
274
275
272
339
280
294
285
290
280
288
275
286
277
275
275
275
272
275
287
280
348
289
292
277
285
332
292
288
279
291
276
290
290
280
289
274
277
277
339
277
278
276
280
332
279
279
278
280
276
276
276
291
277
276
283
278
283
285
277
277
287
276
276
281
278
278
280
356
329
281
297
285
292
291
280
288
280
284
276
277
278
277
282
274
290
287
277
340
283
281
287
290
282
273
333
278
279
279
275
311
274
276
278
286
337
269
277
279
404
276
277
279
325
294
284
282
275
278
278
275
362
275
767
353
277
291
287
277
334
280
277
277
328
290
294
274
287
289
279
338
281
291
282
289
277
793
278
309
277
337
279
275
278
277
277
281
290
278
275
277
277
287
343
276
277
277
278
277
277
290
279
275
288
286
296
278
277
276
277
274
281
289
279
277
277
281
281
280
341
276
276
288
288
279
275
272
328
275
279
275
284
275
277
277
275
277
275
282
280
275
288
278
474
612
278
275
280
281
283
276
278
276
287
280
301
292
291
276
340
288
280
287
277
278
297
295
291
278
299
277
290
278
279
816
275
277
287
287
303
288
284
278
287
288
278
281
288
279
275
281
277
291
292
276
281
278
278
277
276
280
277
277
288
275
282
280
273
290
275
635
276
279
287
279
272
275
482
271
281
278
275
275
279
280
278
294
277
286
277
277
278
280
277
289
275
286
354
271
352
276
333
287
277
287
286
335
276
276
341
287
276
276
282
275
286
279
271
275
275
352
283
275
275
363
274
289
305
280
280
277
277
279
276
325
278
621
278
278
280
294
290
277
283
275
280
287
277
346
276
277
342
289
353
282
271
288
352
279
276
276
280
279
276
287
286
288
291
279
273
290
278
287
283
278
276
278
344
275
285
275
293
277
286
275
282
287
276
317
276
287
277
278
283
277
276
281
284
285
275
281
338
277
280
283
278
298
355
281
287
279
287
274
279
277
278
339
287
323
276
279
279
343
295
276
275
278
287
290
343
287
276
274
275
287
276
275
277
286
276
277
279
278
608
336
278
280
276
288
328
274
298
278
289
291
279
276
276
363
290
279
278
282
293
279
275
292
280
287
277
276
275
287
346
277
323
278
274
275
279
284
275
276
275
279
275
278
281
281
278
287
274
286
276
291
277
285
279
335
278
277
297
279
291
276
276
276
351
409
277
279
278
285
274
278
275
275
275
273
281
275
278
275
277
290
287
275
280
284
276
276
271
276
293
277
275
271
351
283
333
288
283
279
273
293
278
280
294
278
281
275
276
280
275
279
271
282
274
278
268
279
277
280
277
278
278
276
280
280
273
280
272
276
271
277
276
336
274
288
276
275
276
286
279
281
277
287
276
278
286
277
276
277
271
277
286
280
277
276
275
279
292
286
276
281
281
277
286
342
276
276
339
280
287
279
280
278
280
281
295
271
289
277
277
279
276
275
275
278
602
276
276
271
342
276
278
279
278
279
276
276
275
276
276
289
276
383
279
290
280
276
273
289
293
290
286
281
292
277
277
289
277
276
272
293
271
286
289
276
342
345
302
275
336
279
280
289
282
770
367
344
311
290
277
282
278
291
287
274
280
276
276
275
282
278
275
275
294
290
346
278
276
288
278
277
277
279
275
277
293
292
275
276
278
278
275
285
275
288
278
279
277
278
274
284
326
276
282
274
280
288
288
282
288
276
282
275
279
289
279
290
275
274
806
277
277
278
281
287
291
276
277
277
281
291
276
276
274
344
286
275
280
275
339
276
278
276
286
278
292
275
280
274
275
270
271
291
385
283
280
276
279
279
275
277
291
279
277
284
274
276
276
274
276
282
278
280
289
399
282
277
278
276
288
276
282
278
281
274
274
277
272
276
275
275
286
278
278
276
276
276
272
285
277
336
276
275
271
282
277
357
278
275
278
279
286
274
277
340
278
280
276
280
274
291
275
276
331
277
286
279
274
275
279
274
275
276
275
279
289
275
276
283
294
282
287
627
275
285
276
275
288
281
277
285
278
277
272
281
276
279
278
276
276
276
279
284
338
342
276
285
275
276
279
277
286
283
286
278
272
284
280
275
277
276
277
275
314
277
291
278
276
322
277
276
287
276
287
272
278
290
292
279
276
272
286
277
275
276
288
293
290
280
275
276
278
277
282
276
632
289
280
278
276
278
277
332
285
292
276
279
276
276
344
278
291
272
834
278
292
287
285
286
275
274
280
276
277
277
277
274
279
277
278
279
286
276
274
280
290
280
284
275
285
283
281
275
288
288
276
277
333
277
277
279
277
278
276
280
277
278
281
343
277
324
285
276
733
279
291
289
278
275
338
278
271
287
275
279
276
287
286
278
278
281
273
289
280
289
275
277
275
277
276
276
274
278
277
271
296
278
276
272
276
275
292
292
285
278
289
275
338
276
282
279
274
287
289
275
275
277
278
286
294
283
278
295
276
473
281
278
278
288
283
278
271
839
276
278
281
278
286
275
287
278
286
337
279
285
290
276
275
283
275
274
277
289
275
277
290
286
358
280
278
274
275
279
276
286
280
277
298
281
277
280
296
276
286
278
278
278
275
616
281
282
278
277
325
278
278
282
275
291
276
286
333
276
278
275
279
272
282
286
338
278
279
276
275
285
290
276
346
278
277
285
278
287
282
277
298
276
281
275
276
276
275
277
283
273
275
276
348
277
275
278
283
305
278
290
285
275
279
289
279
611
277
292
286
291
275
281
334
276
278
275
286
276
278
276
278
277
275
292
281
274
290
280
288
278
276
280
278
296
283
279
289
274
278
279
276
276
290
289
280
278
279
271
271
278
280
283
279
346
275
277
288
282
267
329
275
273
279
585
278
274
276
279
281
278
277
339
276
283
277
288
274
307
291
274
287
298
288
279
292
278
288
275
279
277
280
287
276
279
288
279
287
277
276
278
275
279
277
271
276
278
276
287
275
280
286
332
279
346
341
277
278
277
284
281
333
274
304
276
286
281
276
280
279
287
271
278
278
286
289
331
277
278
276
276
283
346
291
285
286
275
340
275
277
290
292
274
272
277
277
279
286
282
283
276
277
320
280
280
279
276
291
275
338
290
290
279
277
288
275
299
280
292
295
290
283
276
288
276
285
277
282
288
277
276
278
275
279
278
283
279
281
279
275
274
290
277
275
288
294
279
276
289
275
277
297
802
276
281
278
276
277
275
276
277
286
276
280
276
276
278
278
289
286
281
285
282
280
355
279
280
278
287
330
280
276
274
279
288
290
278
310
276
280
280
274
698
277
283
278
281
290
290
280
280
285
278
277
277
271
273
288
275
278
280
286
289
276
282
278
275
288
288
333
280
277
288
271
289
277
333
337
283
292
276
282
275
276
285
279
286
284
614
281
281
277
292
272
275
276
277
276
286
281
276
280
280
277
309
273
598
280
278
288
274
340
286
278
778
273
278
278
275
278
277
276
277
335
349
276
275
276
278
280
279
274
278
279
277
274
280
279
290
275
274
288
321
280
275
275
339
278
276
279
282
337
279
279
271
275
275
277
275
281
272
279
280
275
276
277
274
277
288
287
271
278
284
274
351
277
277
343
278
277
288
340
277
275
279
277
285
272
276
287
276
293
275
278
276
278
293
279
328
284
288
283
280
286
271
337
274
280
376
288
286
279
448
272
295
271
411
280
336
283
271
275
289
275
276
273
275
280
280
278
341
284
275
277
287
277
283
288
291
288
283
289
278
275
277
274
274
284
279
293
280
274
292
290
280
279
277
279
272
286
276
336
279
275
275
286
280
277
275
312
275
276
280
286
278
286
286
275
279
277
291
278
278
276
280
293
298
278
279
350
313
291
274
282
334
284
276
339
275
275
334
278
276
278
290
276
275
289
287
287
271
283
278
277
276
275
292
276
288
278
290
281
292
271
290
279
279
276
284
276
279
288
288
276
276
283
285
285
274
281
279
278
275
280
287
279
281
275
290
277
277
276
272
275
335
274
289
362
275
274
335
276
279
271
287
277
273
278
287
280
284
294
285
275
288
285
280
275
279
278
296
287
279
279
282
275
277
283
277
275
281
287
274
278
281
285
279
296
342
276
275
289
275
277
280
274
278
280
278
346
278
281
286
276
276
297
434
282
281
276
276
279
277
276
286
271
278
363
280
275
275
276
276
276
285
293
341
288
275
278
280
278
277
292
273
290
277
276
280
614
281
282
282
277
275
282
278
280
280
277
286
287
274
275
274
275
278
271
276
277
280
279
292
337
272
646
279
278
281
280
279
291
297
293
278
557
298
278
279
277
294
276
285
287
277
278
277
276
275
272
274
277
355
278
287
289
278
277
275
286
275
277
280
290
274
278
275
492
277
280
291
281
279
276
277
286
290
295
278
276
344
276
282
285
280
278
363
278
318
276
275
286
291
274
276
277
280
271
276
279
290
277
288
292
291
280
279
277
280
278
275
280
275
277
273
280
272
274
276
275
276
275
277
279
285
277
278
276
274
277
268
278
281
276
276
277
278
277
280
290
280
277
274
274
277
286
276
278
275
286
275
274
274
278
292
278
289
287
291
290
282
277
276
279
280
287
277
279
286
271
275
279
275
280
277
292
293
271
279
283
275
274
276
276
277
288
276
276
271
270
272
290
274
275
725
281
280
296
288
279
271
276
282
285
305
275
275
279
275
290
281
274
279
346
288
283
289
276
320
284
280
271
276
279
288
278
286
277
287
288
354
271
287
276
341
288
292
331
279
275
288
336
277
282
275
275
277
272
271
806
350
277
291
277
292
292
275
286
275
276
286
276
276
287
292
287
280
281
288
275
288
290
281
301
286
279
278
286
285
279
276
278
292
279
282
284
286
277
289
278
282
275
293
277
274
277
280
280
275
279
282
332
278
279
290
278
285
280
292
278
279
286
275
287
274
277
275
275
276
279
277
279
275
276
277
276
276
275
284
346
278
288
281
288
280
277
332
289
271
294
278
276
279
278
291
281
280
276
275
285
277
278
280
291
279
289
280
293
275
286
275
280
655
280
296
277
287
276
277
288
275
276
401
276
279
296
279
275
292
285
285
276
289
299
285
285
352
281
277
276
287
340
276
285
285
282
276
275
281
278
276
276
280
280
338
280
279
278
296
281
275
279
276
275
275
275
334
341
411
278
271
287
277
275
282
283
276
280
282
280
273
386
287
283
278
311
276
278
354
287
289
275
271
275
280
267
276
287
276
276
276
279
278
281
289
289
274
276
298
280
810
276
343
275
287
276
288
280
277
289
290
279
285
279
281
275
278
276
287
286
276
275
277
274
280
287
277
288
290
285
276
287
276
281
286
279
278
276
648
279
276
274
273
323
283
288
282
279
289
290
279
295
279
274
275
290
287
282
274
278
279
289
279
340
278
287
287
277
272
291
283
276
277
280
276
356
275
281
295
338
279
276
281
289
336
282
280
279
275
275
278
276
278
280
289
291
280
277
277
291
271
290
276
288
275
275
286
284
276
277
338
281
275
280
277
337
288
276
286
278
279
280
293
285
284
278
277
287
277
279
278
327
275
279
297
291
275
276
279
275
286
278
285
288
284
288
276
282
277
277
293
291
779
274
278
292
291
276
771
285
278
367
276
279
280
277
288
291
286
279
288
336
342
279
292
345
278
290
279
276
351
287
275
287
273
287
291
331
279
276
281
278
276
279
275
279
275
340
277
289
295
277
281
277
278
278
283
289
277
288
288
274
278
276
291
277
277
275
278
278
287
271
287
276
273
293
288
287
278
280
277
278
275
276
291
276
286
276
280
275
285
281
275
278
287
281
277
278
280
278
291
284
282
337
280
279
291
284
276
285
274
278
277
277
275
276
291
275
279
275
286
282
278
296
279
286
281
268
291
276
272
270
281
274
297
338
288
279
296
279
281
278
277
273
277
278
276
282
276
277
281
277
276
335
286
281
279
276
284
281
273
275
278
642
279
276
277
287
276
284
278
279
285
276
279
277
279
282
736
334
279
273
271
276
274
276
280
276
276
277
280
278
289
284
287
284
291
275
275
280
277
282
340
298
289
286
276
277
288
281
287
284
281
284
275
282
281
346
278
271
277
278
729
289
338
275
274
279
271
283
276
275
275
277
275
345
277
279
291
277
285
280
282
279
282
293
297
289
275
274
277
272
278
276
290
282
274
276
281
313
276
272
276
276
342
275
715
271
284
280
280
280
291
276
277
279
274
279
274
279
275
275
278
275
275
282
288
277
271
291
276
272
271
278
275
278
289
276
274
761
276
276
330
277
275
341
275
352
283
278
305
277
275
291
290
289
280
274
287
275
280
277
277
291
272
275
281
276
278
281
283
275
276
277
278
276
295
284
276
291
281
277
276
275
278
278
290
278
294
281
276
279
289
280
273
279
278
296
286
274
287
278
278
297
276
345
280
271
275
278
710
290
278
276
278
346
279
475
276
278
278
290
276
276
333
286
276
278
275
292
663
279
284
276
335
290
275
275
282
337
276
344
275
287
286
278
275
273
279
287
282
279
282
281
290
354
289
277
271
277
287
273
291
278
279
293
282
289
277
288
278
271
277
278
276
275
287
280
277
276
276
289
276
275
278
273
282
283
274
276
276
276
276
291
274
289
601
287
289
288
275
276
277
276
276
328
279
276
286
276
289
294
284
286
278
313
278
277
277
277
291
276
276
411
278
277
343
279
275
278
283
274
284
276
276
276
277
275
279
295
282
280
278
294
290
279
279
289
279
277
279
279
294
277
273
280
343
277
276
286
275
279
295
289
294
282
277
276
330
278
289
353
279
276
277
290
294
292
288
280
278
275
277
288
277
288
277
276
275
275
333
276
280
291
274
274
343
273
293
280
287
278
277
279
273
297
290
273
275
581
288
276
301
276
811
278
271
278
271
275
505
276
278
278
277
338
288
277
274
278
288
277
276
286
275
286
277
344
278
287
271
299
280
275
286
281
275
342
279
295
561
280
278
277
293
367
277
289
275
281
274
275
274
279
276
276
280
276
276
279
281
337
276
278
284
275
285
280
277
271
288
280
275
277
277
282
328
278
281
277
275
274
278
301
290
276
277
289
276
276
293
278
282
275
282
275
291
280
277
292
279
275
285
275
275
275
280
275
276
286
278
284
274
280
284
276
275
280
275
347
288
281
287
287
279
277
276
286
285
276
288
276
287
291
335
275
297
279
277
279
290
277
280
286
280
278
280
291
282
288
274
277
275
277
277
277
288
289
283
279
284
277
275
292
274
292
279
337
281
275
284
278
279
290
277
285
340
340
278
276
277
278
292
308
278
278
338
275
277
278
279
283
286
277
276
281
276
290
278
276
617
275
278
278
904
349
289
288
287
273
279
279
271
355
288
275
281
292
287
278
290
281
281
283
335
277
276
277
278
278
296
276
273
297
274
276
285
278
277
276
276
275
279
338
285
290
278
272
288
274
276
284
280
289
275
269
278
275
287
280
286
286
271
292
288
279
274
546
290
282
281
287
291
277
276
278
279
365
282
360
280
279
277
274
276
279
290
276
286
275
277
291
281
288
273
291
295
287
276
276
279
291
383
275
290
275
288
327
278
271
276
275
274
278
332
282
276
274
272
270
280
766
271
272
278
283
307
278
288
279
272
348
284
277
276
274
277
278
343
280
291
275
340
284
326
281
278
276
279
275
276
280
274
277
494
287
280
276
285
281
278
275
278
277
332
282
289
270
274
275
279
275
291
274
277
285
289
285
286
289
272
275
276
276
276
280
277
277
277
276
272
276
277
281
286
340
275
296
278
278
277
279
275
287
275
333
289
270
288
278
276
283
275
277
292
274
277
278
289
278
275
279
347
275
283
341
286
278
289
275
287
276
284
278
283
278
288
277
287
275
279
277
279
276
277
275
286
279
340
286
276
285
289
280
276
294
277
276
276
287
276
286
279
288
277
280
278
277
295
317
278
285
273
352
276
272
276
299
322
282
278
288
275
283
294
277
341
285
276
275
283
436
276
276
286
272
278
286
276
283
275
294
289
278
276
274
289
276
271
277
279
284
284
274
285
275
339
281
277
277
271
280
275
277
276
277
276
271
277
275
278
277
272
277
282
288
276
339
276
287
279
284
281
292
342
531
297
288
278
299
275
276
637
278
340
295
274
292
277
273
290
276
282
282
275
288
292
277
275
276
278
279
277
276
279
336
278
280
279
337
275
288
277
276
332
290
286
277
279
292
289
737
276
268
340
277
290
288
286
274
287
295
287
287
279
292
277
278
276
276
270
276
276
282
288
276
271
285
278
278
283
289
278
285
285
276
290
277
278
286
289
275
276
280
278
289
279
276
363
271
290
283
290
275
280
280
282
339
284
280
274
274
293
277
278
282
291
293
289
274
274
340
289
275
340
276
