2812
2323
2273
2285
2290
2287
2317
2409
2282
2283
2814
2309
2754
2377
2305
2272
2281
2309
2298
2284
2280
2301
2302
2341
2265
2267
2298
2326
2356
2303
2275
2289
2291
2275
2287
2282
2286
2279
2269
2275
2292
2315
2273
2294
2290
2284
2330
2278
2279
2329
2343
2276
2295
2342
2283
2271
2272
2278
2374
2276
2322
2398
2278
2268
2311
2305
2275
2302
2286
2475
2277
2306
2269
2279
2282
2273
2296
2278
2296
2308
2281
2318
2295
2268
2272
2307
2282
2284
2264
2315
2355
2317
2277
2277
2279
2303
2283
2269
2340
2281
2309
2311
2309
2290
2296
2266
2274
2330
2747
2309
2306
2299
2310
2308
2297
2268
2266
2271
2296
2300
2321
2273
2292
2268
2282
2293
2283
2275
2314
2306
2276
2297
2275
2304
2304
2298
2354
2297
2288
2308
2294
2304
2312
2279
2350
2295
2332
2270
2286
2321
2276
2288
2312
2278
2280
2302
2278
2275
2308
2300
2302
2275
2279
2287
2301
2359
2282
2293
2298
2294
2316
2278
2326
2328
2274
2266
2291
2327
2299
2282
2282
2280
2340
2369
2286
2299
2295
2307
2309
2282
2312
2272
2314
2269
2317
2271
2303
2268
2319
2287
2276
2321
2279
2293
2286
2308
2310
2317
2761
2276
2327
2307
2277
2312
2300
2284
2278
2281
2302
2302
2305
2286
2297
2281
2314
2270
2275
2260
2298
2296
2281
2334
2327
2319
2977
2330
2306
2279
2275
2324
2276
2282
2298
2277
2310
2311
2277
2319
2341
2322
2315
2283
2271
2274
2308
2264
2273
2258
2265
2273
2313
2284
2296
2291
2274
2312
2295
2303
2813
2307
2482
2272
2337
2293
2314
2296
2275
2307
2273
2324
2277
2324
2278
2281
2276
2274
2277
2284
2282
2315
2310
2318
2278
2325
2269
2271
2265
2320
2275
2295
2278
2272
2303
2323
2286
2307
2345
2293
2303
2320
2276
2296
2272
2269
2301
2287
2303
2296
2304
2309
2305
2307
2315
2269
2276
2298
2278
2281
2271
2283
2270
2276
2305
2302
2283
2320
2281
2279
2266
2308
2274
2310
2272
2286
2274
2317
2325
2318
2306
2300
2316
2275
2304
2310
2313
2274
2294
2278
2264
2320
2288
2308
2275
2289
2317
2276
2288
2273
2285
2487
2343
2304
2275
2280
2270
2313
2278
2280
2367
2330
2304
2268
2299
2289
2280
2267
2264
2503
2316
2306
2295
2264
2314
2308
2268
2280
2279
2274
2271
2303
2280
2278
2312
2305
2338
2289
2286
2278
2274
2270
2281
2272
2274
2288
2311
2324
2274
2304
2346
2280
2299
2273
2274
2332
2274
2302
2276
2316
2318
2274
2292
2280
2275
2316
2280
2281
2281
2275
2259
2275
2271
2305
2261
2274
2278
2280
2300
2269
2290
2280
2279
2313
2273
2273
2271
2294
2309
2298
2293
2300
2315
2296
2332
2278
2312
2300
2300
2282
2331
2273
2277
2270
2287
2271
2328
2273
2299
2336
2268
2263
2295
2268
2270
2278
2271
2275
2285
2274
2321
2300
2373
2429
2272
2291
2305
2314
2312
2293
2297
2267
2314
2279
2263
2276
2281
2326
2273
2279
2273
2315
2299
2312
2323
2276
2270
2283
2270
2315
2298
2300
2270
2274
2301
2317
2341
2282
2310
2271
2288
2285
2298
2324
2298
2277
2309
2317
2283
3856
2263
2296
2273
2249
2270
2274
2317
2287
2306
2276
2278
2283
2319
2337
2274
2324
2310
2278
2300
2282
2314
2275
2306
2270
2288
2315
2300
2314
2300
2275
2272
2280
2298
2272
2308
2303
2268
2271
2263
2304
2272
2273
2298
2286
2277
2303
2270
2276
2337
2290
2301
2266
2278
2269
2277
2274
2279
2298
2282
2278
2310
2266
2320
2276
2295
2274
2309
2283
2303
2307
2292
2280
2274
2298
2302
2278
2303
2276
2990
2300
2328
2312
2289
2277
2275
2336
2274
2298
2279
2278
2286
2284
2304
2320
2299
2279
2361
2265
2392
2277
2283
2327
2284
2303
2271
2305
2273
2282
2273
2309
2272
2301
3357
2300
2298
2279
2299
2283
2295
2306
2308
2290
2273
2268
2275
2303
2522
2303
2296
2274
2275
2273
2275
2287
2286
2274
2310
2284
2278
2287
2294
2298
2272
2315
2321
2334
2323
2335
2308
2363
2321
2286
2281
2293
2303
2278
2263
2302
2317
2269
2269
2278
2271
2268
2279
2315
2307
2341
2280
2264
2267
2280
2310
2327
2276
2264
2263
2296
2302
2304
2303
2298
2297
2311
2286
2277
2269
2335
2324
2272
2272
2269
2299
2264
2282
2305
2276
2283
2277
2279
2286
2279
2303
2275
2281
2307
2273
2308
2282
2256
2277
2279
2320
2280
2317
2329
2312
2275
2276
2282
2357
2274
2275
2303
2308
2346
2307
2306
2277
2309
2318
2333
2295
2279
2258
2314
2302
2282
2274
2302
2274
2388
2305
2262
2292
2302
2270
2295
2265
2275
2302
2271
2316
2318
2312
3157
2578
2656
2275
2292
2310
2271
2266
2276
2284
2269
2316
2278
2273
2837
2298
2316
2276
2337
2304
2270
2268
2279
2271
2274
2306
2276
2276
2305
2301
2278
2279
2302
2295
2323
2283
2278
2276
2294
2312
2276
2310
2266
2302
2279
2305
2276
2276
2290
2275
2273
2275
2279
2326
2283
2276
2271
2297
2294
2313
2340
2266
2293
2281
2299
2273
2292
2272
2282
2314
2300
2279
2279
2271
2302
2751
2292
2276
2304
2276
2389
2283
2279
2281
2270
2275
2278
2280
2308
2311
2273
2275
2275
2281
2305
2281
2292
2273
2279
2290
2261
2306
2295
2274
2279
2311
2325
2294
2306
2321
2318
2303
2280
2317
2299
3460
2313
2300
2293
2262
2332
2273
2284
2267
2308
2296
2281
2281
2304
2272
2312
2287
2273
2303
2333
2279
2305
2275
2281
2363
2310
2281
2270
2324
2335
2303
2305
2298
2277
2273
2298
2269
2275
2299
2281
2309
2297
2307
2261
2295
2267
2360
2302
2301
2304
2299
2275
2273
2303
2315
2279
2291
2315
2287
2295
2311
2297
2264
2307
2271
2297
2297
2308
2278
2298
2307
2265
2305
2269
2313
2298
2304
2264
2276
2269
2271
2555
2305
2309
2275
2293
2279
2268
2314
2296
2270
2276
2296
2304
2310
2363
2275
2295
2315
2350
2290
2283
2298
2309
2310
2343
2273
2273
2349
2275
2279
2270
2305
2278
2279
2299
2264
2279
2304
2257
2271
2289
2276
2326
2306
2308
2319
2299
2279
2286
2308
2277
2280
2309
2348
2276
2277
2287
2297
2313
2316
2272
2271
2303
2303
2357
2303
2301
2261
2270
2309
2308
2341
2282
2285
2281
2275
2305
2277
2284
2315
2265
2320
2272
2311
2276
2299
2286
2274
2314
2301
2292
2316
2280
2315
2281
2295
2276
2295
2315
2334
2276
2273
2308
2272
2315
2274
2329
2273
2307
2307
2302
2307
2307
2308
2306
2282
2263
2264
2300
2305
2273
2317
2322
2303
2263
2313
2304
2302
2284
2333
2316
2267
2312
2304
2263
2274
2300
2304
2315
2288
2276
2307
2294
2349
2308
2260
2278
2284
2308
2306
2322
2275
2331
2268
2282
2292
2271
2302
2274
2283
2317
2284
2303
2306
2300
2305
2271
2277
2309
2274
2257
2279
2275
2314
2310
2318
2278
2276
2264
2272
2340
2303
2273
2312
2310
2267
2301
2295
2307
2304
2267
2276
2302
2320
2304
2276
2312
2326
2272
2270
2294
2283
2275
2298
2376
2308
2324
2275
2268
2267
2265
2271
2303
2299
2290
2276
2366
2301
2275
2300
2284
2284
2300
2311
2316
2277
2322
2333
2306
2309
2278
2281
2312
2274
2321
2319
2298
2275
2269
2271
2277
2271
2276
2274
2295
2271
2298
2303
2279
2360
2299
2299
2271
2300
2276
2318
2314
2315
2305
2268
2269
2298
2300
2260
2301
2268
2341
2279
2272
2277
2260
2322
2310
2307
2274
2282
2279
2278
2274
2319
2314
2291
2265
2268
2275
2301
2293
2312
2296
2296
2291
2276
2297
2309
2281
2273
2299
2290
2306
2272
2267
2265
2272
2308
2279
2271
2310
2380
2264
2314
2318
2344
2306
2268
2299
2285
2302
2273
2273
2272
2289
2301
2299
2275
2299
2306
2274
2284
2276
2310
2301
2292
2795
2295
2308
2336
2273
2306
2279
2279
2281
2283
2305
2277
2275
2311
2297
2422
2313
2304
2305
2294
2287
2276
2271
2271
2270
2268
2268
2291
2311
2318
2300
2273
2308
2306
2304
2299
2266
2317
2268
2260
2380
2268
2270
2259
2298
2274
2277
2313
2309
2296
2270
2298
2307
2301
2266
2301
2269
2278
2271
2303
2274
2277
2497
2279
2279
2284
2265
2296
2308
2295
2268
2297
2274
2272
2290
2282
2294
3757
2270
2279
2296
2282
2310
2278
2274
2270
2270
2272
2285
2316
2316
2304
2274
2277
2285
2267
2276
2270
2282
2267
2277
2270
2312
2273
2295
2276
2270
2297
2282
2283
2295
2336
2320
2281
2286
2282
2275
2271
2305
2274
2271
2275
2306
2276
2271
2305
2305
2277
2278
2285
2274
2280
2270
2286
2280
2276
2278
2278
2318
2310
2262
2331
2310
2281
2309
2272
2294
2308
2312
2275
2318
2278
2309
2303
2288
2329
2296
2310
2279
2307
2303
2308
2276
2279
2314
2283
2295
2303
2301
2310
2278
2280
2295
2276
2289
2299
2321
2270
2307
3591
2283
2292
2296
2307
2299
2282
2317
2278
2308
2280
2267
2287
2308
2295
2304
2336
2318
2262
2304
2276
3465
2273
2264
2311
2302
2277
2310
2341
2308
2302
2320
2282
2281
2282
2261
2273
2285
2312
2287
2267
2279
2270
2273
2311
2273
2280
2311
2350
2307
2307
2315
2275
2307
2276
2301
2316
2278
2280
2293
2286
2299
2315
2278
2312
2315
2272
2302
2293
2283
2285
2272
2274
2296
2267
2259
2272
2277
2269
2303
2267
2300
2292
2281
2292
2320
2319
2276
2289
2310
2311
2301
2308
2283
2305
2276
2290
2297
2285
2268
2297
2275
2281
2291
2276
2363
2309
2266
2266
2308
2275
2307
2296
2309
2271
2276
2332
2274
2281
2307
2317
2312
2271
2271
2314
2279
2266
2270
2279
2304
2275
2285
2301
2271
2302
2304
2275
2297
2316
2274
2300
2265
2286
2299
2288
2304
2267
2273
2311
2297
2287
2311
2299
2309
2294
2308
2304
2295
2271
2266
2332
2285
2273
2274
2306
2346
2319
2278
2269
2307
2334
2276
2295
2292
2264
2316
2276
2273
2270
2313
2307
2272
2319
2274
2280
2316
2287
2277
2280
2291
2306
2302
2277
2302
2310
2303
2333
2297
2314
2313
2276
2310
2278
2278
2308
2265
2273
2324
2307
2266
2281
2270
2275
2292
2307
2353
2334
2309
2276
2274
2269
2269
2276
2304
2275
2301
2293
2288
2326
2271
2290
2270
2321
2271
2305
2314
2277
2314
2321
2287
2275
2298
2271
2272
2326
2265
2291
2310
2271
2314
2260
2317
2290
2322
2291
2267
2304
2277
2327
2273
2306
2280
2277
2304
2267
2322
2274
2269
2276
2284
2294
2306
2326
2299
2300
2267
2335
2281
2274
2314
2310
2274
2280
2322
2328
2315
2334
2299
2316
2302
2378
2289
2274
2310
2274
2267
2306
2304
2293
2302
2268
2273
2271
2276
2305
2261
2304
2271
2266
2280
2267
2302
2281
2353
2301
2316
2301
2303
2276
2284
2299
2298
2311
2294
2275
2306
2312
2300
2312
2316
2285
2274
2283
2273
2275
2281
2303
2272
2282
2376
2300
2271
2279
2308
2273
2317
2297
2276
2301
2278
2302
2275
2290
2363
2270
2302
2282
2275
2278
2267
2262
2293
2286
2310
2272
2274
2274
2284
2295
2320
2306
2320
2282
2277
2273
2262
2329
2278
2302
2317
2307
2265
2269
2652
2274
2273
2266
2314
2305
2300
2277
2277
2284
2281
2268
2314
2297
2281
2299
2281
2279
2317
2273
2278
2277
2278
2300
2317
2323
2273
2301
2302
2298
2280
2344
2327
2274
2306
2319
2281
2281
2293
2299
2301
2301
2271
2274
2325
2272
2301
2304
2334
2283
2307
2276
2271
2303
2288
2303
2322
2259
2331
2320
2320
2316
2291
2297
2277
2291
2340
2275
2268
2267
2299
2276
2306
2272
2285
2282
2302
2298
2304
2269
2275
2317
2279
2289
2285
2277
2272
2293
2295
2312
2336
2277
2279
2301
2268
2302
2302
2276
2301
2426
2280
2288
2266
2290
2273
2272
2308
2274
2278
2352
2284
2325
2266
2275
2317
2344
2280
2277
2334
2304
2299
2285
2344
2288
2312
2300
2263
2270
2304
2310
2311
2281
2273
2292
2276
2274
2308
2278
2340
2309
2310
2312
2280
2299
2281
2300
2304
2299
2278
2263
2299
2283
2304
2281
2274
2274
2308
2301
2306
2295
2271
2280
2275
2285
2272
2274
3150
2271
2323
2272
2295
2308
2278
2320
2291
2322
2263
2275
2317
2329
2275
2275
2324
2302
2255
2283
2332
2269
2271
2273
2278
2320
2274
2263
2316
2284
2271
2504
2309
2301
2308
2321
2280
2309
2304
2318
2304
2304
2299
2298
2308
2277
2274
2276
2307
2297
2303
2270
2353
2270
2261
2280
2305
2317
2302
2282
2279
2275
2273
2282
2289
2311
2309
2276
2363
2302
2275
2262
2319
2331
2278
2264
2305
2283
2313
2289
2303
2285
2301
2264
2289
2276
2276
2270
2315
2320
2296
2308
2324
2264
2317
2317
2308
2280
2311
2272
2266
2272
2300
2330
2332
2300
2270
2336
2294
2261
2441
2274
2288
2292
2303
2267
2279
2277
2305
2304
2304
2288
2270
2325
2279
2275
2297
2275
2289
2270
2305
2273
2273
2273
2678
2294
2287
2270
2311
2262
2306
2279
2266
2338
2299
2309
2273
2275
2302
2278
2300
2303
2284
2278
2275
2303
2272
2277
2275
2334
2282
2317
2725
2275
2273
2304
2307
2282
2289
2278
2274
2298
2271
2266
2268
2280
2290
2268
2270
2273
2322
2306
2310
2307
2274
2303
2271
2304
2303
2301
2327
2320
2277
2284
2270
2337
2277
2296
2277
2267
2281
2322
2269
2290
2275
2274
2306
2259
2309
2305
2306
2267
2277
2350
2276
2299
2302
2294
2293
2305
2262
2277
2301
2272
2275
2280
2252
2306
2275
2302
2297
2264
2309
2273
2274
2301
2779
2315
2305
2303
2285
2294
2301
2281
2279
2278
2326
2277
2302
2276
2275
2313
2305
2298
2288
2277
2297
2301
2303
2260
2267
2308
2350
2264
2305
2304
2277
2256
2272
2275
2274
2302
2309
2275
2307
2289
2275
2303
2281
2305
2268
2281
2304
2287
2320
2276
2260
2297
2277
2333
2270
2325
2275
2280
2299
2305
2300
2273
2305
2278
2286
2307
2275
2270
2305
2271
2267
2272
2310
2282
2287
2272
2292
2298
2340
2283
2316
2271
2278
2285
2280
2296
2270
2275
2287
2342
2278
2320
2288
2309
2271
2289
2272
2269
2282
2274
2345
2316
2282
2283
2277
2272
2281
2282
2260
2271
2301
2271
2289
2297
2308
2267
2267
2276
2267
2303
2278
2313
2260
2300
2295
2277
2273
2282
2272
2275
2276
2306
2281
2278
2282
2278
2306
2296
2275
2259
6310
2298
2265
2318
2298
2265
2269
2296
2308
2309
2283
2312
2307
2296
2308
2274
2299
2273
2296
2311
2316
2305
2302
2263
2279
2285
2247
2303
2300
2282
2289
2296
2307
2273
2320
2309
2286
2276
2306
2280
2277
2310
2273
2277
2289
2308
2272
2293
3209
2277
2313
2316
2272
2305
2282
2310
2280
2290
2276
2276
2281
2283
2804
2271
2303
2280
2277
2299
2289
2279
2300
2318
2278
2301
2321
2331
2266
2269
2267
2291
2329
2328
2318
2277
2312
2276
2264
2272
2298
2270
2303
2505
2305
2314
2272
2310
2313
2273
2289
2277
2282
2285
2303
2277
2276
2292
2293
2323
2282
2310
2325
2312
2269
2331
2289
2287
2280
2301
2266
2290
2302
2295
2298
2282
2297
2281
2309
2300
2317
2282
2273
2276
2310
2306
2312
2281
2274
2311
2272
2313
2314
2267
2262
2305
2278
2274
2277
2298
2290
2298
2307
2306
2302
2277
2275
2332
2275
2311
2278
2275
2307
2300
2295
2271
2305
2298
2317
2305
2281
2500
2281
2302
2274
2313
2275
2273
2322
2283
2284
2279
2275
2265
2277
2275
2320
2287
2317
2306
2298
2275
2297
2271
2275
2274
2272
2282
2315
2307
2277
2268
2381
2268
2269
2274
2256
2276
2285
2332
2274
2302
2322
2272
2303
2276
2268
2286
2273
2322
2303
2285
2319
2320
2280
2299
2351
2308
2274
2280
2284
2299
2269
2299
2304
2294
2316
2294
2292
2305
2270
2301
2281
2297
2275
2313
2284
2276
2302
2267
2321
2280
2275
2320
2301
2301
2265
2267
2331
2304
2315
2319
2298
2331
2336
2273
2336
2274
2346
2275
2279
2326
2311
2293
2293
2276
2275
2303
2298
2315
2271
2284
2272
2273
2311
2296
2323
2275
2309
2303
2299
2288
2275
2269
2278
2275
2265
2307
2305
2314
2272
2357
2304
2273
2293
2303
2310
3715
2269
2301
2278
2275
2272
2309
2322
2284
2319
2299
6298
2307
2269
2274
2277
2302
2307
2307
2311
2297
2319
2273
2285
2323
2311
2287
2272
2325
2320
2266
2310
2281
2282
3004
2272
2278
2307
2276
2272
2344
2275
2297
2330
2313
2279
2303
2310
2272
2310
2313
2304
2317
2303
2266
2305
2301
2314
2288
2269
2284
2281
2323
3197
2317
2313
2277
2280
2279
2315
2282
2272
2265
2309
2294
2280
2275
2280
2302
2307
2310
2274
2329
2265
2303
2280
2309
2301
2280
2304
2315
2301
2318
2288
2280
2269
2296
2317
2312
2277
2278
2297
2270
2303
2322
2314
2320
2281
2298
2311
2274
2278
2290
2306
2312
2298
2344
2303
2285
2259
2313
2305
2318
2269
2275
2274
2278
2292
2279
2309
2296
2279
2291
2285
2332
2289
2339
2294
2275
2310
2277
2300
2325
2302
2321
2302
2314
2268
2274
2284
2266
2267
2306
2270
2276
2273
2317
2273
2278
2309
2276
2282
2361
2258
2311
2348
2322
2308
2315
2279
2311
2266
2273
2279
2297
2284
2277
2329
2296
2277
2319
2303
2287
2303
2278
2302
2267
2273
2304
2301
2297
2301
2274
2300
2283
2288
2298
2315
2297
2297
2293
2290
2326
2280
2281
2298
2271
2328
2273
2279
2301
2279
2292
2261
2277
2305
2285
2299
2402
2267
2278
2295
2300
2270
2303
2272
2310
2296
2286
2299
2346
2309
2306
2276
2261
2274
2272
2288
2303
2303
2299
2280
2297
2275
2316
2313
2277
2319
2275
2263
2288
2270
2306
2387
2299
2286
2278
2277
2277
2330
2311
2277
2321
2307
2305
2283
2313
2276
2301
2304
2314
2290
2303
2308
2294
2299
2275
2274
2307
2307
2276
2276
2300
2274
2269
2276
2269
2260
2300
2274
2328
2281
2264
2266
2278
2271
2264
2267
2276
2280
2278
2302
2300
2310
2311
2317
2310
2294
2259
2294
2287
2943
2272
2303
2333
2309
2319
2302
2271
2275
2296
2277
2298
2281
2272
2292
2268
2322
2288
2872
2312
2311
2265
2273
2276
2318
2307
2312
2289
2273
2273
2307
2278
2280
2308
2310
2274
2302
2321
2338
2275
2275
2280
2289
2376
2291
2362
2283
2268
2257
2348
2269
2276
2275
2292
2303
2347
2281
2293
2278
2292
2310
2269
2533
2306
2280
2338
2265
2295
2288
2267
2270
2282
2307
2276
2283
2303
2302
2311
2300
2274
2275
2319
2306
2303
2304
2272
2334
2349
2298
2316
2276
2302
2302
2284
2301
2313
2266
2324
2277
2301
2274
2313
2308
2310
2286
2304
2326
2261
2352
2329
2300
2302
2278
2351
2276
2281
2281
2275
2301
2316
2278
2280
2267
2323
2314
2343
2314
2309
3594
2277
2266
2276
2304
2287
2276
2277
2319
2275
2310
2273
2278
2313
2304
2309
2287
2299
2295
2269
2304
2299
2286
3122
2329
2274
2297
2285
2310
2278
2303
2286
2275
2273
2282
2271
2309
2303
2297
2286
2271
2274
2299
2277
2308
2275
2303
2261
2267
2340
2276
2312
2324
2302
2309
2295
2314
2281
2318
2274
2293
2315
2309
2274
2301
2289
2280
2331
2274
2267
2280
2314
2300
2279
2313
2277
2266
2318
2272
2299
2311
2269
2316
2299
2502
2322
2284
2299
2303
2264
2264
2315
2276
2270
2271
2308
2292
2296
2531
2276
2304
2295
2306
2318
2275
2294
2314
2313
2311
2271
2347
2315
2315
2305
2295
2303
2313
2273
2306
2277
2281
2409
2274
2271
2301
2275
2314
2306
2282
2285
2278
2329
2270
2277
2308
2309
2306
2321
2316
2312
2299
2316
2314
2313
2870
2271
2315
2304
2281
2282
2275
2280
2283
2279
2278
2345
2277
2310
2274
2283
2304
2270
2286
2296
3440
2309
2271
2280
2281
2316
2275
2264
2267
2287
2311
2295
2301
2318
2307
2269
2277
2302
2299
2276
2278
2311
2306
2271
2307
2270
2308
2282
2309
2299
2315
2331
2273
2275
2288
2306
2284
2285
2286
2314
2318
2335
2281
2303
2279
2310
2305
2302
2277
2305
2311
2271
2283
2278
2308
2318
2320
2305
2338
2262
2313
2267
2283
2281
2301
2276
2301
2302
2276
2275
2272
2310
2298
2297
2283
2333
2265
2269
2333
2272
2273
2313
2328
2303
2275
2308
2277
2274
2267
2273
2300
2287
2277
2275
2269
2272
2277
2273
2274
2272
2275
2272
2279
2275
2278
2269
2297
2272
2265
2306
2296
2318
2300
2270
2314
2273
2312
2800
2286
2285
2276
2372
2278
2282
2338
2272
2266
2269
2303
2306
2304
2335
2309
2320
3922
2313
2323
2276
2311
2270
2277
2307
2286
2298
2303
2305
2280
2274
2270
2309
2262
2300
2313
2279
2276
2264
2301
2297
2295
2426
2276
2343
2329
2316
2276
2268
2307
2323
2312
2270
2282
2294
2279
2278
2313
2307
2303
2273
2308
2296
2272
2297
2288
2268
2304
2283
2304
2340
2313
2317
2271
2272
2275
2330
2286
2270
2272
2288
2277
2281
2287
2339
2287
2274
2301
2393
2275
2263
2284
2295
2316
2297
2268
2295
2262
2300
2275
2274
2260
2265
2285
2275
2271
2298
2349
2289
2289
2301
2268
2280
2331
2313
2309
2295
2271
2309
2275
2279
2322
2311
2282
2271
2309
2304
2311
2293
2306
2302
2375
2276
2310
2273
2276
2279
2297
2759
2278
2290
2272
2276
2279
2280
2265
2334
2289
2270
2273
2264
2287
2298
2303
2314
2274
2273
2309
2296
2318
2283
2320
2309
2307
2295
2280
2307
2328
2271
2276
2270
2279
2307
2399
2362
2308
2283
2316
2311
2294
2317
2282
2260
2286
2278
2274
2276
2290
2294
2262
2286
2274
2309
2302
2273
2269
2281
2295
2274
2307
2291
2312
2269
2276
2299
2297
2273
2282
2286
2319
2274
2307
2273
2308
2271
2313
2268
2278
2297
2278
2278
2298
2323
2334
2265
2301
2270
2358
2305
2327
2298
2313
2273
2321
2295
2287
2299
2278
2309
2310
2304
2275
2298
2274
2275
2272
2311
2309
2272
2282
2265
2373
2275
2326
2267
2463
2258
2270
2284
2269
2296
2307
2273
2317
2284
2281
2277
2274
2278
2279
2298
2271
2278
2316
2274
2288
2294
2270
2273
2292
2276
2303
2262
2269
2299
2265
2265
2313
2279
2271
2314
2276
2282
2328
2277
2309
2305
2306
2319
2294
2313
2271
2263
2267
2270
2270
2280
2305
2280
2278
2271
2281
2309
2280
2266
2287
2335
2317
2269
2275
2286
2305
2276
2274
2287
2272
2275
2272
2274
2303
2285
2266
2275
2283
2310
2304
2277
2279
2278
2273
2279
2284
2304
2305
2280
2269
2315
2304
2285
2275
2345
2322
2277
2305
2282
2263
2363
2319
2286
2285
2274
2278
2285
2301
2294
2302
2273
2304
2285
2294
2297
2276
2280
2299
2312
2299
2304
2267
2269
2284
2310
2284
2320
2271
2282
2280
2289
2297
2279
2317
2279
2277
2276
2272
2345
2281
2276
2301
2275
2315
2302
2309
2297
2296
2273
2300
2266
2326
2304
2267
2312
2275
2273
2287
2273
2291
2284
2286
2284
2802
2348
2306
2277
2304
2268
2298
2269
2306
2297
2317
2278
2316
2269
2328
2307
2320
2291
2284
2287
2280
2298
2280
2283
2300
2302
2309
2412
2274
2322
2274
2272
2285
2360
2296
2277
2321
2280
2274
2268
2268
2272
2277
2301
2284
2326
2322
2302
2270
2283
2272
2296
2273
2343
2269
2994
2270
2275
2320
2307
2296
2302
2262
2324
2272
2279
2276
2272
2296
2273
2277
2272
2311
2305
2303
2273
2277
2269
2275
2311
2288
2279
2295
2270
2305
2309
2317
2304
2266
2311
2256
2311
2309
2301
2294
2271
2314
2296
2284
2306
2307
2277
2304
2299
2365
2307
2283
2278
2280
2295
2307
2275
2311
2290
2333
2278
2275
2319
2335
2275
2309
6273
2268
2269
2260
2315
2408
2287
2274
2316
2265
2300
2308
2276
2280
2282
2302
2299
2267
2314
2294
2277
2322
2314
2319
2332
2268
2300
2546
2301
2299
2267
2288
2311
2273
2272
2277
2274
2279
2292
2274
2305
2277
2271
2275
2318
2320
2287
2294
2273
2275
2306
2273
2339
2283
2306
2294
2298
2303
2307
2278
2278
2283
2276
3749
2296
2260
2275
2275
2278
2271
2271
2318
2771
2269
2316
2276
2353
2529
2279
2285
2315
2301
2298
2312
2358
