1345
1343
1348
1594
1348
1354
1395
1368
1680
1707
1409
2212
1373
1344
1391
1342
1350
1346
1346
1351
1344
1347
1345
1352
1371
1348
1342
1352
1355
1378
1343
1361
2480
1347
1348
1346
1349
1347
1363
1344
1343
1346
1380
1357
1365
1346
1382
1389
1348
1346
1366
1363
1421
1424
1345
1389
1388
1347
1390
1352
1386
1347
1345
1347
1388
1346
1354
1386
1384
1384
1348
1341
1346
1348
1471
1405
1403
1422
1347
1349
1357
1356
1350
1391
1364
1346
1341
1413
1398
1344
1431
1364
1403
1341
1580
1348
1942
1390
1527
1343
1344
1393
1395
1350
1392
1353
1359
1343
1386
1402
1354
1360
1346
1386
1391
1341
1352
1387
1392
1628
1342
1345
1337
1348
1348
1342
1345
1348
1336
1426
1350
1390
1391
1387
1341
1349
1392
1347
1355
1361
1350
1346
1346
1357
1344
1348
1354
1341
1354
1346
1345
1343
1346
1369
1387
1369
1345
1390
1344
1345
1345
1341
1344
2049
1344
1347
1346
1359
1346
1349
1389
1403
1364
1393
1406
1347
1348
1368
1398
1348
1391
1449
1353
1347
1342
1393
1403
1446
1394
1385
1380
1368
1402
1412
1348
1340
1343
1384
1386
1346
1348
1430
1340
1403
1388
1345
1399
1387
1384
1365
1350
1345
1345
1344
1350
1350
1348
1345
1690
1405
1350
1345
1345
1353
1345
1349
1351
2049
1347
1348
1345
1350
1353
1347
1381
1388
1404
1346
1390
1351
1351
1350
1341
2501
1356
1388
1341
1356
1393
1342
1344
1383
1349
1391
1399
1341
1349
1348
1347
1347
1417
1392
1380
1349
1352
1346
1377
1345
1352
1390
1347
1379
1407
1354
1387
1350
1343
1348
2252
1354
1397
1405
1346
1398
1343
1389
1351
1358
1405
1347
1352
1345
1354
1348
1352
1354
1349
1348
1353
1346
1348
1391
1362
1345
1390
1342
1351
1348
1399
1375
1352
1346
1347
1383
1390
1342
1345
1343
1379
1345
1349
1342
1385
1346
1388
1421
1343
1347
1377
1383
1394
1358
1349
1346
1385
1343
1351
1350
1394
1390
1382
1364
1383
1434
1375
1359
1348
1342
1350
1406
1353
1343
1406
1451
1345
1407
1341
1388
1372
1352
1370
1347
1342
1348
1349
1381
1342
1391
1349
1347
1378
1359
1344
1350
1412
1346
1349
1352
1385
1546
1343
1347
1351
1347
1343
1352
1345
1344
1349
1344
1351
1357
1405
1354
1347
1377
1346
1348
1351
1351
1346
2232
1431
1343
1400
1351
1423
1346
1429
1429
1350
1342
1352
1352
1396
1348
1380
1346
1351
1346
1342
1344
1391
1343
1352
1346
1403
1352
1350
1337
1346
1390
1350
1359
1346
1390
1344
1351
1346
1353
1347
1352
1347
1391
1348
1345
1348
1345
1346
1350
1347
1425
1434
1384
1349
1398
1344
1346
1406
1349
1374
1347
1347
1389
1352
1386
1366
1350
1342
1433
1350
1342
1346
1403
1382
1344
1344
1347
1411
1347
1396
1345
1352
1348
1390
1352
1342
1347
1362
1383
1346
1342
1348
1349
1350
1345
1392
1349
1372
1347
1341
1385
1356
1343
1390
1342
1350
1380
1357
1346
1386
1354
1345
1357
1345
1354
1344
1342
1348
1368
1380
1346
1350
1356
1341
1348
1346
1355
1346
1349
1352
1342
1398
1351
1346
1348
1347
1341
1378
1349
1349
1346
1400
1488
1348
1341
1346
1351
1341
1387
1347
1381
1345
1352
1352
1346
1352
1346
1347
1352
1342
1388
1381
1349
1357
1411
1343
1394
1347
1356
1359
1464
1354
1391
1346
1348
1392
1350
1386
1381
1351
1347
1354
1399
1388
1348
1344
1350
1349
1428
1351
1353
1354
1347
1347
1408
1348
1345
1348
1391
1349
1346
1347
1355
1392
1347
1353
1349
1344
1351
1447
1402
1351
1392
1355
1436
1352
1352
1349
1381
1347
1397
1344
1398
1394
1354
1347
1383
1383
1353
1352
1353
1347
1342
1380
1348
1357
1353
1426
1352
1364
1343
1382
1414
1347
1342
1343
1426
1343
1395
1351
1346
1356
1382
1395
1409
1393
1354
1347
1386
1375
1346
1349
1443
2076
1343
1385
1344
1371
1397
1351
1392
1348
1372
1350
1344
1347
1345
1386
1347
1352
1416
1349
1401
1355
1392
1401
1350
1382
1349
1345
1392
1352
1348
1353
1375
1621
1391
1348
1396
1368
1346
1346
1346
1597
1969
1392
1381
1350
1347
1347
1354
1345
1360
1347
1350
1352
1349
1348
1385
1389
2118
1342
1345
1346
1351
1345
1343
1342
1344
1349
1346
1356
1345
1344
1351
1344
1382
1344
1392
1397
1400
1351
1368
1351
1349
1408
1345
1349
1391
1345
1377
1367
1349
1395
1347
1355
1348
1348
1407
1340
1348
1345
1353
1398
1344
1355
1356
1407
1403
1439
1372
1361
1346
1390
1382
1380
1377
1388
1397
1356
1391
1345
1386
1395
1353
1342
1346
1355
1350
1403
1353
1388
1429
1355
1380
1342
1392
1402
1392
1342
1345
1350
1345
1348
1396
1440
1509
1435
1345
1346
1351
1400
1341
1406
1341
1384
1345
1650
1347
1343
1345
1348
1345
1419
1390
1385
1342
1346
1341
1358
1395
1342
1346
1354
1360
1345
1440
1348
1345
1345
1349
1421
1439
1349
1342
1344
1355
1354
1346
1346
1347
1349
1346
1419
1344
1389
1354
1348
1381
1349
1350
1346
1348
2293
1429
1383
1439
1345
1351
1383
1450
1392
1347
1348
1408
1390
1350
1348
1390
1350
1397
1366
1435
1429
1343
1387
1344
1348
1351
1350
1343
1384
1341
1396
1346
1417
1412
1348
1344
1618
1391
1347
1346
1388
1422
1349
1352
1386
1404
1391
1396
1353
1346
1348
1382
1386
1392
1347
1344
1349
1341
1344
1346
1346
1339
1349
1397
1385
1419
1361
1401
1356
1342
1351
1341
1346
1383
1342
1344
1344
1342
1353
1347
1349
1538
1348
1350
1349
1348
1341
1344
1351
1354
1359
1345
1347
1342
1399
1346
1345
1525
1396
1352
1393
1392
1411
1404
1352
1346
1352
1344
1347
1353
2894
1784
1390
1347
1346
1396
1387
1429
1374
1422
1680
1398
1390
1358
1393
1426
1353
1417
1352
1380
1348
1343
1348
1345
1347
1345
1346
1389
1354
1351
1406
1402
1352
1345
1354
1347
1343
1350
1347
1392
1361
1342
1632
1469
1394
1372
1349
1342
1383
1419
1347
1352
1388
1343
1347
1347
1350
1343
1343
1385
1382
1348
1344
1385
1419
1369
1345
1342
1353
1402
1389
1387
1359
1342
1347
1352
1426
2654
1345
1424
1344
1348
1390
1342
1385
1349
1349
1342
1356
1353
1398
1385
1353
1387
1438
1347
1344
1356
1347
1347
1449
1387
1345
2048
1399
1356
1387
1343
1352
1366
1341
1348
1344
1347
1420
1346
1390
1394
1345
1430
1362
1344
1347
1375
1351
1347
1347
1348
1353
1348
1347
1347
1385
1348
1351
1346
1351
1395
1403
1350
1353
1394
1346
1343
1346
1345
1429
1381
1361
1341
1347
1392
1400
1388
1374
1351
1448
1394
1349
1351
1352
1346
1354
1385
1403
1350
1413
1348
1341
1387
1399
1349
1430
1348
1344
1347
1390
1344
1348
1351
1347
1356
1366
1347
1386
1350
1351
1352
1347
1346
1425
1395
1441
1355
1409
1344
1355
1355
1362
1408
1351
1355
1428
1384
1348
1346
1355
1359
1341
1353
1342
1388
1687
1348
1352
1348
1341
1407
1372
1392
1354
1411
1351
1353
1351
1421
1396
1351
1378
1343
1382
1369
1350
1388
1349
1357
1346
1409
1392
1350
1347
1347
1350
1352
1346
1371
1347
1365
1346
1352
1343
1347
1353
1415
1345
1352
1401
1352
1347
1355
1342
1346
1345
1347
1344
1380
1343
1342
1393
1345
1399
1391
1363
1345
1481
1434
1348
1348
1385
1397
1342
1357
1352
1351
1343
1344
1342
1346
1347
1356
1344
1362
1349
1345
1393
1342
1354
1344
1350
1348
1348
1387
1349
1397
1393
1344
1345
1351
1342
1360
1344
1346
1345
1397
1346
1342
1352
1345
1345
1341
1420
1344
1341
1352
1350
1351
1399
1347
1346
1389
1384
1343
1386
1395
1342
1348
1342
1387
1352
1389
1350
1347
1349
1346
1346
1334
1411
1348
1384
1432
1345
1362
1383
1349
1342
1343
1354
1346
1352
1347
1384
1387
1342
1347
1393
1342
1351
1345
1343
1347
1352
1430
1341
1355
1350
1352
1368
1355
1347
1393
1345
1345
1343
1348
1405
1349
1349
1425
1390
1351
1347
1384
1349
1348
1349
1404
1351
1346
1396
1385
1346
1354
1348
1388
1343
1342
1388
1346
1422
1383
1391
1345
2454
1345
1419
1408
1426
1394
1360
1341
1399
1402
1422
1353
1391
1346
1416
1347
1342
1384
1350
1347
1398
1344
1345
1343
1350
1415
1343
1345
1584
1348
1341
1389
1348
1347
1352
1350
1403
1395
1347
1369
1343
1390
1344
1348
1350
1408
1345
1388
1351
1347
1346
1364
1345
1342
1349
1345
1341
1420
1416
1344
1357
1345
1347
1342
1342
1342
1348
1392
1342
1385
1346
1340
2421
1355
1345
1346
1345
1340
1397
1352
1400
1425
1343
1353
1349
1343
1805
1346
1412
1351
1347
1424
1349
1348
1356
1388
1350
1351
1346
2356
1349
1350
1342
1347
1349
1563
1383
1406
1352
1344
1347
1343
1405
1378
1340
1346
1348
1346
1342
1393
1347
1348
1347
1365
1341
1347
1341
1346
1395
1345
1394
1398
1420
1368
1347
1402
1345
1375
1347
1347
1347
1427
1342
1368
1347
1425
1345
1380
1346
1340
1345
1348
1352
1342
1341
1345
1346
1415
1391
1349
1349
1349
1389
1348
1341
1366
1347
1345
1344
1348
1347
1409
1402
1352
1349
1393
1342
1342
1690
1422
1353
1383
1405
1345
1352
1425
1349
1344
1349
1341
1346
1342
1351
1393
1362
1391
1342
1351
1348
1371
1359
1347
1347
1465
1345
1348
1347
1356
1348
1345
1351
1341
1346
1344
1410
1343
1344
1354
1351
1345
1347
1864
1347
1347
1388
1349
1377
1740
1398
1369
1344
1349
1353
1396
1347
1397
1425
1346
1349
1398
1347
1347
1374
1355
1341
1350
1421
1349
1351
1385
1375
1363
1341
1418
1416
1417
1372
1351
1388
1358
1429
1348
1352
1370
1348
1346
1343
1349
1343
1348
1415
1353
1396
1430
1352
1353
1389
1352
1346
1413
1352
1421
1404
1352
1349
1342
1348
1343
1343
1354
1347
1342
1345
1347
1346
1434
1344
1375
1345
1347
1407
1377
1391
1342
1392
1348
1356
1353
1345
1439
1345
1361
1343
1346
1430
1390
1409
1350
1349
1358
1346
1352
1683
1405
1397
1345
1370
2048
1342
1404
1346
1358
1344
1412
1346
1352
1360
1418
1602
1350
1349
1345
1355
1356
1379
1405
1346
1343
1347
1495
1393
1371
1348
1351
1407
1347
1433
1437
1343
1352
1400
1348
1387
1352
1349
1344
1348
1395
1346
1344
1344
1347
1345
1446
1341
1356
1344
1345
1374
1349
1404
1343
1351
1342
1353
1347
1346
1386
1391
1344
1340
1347
1341
1347
1351
1363
1346
1397
1353
1381
1385
1351
1349
1343
1341
1390
1415
1345
1343
1343
1391
1399
1350
1344
1345
1619
1550
1389
1344
1351
1346
1381
1345
1423
1351
1391
1440
1347
1385
1363
1418
1393
1367
1348
1344
1380
1360
1377
1346
1349
1344
1344
1345
1348
1350
1346
1400
1353
1346
1343
1362
1407
1342
1343
1350
1396
1341
1342
1350
1349
1346
1412
1346
1411
1358
1341
1351
1349
1394
1378
1382
1411
1342
1350
1341
1347
1343
1390
1348
1345
1352
1342
1353
1351
1445
1345
1344
1400
1395
1398
1347
1343
1347
1379
1345
1415
1373
1346
1399
1352
1351
1349
1346
1390
1341
1348
1348
1387
1403
1351
1409
1384
1427
1392
1402
1345
1344
1349
1401
1352
1394
1346
1345
1352
1345
1356
1381
1368
1343
1395
1342
1347
1348
1385
1367
1382
1352
1356
1373
1460
1348
1349
1388
1349
1348
1355
1354
1344
1559
1401
1405
1346
1362
1397
1348
1347
1353
1342
1357
1345
1345
1346
1352
1346
1350
1614
1350
1346
1341
1385
1382
1443
1386
1353
1420
1342
1393
1350
1392
1346
1356
1762
1381
1363
1348
1347
1343
1388
1353
1360
1403
1344
1347
1397
1443
1343
1411
1347
1345
1338
1345
1347
1347
1387
1398
1429
1351
1349
1387
1403
1401
1345
1386
1353
1349
1397
1345
1350
1346
1389
1345
1346
1386
1364
1412
1351
1352
1341
1344
1388
1383
1406
1344
1349
1341
1345
1344
1346
1350
1369
1349
1351
1341
1407
1349
1408
1345
1347
1343
1390
1405
1354
1410
1345
1395
1346
1346
1403
1345
1421
1429
1350
1347
1351
1347
1397
1342
1434
1399
1348
1353
1349
1344
1410
1344
1392
1378
1364
1345
1348
1381
1368
1410
1367
1346
1346
1347
1349
1365
1347
1344
1353
1346
1349
1348
1351
1418
1389
1392
1376
1344
1366
1341
1378
1342
1352
1389
1347
1348
1345
1399
1342
1347
1391
1350
1351
1357
1345
1353
1421
1351
1377
1389
1387
1347
1348
1356
1395
1353
1347
1984
1399
1343
1490
1352
1350
1353
1342
1411
1351
1348
1347
1354
1341
1386
1341
1351
1349
1348
1389
1345
1383
1919
1345
1421
1346
1369
1394
1350
1392
1374
1347
1352
1350
1341
1341
1526
1360
1343
1360
1391
1346
1373
1611
1347
1342
1399
1345
1352
1353
1346
1405
1381
1395
1394
1347
1341
1344
1349
1344
1355
1441
1354
1349
1388
1343
1362
1390
1354
1345
1397
1342
1445
1394
1345
1351
1343
1349
1421
1474
1343
1341
1393
1347
1343
1347
1344
1347
1346
1388
1347
1349
1411
1388
1395
1350
1385
1344
1344
1382
1342
1343
1371
1343
1353
1349
1375
1424
1408
1352
1353
1353
1362
1348
1345
1343
1433
1434
1351
1354
1348
1347
1343
1359
1350
1349
1363
1354
1348
1352
1363
1391
1349
1388
1384
1356
1342
1345
1377
1372
1346
1349
1345
1343
1356
1351
1344
1343
1345
1384
1421
1436
1408
1389
1344
1385
1356
1346
1355
1382
1387
1348
1350
1433
1342
1399
1353
1354
1420
1406
1414
1345
1349
1344
1404
1348
1350
1347
1353
1386
1386
1353
1397
1456
1405
1355
1392
1341
1398
1385
1345
1346
1353
1352
1347
1347
1349
1387
1350
1342
1355
1342
1361
1404
1345
1354
1351
1354
1440
1384
1437
1342
1396
1344
1345
1391
1354
1404
1352
1390
1385
1344
1388
1341
1348
1342
1352
1404
1396
1349
1395
1354
1360
1427
1357
1395
1357
1379
1426
1403
1341
1406
1383
1343
1339
1348
1397
1348
1352
1346
1400
1351
1343
1401
1426
1347
1349
1348
1451
1390
1391
1401
1389
1350
1349
1351
1351
1343
1343
1347
1342
1368
1458
1394
1374
1386
1387
1344
1375
1361
1346
1346
1353
1390
1346
1359
1358
1348
1388
1348
1347
1347
1363
1347
1346
1345
1337
1346
1341
1350
1344
1398
1342
1404
1354
1352
1376
1346
1389
1344
1464
1343
1343
1408
1419
1371
1346
1386
1355
1343
1348
1388
1351
1341
1364
1347
1343
1356
1356
1368
1347
1351
1436
1349
1398
1396
1345
1347
1346
1351
1364
1412
1408
1383
1450
1369
1349
1344
1393
1346
1380
1406
1344
1344
1385
1360
1384
1346
1346
1346
1347
1392
1411
1344
1357
1353
1406
1343
1398
1346
1353
1396
1342
1344
1344
1350
1389
1352
1370
1387
1360
1939
1364
1351
1343
1342
1463
1384
1352
1383
1434
1346
1348
1347
1382
1427
1384
1380
1348
1348
1400
1361
1341
1350
1353
1346
1340
1388
1392
1368
1348
1346
1361
1351
1358
1362
1343
1361
1415
1515
1347
1348
1379
1357
1403
1356
1398
1345
1348
1363
1382
1418
1349
1344
1347
1346
1346
1342
1348
1341
1434
1391
1354
1348
2153
1346
1344
1346
1394
1341
1347
1351
1388
1372
1393
1378
1368
1400
1351
1694
1348
1347
1347
1342
1398
1387
1378
1369
1430
1345
1344
1387
1378
1349
1345
1342
1344
1341
1342
1359
1382
1344
1395
1356
1346
1342
1344
1347
1343
1348
1350
1347
1352
1348
1347
1344
1383
1352
1345
1380
1383
1389
1343
1349
1357
1396
1349
1352
1346
1357
1415
1389
1347
1352
1362
1349
1346
1358
1366
1346
1350
1342
1343
1342
1343
1377
1350
1438
1352
1352
1348
1397
1347
1363
1372
1354
1353
1347
1410
1353
1342
1346
1390
1346
1388
1430
1385
1348
1345
1346
1353
1446
1342
1348
1349
1342
1343
1349
1343
1415
1383
1347
1350
1346
1346
1348
1342
1541
1347
2023
1343
1349
1347
1352
1342
1342
1427
1341
1381
1344
1348
1405
1348
1395
1345
1341
1350
1342
1348
1382
1343
1342
1392
1344
1373
1347
1346
1347
1392
1349
1392
1387
1350
1350
1347
1343
1385
1358
1351
1341
1346
1344
1420
1369
1369
1344
1345
1398
1348
1344
1341
1388
1415
1346
1386
1386
1341
1351
1342
1381
1344
1363
1449
1353
1340
1346
1348
1359
1377
1349
1344
1358
1355
1345
1421
1351
1395
1344
1385
1416
1389
1351
1344
1342
1398
1346
1380
1388
1349
1361
1342
1400
1351
1416
1433
1342
1400
1371
1349
1346
2005
1350
1346
1478
1352
1348
1342
1347
1354
1342
1346
1397
1352
1384
1380
1345
1349
1346
1347
1357
1345
1400
1353
1348
1405
1396
1361
1344
1343
1353
1347
1397
1405
1348
1352
1354
1355
1390
1357
1357
1349
1353
1347
1344
1353
1345
1342
1346
1343
1355
1345
1341
1343
1351
1343
1435
1392
1369
1346
1346
1486
1355
1345
1389
1390
1354
1396
1344
1404
1347
1345
1343
1367
1348
1344
1352
1342
1392
1352
1342
1397
1341
1392
1345
1343
1393
1354
1383
1387
1350
1348
1547
1349
1354
1388
1345
1400
1347
1395
1353
1355
1347
1352
1345
1348
1358
1349
1350
1347
1351
1419
1340
1384
1350
1346
1345
1353
1346
1347
1400
1347
1546
1346
1397
1345
1347
1356
1353
1354
1411
1358
1343
1343
1348
1393
1345
1433
1430
1344
1434
1351
1545
1389
1536
1345
1412
1348
1348
1349
1345
1395
1341
1386
1377
1384
1363
1345
1349
1385
1358
1358
1352
1346
1342
1345
2066
1352
1342
1348
1343
1369
1386
1348
1351
1389
1349
1346
1350
1349
1351
1353
1348
1351
1342
1394
1343
1353
2048
1399
1392
1373
1371
1350
1381
1346
1383
1350
1348
1351
1352
1346
1351
1348
1352
1397
1352
1531
1488
1378
1352
1349
1342
1389
1346
1362
1358
1355
1350
1434
1419
1347
1342
1354
1342
1344
1391
1345
1348
1350
1344
1348
1359
1345
1419
1436
1342
1344
1355
1350
1358
1344
1401
1362
1387
1355
1352
1341
1348
1402
1352
1385
1344
1343
1351
1350
1352
1352
1350
1381
1346
1341
1349
1343
1381
1346
1409
1388
1373
1358
1346
1342
1353
1387
1344
1416
1354
1364
1446
1357
1361
1343
1349
1397
1386
1346
1361
1399
1351
1351
1425
1347
1342
1351
1351
1342
1343
1350
1343
1347
1354
1404
1350
1351
1353
1390
1344
1343
1344
1380
1942
1358
1388
1393
1348
1350
1346
1350
1343
1358
1360
1347
1352
1355
1409
1352
1389
1355
1351
1345
1346
1378
1346
1345
1342
1388
1350
1344
1348
1346
1532
1342
1342
1387
1396
1353
1347
1347
1400
1349
1340
1401
1383
1350
1348
1344
1391
1352
1476
1347
1393
1343
1347
1356
1350
1350
1344
1390
1354
1348
1346
1389
1394
1426
1346
1348
1342
1341
1387
1430
1347
1344
1362
1419
1424
1343
1347
1358
1406
1345
1348
1382
1347
1347
1456
1342
1389
1379
1356
1344
1346
1344
1345
1355
1380
1345
1346
1350
1356
1346
2111
1349
1359
1346
1344
1345
1347
1352
1349
1552
1341
1351
1348
1394
1345
1346
1343
1341
1343
1347
1348
1376
1383
1348
1426
1351
1358
1343
1342
1351
1852
1424
1351
1351
1346
1371
1387
1393
1351
1409
1342
1409
1345
1352
1355
1350
1351
1356
1352
1345
1346
1341
2441
1347
1348
1348
1389
1370
1424
1341
1355
1395
1345
1390
1396
1347
1346
1386
1341
2256
1359
1352
1386
2804
1395
1354
1350
1345
1394
1349
1349
1343
1345
1348
1348
1346
1344
1371
1345
1346
1983
1341
1347
1346
1344
1347
1338
1607
1343
1346
1391
1395
1343
1351
1345
1390
1934
1384
1413
1717
1400
1342
1379
1366
1394
1351
1350
1388
1391
1521
1337
1352
1349
1352
1341
1347
1344
1349
1345
1346
1391
1383
1343
1348
1347
1394
1371
1349
1343
1569
1374
1346
1342
1400
1351
1346
1345
1352
1399
1360
1355
1353
1348
1343
1351
1342
1349
1396
1343
1364
1352
1406
1345
1347
1386
1348
1393
1352
1519
1400
1346
1343
1342
1360
1347
1349
1394
1357
1341
1347
1353
1342
1343
1382
1353
1395
1349
1379
1387
1374
1345
1391
1341
1347
1350
1407
1348
1400
1360
1447
1390
1353
1353
1398
1342
1430
1390
1445
1403
1379
1360
1459
1345
1370
1375
1416
1343
1347
1346
2037
1424
1383
1354
1355
1352
1341
1347
1401
1347
1344
1352
1370
1347
1364
2101
1544
1347
1355
1377
1343
1353
1352
1368
1341
1345
1352
1376
1399
1347
1350
1346
1398
1343
1393
1407
1342
1436
1352
1361
1401
1347
1351
1356
1345
1348
1463
1345
1351
1343
1412
1360
1397
1349
1410
1349
1384
1347
1345
1349
1350
1342
1388
1403
1403
2163
1364
1347
1345
1347
1343
1345
1341
1383
1346
1390
1347
1342
1481
1342
1344
1436
2253
1347
1345
1349
1392
1349
1391
1351
1343
1384
1342
1405
1345
1384
1408
1347
1393
1349
1349
1383
1714
1348
1395
1356
1344
1399
1363
1343
1345
1394
1349
1348
1351
1356
1343
1357
1424
1396
1344
1370
1341
1352
1360
1346
1346
1397
1349
1345
1347
1340
1343
1427
1354
1346
1426
1345
1352
1346
1383
1406
1353
1342
1368
1349
1363
1345
1352
1352
1351
1351
1344
1352
1352
1400
1393
1406
1356
1381
1347
1348
1341
1352
1347
1347
1349
1349
1348
1341
1387
1352
1366
1343
1428
1342
1347
1349
1347
1413
1384
1355
1344
1343
1391
1347
1363
1346
1424
1342
1352
1369
1398
1598
1352
2122
1388
1348
1397
1346
1357
1341
1362
1352
1355
1412
1347
1343
1349
1346
1349
1344
1350
1385
1350
1352
1423
1348
1393
1346
1348
1400
1351
1352
1435
1341
1346
1408
1438
1346
1347
1388
1359
1384
1390
1407
1384
1367
1374
1346
1346
1369
1351
1345
1343
1346
1365
1398
1347
1397
1390
1386
1342
1389
1342
1361
1415
1346
1342
1410
1356
1390
1353
1415
1351
1349
1344
1350
1530
1390
1344
1344
1346
1351
1349
1389
1356
1345
1341
1725
1352
1342
1396
1346
1368
1343
1392
1389
1388
1348
1360
1343
1350
1378
1424
1343
1349
1389
1400
1403
1348
1345
1372
1383
1347
1424
1345
1341
1343
1344
1354
1344
1346
1375
1352
1387
1341
1342
1379
1342
1394
1386
1425
1346
1345
1387
1392
1346
1346
1414
1349
1397
1345
1347
1397
1347
1346
1426
1344
1394
1346
1348
1352
1362
1406
1368
1350
1351
1343
1391
1344
1347
1352
1383
1388
1345
1349
1423
1345
1346
1352
1351
1352
1438
1345
1395
1387
1347
1349
1347
1417
1349
1446
1357
1341
1418
1350
1346
1652
1440
1395
1345
1351
1372
1386
1349
1347
1381
1384
1348
1375
1342
1388
1351
1602
1388
1354
1346
1379
1344
1346
1390
1389
1423
1346
1343
1342
1348
1342
1348
1388
1382
1347
1344
1346
1348
1371
1384
1341
1356
1350
1346
1374
1361
1346
1424
1349
1385
1410
1346
1365
1389
1341
1438
1345
1390
1341
1395
1383
1387
1345
1353
1388
1386
1343
1388
1347
1616
1396
1399
1380
1359
1349
1384
1360
1359
1348
1384
1352
1356
1418
1390
1345
1392
1347
1348
1359
1968
1385
1343
1389
1345
1398
1395
1351
1354
1349
1345
1345
1344
1348
1351
1353
1347
1342
1343
1355
1384
1350
1390
1392
1350
1398
1352
1345
1340
1343
1346
1348
1400
1394
1343
1350
1349
1384
1387
1345
1347
1342
1345
1383
1386
1350
1347
1351
1342
1352
1381
1346
1349
1351
1349
1345
1348
1349
1350
1343
1346
1348
1342
1344
1346
1342
1343
1389
1349
1381
1383
1349
2908
1346
1344
1343
1432
1346
1387
1352
1385
1348
1347
1438
1357
1395
1385
1388
1346
1344
1341
1345
1347
1388
1344
1356
1355
1400
1344
1349
1347
1398
1344
1384
1377
1518
1348
1343
1344
1418
1395
1354
1395
1346
1359
1363
1346
1349
1397
1351
1351
1347
1356
1429
1348
1354
1345
1342
1344
1342
1416
1346
1350
1386
1383
1429
1347
1346
1407
1380
1366
1352
1342
1346
1369
1375
1368
1345
1341
1345
1343
1349
1342
1348
1415
1349
1346
1349
1344
1359
1348
1357
1342
1342
1348
1349
1342
1382
1392
1348
1348
1341
1344
1345
1347
1348
1347
1399
1346
1352
1355
1349
1401
1346
1347
1341
1413
1350
1396
1347
1350
1341
1352
1351
1408
1348
1344
1394
2344
1343
1389
1378
1390
1348
1350
1357
1350
1348
1352
1393
1397
1347
1352
1346
1395
1404
1385
1401
1349
1346
1347
1376
1402
1384
1354
1345
1385
1391
1346
1343
1347
1343
1347
1342
1347
1410
1395
1346
1348
1578
1349
1378
1404
1396
1349
1388
1416
1348
1351
1348
1357
1348
1407
1350
1345
1342
1350
1346
1413
1351
1356
1348
1405
1341
1353
1344
1351
1392
1343
1349
1347
1342
1343
1344
1349
1394
1348
1349
1352
1346
1372
1397
1392
1394
1406
1351
1345
1415
1347
1371
1406
1403
1395
1347
1348
1348
1435
1348
1353
1345
1355
1348
1418
1358
1371
1397
1347
1414
1350
1371
1344
1368
1441
1344
1342
1341
1359
1345
1346
1351
1353
1393
1344
1398
1343
1406
1347
1429
1384
1343
1343
1400
1347
1658
1438
1346
1362
1343
1345
1345
1347
1347
1347
1394
1399
1354
1395
1352
1389
1340
1373
1349
1343
1395
1343
1360
1368
1399
1390
1345
1342
1345
1346
1348
1341
1397
1346
1345
1345
1346
1386
1347
1351
1390
1346
1393
1348
1353
1384
1393
1350
1352
1346
1396
1422
1345
1374
1344
1347
1399
1345
1341
1345
1347
1406
1470
1348
1353
1344
1351
1342
1349
1385
1342
1352
2509
1350
1351
1357
1357
1346
1346
1348
1352
1343
1372
1350
1345
1410
1855
1389
1401
1351
1344
1343
1431
1386
1353
1342
1536
1369
1341
1341
1397
2195
1351
1351
1361
1348
1340
1344
1402
1348
1357
1344
1362
1412
1346
1347
1341
1346
1347
1347
1342
1347
1356
1348
1352
1411
1346
1361
1348
1745
1357
1347
1347
1347
1347
1346
1346
1421
1396
1341
1406
1366
1348
1341
1415
1381
1343
1345
1383
1347
1400
1390
1382
1386
1343
1344
1341
1393
1374
1349
1385
1386
1344
1758
1406
1348
1344
1347
1343
1344
1394
1346
1345
1352
1337
1414
1391
1348
1351
1344
1348
1354
1343
1396
1345
1347
1350
1344
1348
1354
1368
1349
1343
1348
1371
1354
1349
1401
1403
1346
1351
1381
1392
1398
1446
1354
1389
1385
1347
1362
1343
1384
1346
1345
1344
1453
1374
1353
1563
1347
1341
1387
1346
1359
1361
1354
2735
1357
1391
1349
1342
1351
1438
1463
1351
1342
1368
1347
1348
1346
1387
1340
1347
1347
1342
1413
1342
1424
1342
1346
1348
1354
1347
1385
1349
1341
1390
1430
1351
1394
1355
1351
1383
1371
1341
1349
1346
1398
1427
1451
1347
1407
1343
1359
1348
1341
1347
1344
1385
1384
1350
1422
1352
1353
1341
1346
1341
1349
1386
1347
1380
1347
1387
1384
1346
1346
1370
1389
1347
1348
1351
1371
1351
1344
1415
1342
1441
1349
1349
1351
1354
1352
1350
1346
1389
1345
1596
1343
1352
1352
1352
1345
1356
1346
1525
1375
1388
1351
1348
1394
1350
1358
1360
1345
2024
1341
1378
1348
1393
1366
1407
1354
1353
1401
1379
1347
1343
1342
1350
1375
1435
1357
1359
1422
1357
1342
1351
1395
1402
1342
1345
1348
1380
1347
1386
1351
1357
1394
1384
1357
1347
1431
1358
1406
1346
1343
1404
1354
1353
1403
1344
1345
1354
1471
1347
1392
1341
1352
1400
1351
1405
1402
1340
1351
1347
1342
1381
1347
1358
1403
1353
1345
1348
1386
1453
1345
1350
1384
1386
1401
1415
1351
1347
1383
1383
1351
1352
1393
1383
1380
1342
1351
1347
1343
1968
1395
1380
1403
1346
1351
1348
1382
1345
1345
1352
1347
1386
1345
1347
1345
1342
1401
1349
1403
1361
1344
1353
1345
1349
1396
1345
1392
1347
1353
1343
1356
1380
1350
1351
1351
1352
1343
1347
1347
1345
1390
1342
1348
1388
1350
1348
1383
1352
1353
1391
1348
1394
1398
1390
1380
1388
1344
1380
1344
1346
1349
1344
1352
1341
1387
1382
1379
1395
1346
1341
1401
1341
1348
1385
1353
1436
1365
1429
1348
1345
1382
1393
1402
1336
1349
1347
1383
1345
1347
1395
1416
1345
1351
1349
1390
1347
1344
1395
1413
1394
1381
1361
1362
1420
1395
1349
1390
1388
1393
1347
1352
1385
1347
1348
1353
1408
1347
1350
1341
1350
1362
1375
1346
1392
1403
1342
1382
1348
1386
1342
1348
1352
1346
1347
1385
1392
1398
1344
1344
1346
1343
1346
1396
1375
1341
1359
1403
1419
1404
1442
1388
1429
1385
1351
1347
1341
1384
1352
1389
1350
1346
1370
1343
1345
1343
1394
1340
1343
1343
2259
1351
1372
1399
1347
1388
1345
1349
1344
1396
1342
1351
1341
1343
1347
1393
1343
1355
2120
2397
1367
1383
1349
1423
1406
1391
1351
1347
1358
1348
1360
1343
1348
1351
1449
1353
1342
1350
1343
1350
1349
1347
1353
1394
1356
1401
1664
1346
1387
1382
1358
1347
1387
1344
1399
1392
1389
1383
1344
1343
1344
1360
1390
1356
1347
1343
1346
1350
1348
1348
1350
1423
1343
1346
1391
1344
1378
1348
1382
1504
1391
1346
1345
1347
1355
1345
1350
1398
1349
1386
1348
1348
1390
1343
1343
1742
1344
1345
1352
1372
2956
1345
2062
1435
1346
1395
1341
1346
1399
1401
1344
1349
1348
1352
1351
1351
1346
1383
1393
1343
1347
1342
1390
1405
1346
1352
1394
1348
1351
1384
1380
1350
1346
1348
1393
1358
1357
1413
1427
1437
1355
1357
1411
1354
1343
1340
1409
1350
1342
1353
1353
1385
1347
1373
1352
1421
1344
1386
1348
1359
1345
1347
1343
1389
1348
1347
1599
2511
1348
1351
1373
1352
1391
1347
1355
1350
1348
1414
1385
1380
1353
1346
1389
1343
1346
1345
1346
1346
1741
1376
1463
1353
1348
1414
1344
1687
1351
1417
1383
1384
1345
1343
1352
1396
1417
1382
1387
1336
1390
1343
1344
1345
1401
1342
1347
1397
1348
1389
1387
1383
1408
1373
1348
1346
1346
1345
1346
1345
2129
1351
1396
1353
1345
1349
1369
1349
1428
1347
1389
1401
1392
1344
1405
1437
1346
1352
1346
1380
1405
1340
1414
1345
1402
1346
1349
1347
1397
1399
1349
1398
1351
2404
1344
1347
1405
1352
1350
1391
1346
1358
1362
1405
1343
1352
1352
1344
1353
1356
1341
1341
1399
1348
1401
1360
1355
1349
1344
1437
1382
1441
1398
1403
1411
1353
1357
1397
1343
1345
1442
1344
1396
1399
1351
1346
1350
1341
1356
1411
1349
1347
1345
1346
1348
1348
1352
1347
1354
1351
1357
1353
1348
1345
1405
1395
1347
1346
1348
1358
1346
1352
1344
1345
1389
1343
1352
1344
1344
1427
1349
1404
1389
1354
1348
1343
1343
1381
1375
1344
1349
1342
1357
1382
1348
1352
1350
1352
1341
1344
1346
1346
1416
1396
1361
1344
1344
1351
1346
1379
1517
1375
1350
1382
1345
1348
1348
1346
1346
1343
1351
1451
1344
1347
1392
1383
1350
1347
1359
1380
1385
1341
1353
1395
1342
1388
1390
1346
1349
1341
1346
1348
1361
1350
1347
1390
1347
1344
1350
1343
1415
1345
1346
1348
1346
1423
1376
1347
1430
1346
1387
1353
1386
1351
1348
1366
1386
1377
1343
1349
1340
1350
1349
1352
1412
1347
1357
1347
1401
1351
1346
1380
1357
1352
1526
1391
1345
1381
1346
1348
1342
1346
1404
1348
1392
1785
1432
1353
1404
1346
1435
1347
1344
1409
1347
1348
1346
1348
1343
1342
1350
1392
1345
1413
1399
1350
1352
1348
1347
1353
1343
1424
1348
1358
1345
1350
1354
1389
1374
1342
1346
1342
1350
1349
1352
1379
1406
1348
1382
1348
1354
1344
1402
1478
1345
1345
1348
1385
1375
1384
1391
1378
1344
1470
1345
1350
1346
1352
1420
1342
1348
1407
1351
1348
1341
1344
1361
1344
1440
1384
1381
1395
1393
1348
1407
1350
1347
1433
1343
1344
1369
1397
1353
1342
1413
1348
1344
1391
1390
1359
1349
1348
1514
1371
1346
1420
1387
1359
1344
1394
1391
1391
1348
1359
1357
1423
1352
1344
1347
1344
1347
1820
1346
1350
1343
1344
1359
1343
1354
1347
1353
1358
1363
1345
1356
1341
2044
1347
1394
1342
1348
1348
1346
1371
1347
1346
1351
1419
1348
1431
1381
1352
1353
1377
1366
1342
1354
1424
1354
1349
1346
1347
1343
1346
1353
1391
1348
1383
1389
1391
1342
1347
1399
1397
1349
1346
1346
1385
1345
1348
1343
1351
1348
1342
1344
1383
1346
1345
1381
1343
1350
1383
1346
1345
1401
1384
1344
1350
1352
1343
1490
1347
1358
1356
1355
1379
1345
1428
1344
1400
1373
1388
1390
1359
1342
1347
1347
1424
1391
1347
1352
1412
1347
1346
1403
1345
1344
1348
1402
1390
1378
1351
1345
1366
1349
1372
1347
1382
1430
1396
1346
1355
1387
1379
1352
1415
1354
1344
1345
2015
1346
1348
1431
1343
1349
1347
1346
1347
1374
1351
1344
1392
1433
1347
1347
1348
1362
1346
1395
1391
1347
1350
1348
1395
1347
1347
1348
1433
1420
1347
1344
1343
1347
1390
1345
1359
1413
1346
1445
1345
1346
1383
1365
1346
1342
1354
1353
1356
1346
1348
1344
1391
1353
1402
1351
1349
1347
1344
1342
1387
1348
1379
1343
1342
1399
1342
1350
1390
1348
1350
1342
1350
1404
1347
1347
1341
1429
1351
1345
1353
1346
1671
1345
1344
1347
1535
1396
1351
1347
1408
1419
1350
1352
1348
1344
1346
1346
1345
1345
1342
1347
1376
1347
1346
1348
1394
1410
1357
1344
1348
1453
1346
1396
1353
1347
1344
1390
1347
1353
1385
1390
1346
1347
1346
1386
1416
1342
1351
1386
1347
2625
1350
1392
1370
1356
1352
1346
1349
1347
1391
1352
1382
1396
1348
1430
1382
1349
1351
1352
1398
1347
1347
1419
1544
1345
1351
1378
1346
1349
1406
1342
1381
1346
1382
1360
1418
1349
1348
1428
1387
1377
1400
1389
1361
1421
1543
1346
1464
1347
1346
1345
1341
1347
1345
1348
1384
1345
1340
1352
1348
1350
1354
1384
1345
1348
1353
1351
1358
1399
1380
1382
1357
1383
1348
1376
1353
1352
2026
1415
1348
1416
1343
1351
1347
1350
1349
1343
1344
1345
1344
1358
1396
1352
1347
1347
1350
1344
1352
1380
1392
1385
1350
1353
1346
1348
1431
1364
1359
1347
1346
1388
1343
1342
1344
1348
1346
1446
1350
1348
1419
1353
1341
1390
1350
1352
1340
1345
1352
1342
1350
1352
1351
1352
1345
1356
1416
1451
1346
1398
1345
1392
1358
1352
1358
1345
1347
2085
1419
1401
1347
1344
1388
1343
1347
1347
1384
1393
1343
1428
1397
1381
1346
1360
1361
1346
1347
1347
1367
1347
1345
1352
1346
1344
1344
1350
1411
1349
1352
1487
1345
1348
1349
1376
1382
1383
1348
1343
1359
1389
1347
1343
1399
1343
1342
1419
1387
1391
1355
1399
1341
1353
1348
1385
1349
1379
1348
1411
1348
1342
1387
1348
1351
1345
1367
1376
1348
1515
1352
1384
1347
1431
1347
1345
1344
1397
1348
1343
1344
1450
1344
1347
1389
1381
1349
1364
1416
1386
1392
1347
1343
1346
1347
1351
1343
1349
1401
1346
1346
1385
1347
1405
1343
1343
1345
1399
1397
1350
1397
1344
1424
1347
1347
1428
1352
1345
1353
1405
1348
1344
1350
1343
1342
1342
1388
1346
1352
1975
1384
1349
1858
1343
1351
1343
1393
1342
1342
1351
1343
1342
1500
1352
1349
1347
1396
1426
1343
1353
1352
1346
1383
1346
1353
1424
1355
1370
1350
1341
1396
1343
1346
1345
1347
1382
1384
1390
1375
1352
1347
1347
1351
1343
1345
1373
1367
1348
1349
1342
1391
1385
1382
1370
1340
1383
1353
1394
1341
1349
1343
1348
1344
1348
1353
1388
1398
1346
1473
1385
1349
1348
1346
1392
1346
1406
1389
1346
1388
1350
1356
1357
1347
1345
1414
1372
1349
1397
1342
1344
1373
1399
1426
1341
1349
1346
1377
1351
1344
1443
1346
1383
1347
1386
1380
1350
1346
1372
1346
1419
1343
1351
1359
1353
1385
1351
1387
1346
1345
1402
1341
1349
1359
1420
1359
1427
1347
1344
1368
1347
1370
1346
1346
1407
1353
1398
1364
1352
1349
1350
1347
1440
1392
1346
1406
1344
1346
1424
1387
1344
1345
1393
1350
1346
1403
1347
1376
1341
1355
1347
1371
1345
1344
2178
1351
1347
1347
1357
1343
1348
1346
1388
1407
1354
1421
1344
1387
1348
1383
1378
1348
1382
1345
1387
1346
1428
1346
1344
1363
1343
1347
1356
1354
1385
1342
1345
1350
1377
1351
1340
1352
1381
1352
1351
1344
1351
1343
1347
1356
1367
1374
1342
1356
1395
1361
1350
1343
1396
1349
1341
1346
1345
1556
1490
1350
1405
1356
1409
1376
1347
1352
1351
1345
1346
1347
1345
1359
1401
1340
1348
1382
1344
1344
1410
1341
1415
1344
1345
1347
1355
1400
1397
1344
1381
1343
1351
1385
1421
1342
1363
1347
1350
1386
1343
1355
1345
1347
1350
1384
1349
1344
1345
1399
1346
1343
1347
1361
1383
1348
1393
1387
1343
1388
1384
1352
1383
1350
1347
1381
1341
1351
1383
1348
1344
1343
1375
1396
1345
1407
1442
1346
1426
1402
1346
1371
2154
1353
1390
1342
1419
1384
1346
1375
1343
1352
1348
1342
1382
1403
1428
1347
1392
1346
1392
1382
1383
1343
1346
1420
1358
1352
1341
1384
1353
1355
1384
1392
1354
1385
1347
1346
1350
1355
1416
1345
1348
1396
1349
1403
1350
1348
1461
1399
1355
1354
1423
1348
1417
1353
1349
1352
1343
1343
1390
1342
1346
1347
1346
1347
1352
1343
1391
1382
1401
1348
1383
1343
1360
1427
1376
1402
1352
1376
1348
1427
1347
1384
1395
1394
1350
1342
1342
1389
1394
1392
1342
1352
1343
1390
1351
1349
1350
1361
1343
1356
1346
1388
1394
1390
1408
1362
1379
1355
2037
1346
1348
1386
1400
1343
1343
1347
1353
1347
1347
1357
1395
1393
1397
1351
1347
1388
1350
1390
1342
1417
1347
1355
1383
1379
1402
1397
1342
1372
1343
1383
1349
1355
1357
1389
1351
1420
1421
1347
1343
1352
1350
1363
1345
1351
1431
1385
1341
1408
1350
1347
1342
1350
1347
1352
1398
1392
1357
1426
1342
1355
1345
1347
1348
1419
1348
1395
1346
1346
1394
1352
1342
1349
1341
1347
1342
1343
1350
1345
1434
1361
1379
1399
1401
1341
1347
1351
1384
1342
1349
1348
1398
1348
1352
1418
1398
1348
1412
1351
1392
1401
1385
1343
1381
1350
1377
1348
1346
1351
1352
1397
1347
1345
1346
1359
1389
1346
1341
1347
1340
1379
1347
1349
1387
1342
1347
1356
1368
1387
1343
1388
1352
1731
1348
1397
1393
1496
1375
1342
1351
1354
1383
1397
1345
1383
1342
1348
1394
1352
1352
1348
1352
1428
1411
1348
1351
1406
1371
1344
1345
1341
1342
1344
1347
1344
1395
1360
1345
1356
1345
1350
1348
1393
1348
1340
1348
1344
1384
1409
1346
1348
1345
1363
1413
1343
1402
1349
1452
1394
1388
1400
1411
1383
1388
1400
1377
1382
1361
1353
1386
1353
1389
1359
1355
1391
1345
1402
1375
1401
1344
1348
1348
1362
1347
1357
1358
1345
1377
1384
1346
1352
1353
1351
1350
1348
1349
1340
1350
1367
1348
1402
1345
1404
1424
1383
1349
1352
1394
1342
1342
1342
1352
1384
1383
1344
1388
1407
1348
1346
1347
1401
1342
1369
1346
1403
1355
1352
1347
1344
1351
1388
1386
1409
1349
1348
1349
1346
1341
1391
1356
1342
1347
1341
2469
1344
1377
1391
1404
1385
1417
1391
1361
1346
1347
1343
1357
1396
1349
1363
1416
1344
1349
1392
1392
1340
1393
1396
1344
1383
1379
1351
1353
1346
1354
1363
1346
1351
1385
1382
1379
1386
1373
1344
1349
1347
1378
1343
1373
1352
1347
1345
1386
1351
1349
1343
1401
1345
1344
1355
1419
1384
1393
1567
1343
1344
1356
1358
1951
1423
1346
1351
1342
1391
1345
1390
1355
1358
1384
1348
2191
1349
1351
1364
1344
1387
1400
1351
1346
1347
1356
1345
1348
1390
1344
1349
1408
1343
1389
1347
1344
1349
1385
1350
1355
1343
1351
1347
1346
1350
1344
1345
1346
1409
1370
1402
1405
1347
1346
1346
1349
1348
1360
1385
1342
1377
1432
1345
1400
1346
1508
1394
1352
1390
1342
1350
1387
1350
1381
1345
1345
1345
1350
1358
1389
1348
1346
1374
1364
1347
1385
1361
1343
1351
1347
1344
1422
1389
1357
1380
1375
1345
1350
1349
1348
1344
1347
1455
1425
1345
1357
1343
1346
1350
1352
1348
1370
1382
1352
1434
1392
1344
1348
1394
1352
1437
1351
1345
1352
1406
1351
1371
1394
1350
1351
1351
1345
1400
1392
1349
1346
1342
1354
1346
1342
1406
1347
1347
1433
1358
1357
1345
1451
1348
1348
1402
1385
1410
1349
1352
1350
1397
1389
1352
1353
1441
1344
1377
1412
1345
1345
1342
1347
1348
1362
1400
2969
1401
1418
1385
1349
1348
1419
1406
1401
1346
1383
1358
1341
1349
1344
1353
1349
1346
1388
1351
1349
1355
1347
1348
1348
1348
1341
1348
1394
1423
1345
1344
1373
1343
1387
1344
1346
1387
1383
1355
1350
1392
1347
1352
1341
1342
1347
1400
1346
1343
1346
2426
2561
1346
1387
1394
1347
1347
1346
1382
1444
1433
1407
1343
1357
1386
1346
1381
1346
1400
1453
1351
1394
1393
1341
1382
1349
1348
1352
1381
1351
1342
1349
1347
1351
1355
1344
1354
1356
1383
1348
1348
1357
1349
1354
1371
1347
1346
1348
1362
1412
1391
1411
1383
1349
1386
1360
1390
1347
1354
1353
1341
1400
1342
1344
1348
1388
1391
1354
1349
1357
1398
1352
1345
1341
1402
1347
1360
1386
1381
1385
1392
1346
1389
1346
1345
1342
1344
1375
1345
1343
1348
1404
1353
1343
1342
2190
1400
1345
1345
1346
1388
1394
1352
1407
1389
1351
1410
1348
1345
1356
1352
1349
1352
1358
1354
1343
1374
1465
1347
1347
1347
1354
1352
1343
1349
1342
1343
1359
1345
1352
1350
1347
1344
1427
1345
1345
1340
1389
1350
2032
1342
1393
1344
1345
1360
1344
1348
1351
1351
1350
1350
1389
1399
1345
1393
1353
1346
1415
1359
1341
1345
1370
1348
1343
1336
1342
1394
1405
3534
1350
1342
1350
1344
1403
1361
1345
1346
1441
1353
1348
1347
1382
1348
1341
1353
1347
1346
1341
1366
1389
1351
1387
1355
1347
1398
1346
1343
1348
1343
1407
1342
1346
1353
1405
1349
1383
1379
1346
1349
1470
1350
1403
1372
1340
1345
1347
1343
1346
1343
1398
1357
1347
1343
1430
1408
1353
1382
1353
1364
1343
1395
1364
1423
1415
1385
1356
1390
1390
1349
1341
1347
1359
1342
1342
1349
1341
1395
1353
1341
1345
1350
1347
1385
1394
1346
1350
1341
1352
1347
1348
1347
1346
1351
1346
1344
1346
1390
1397
1346
1347
1385
1353
1414
1355
1390
1350
1565
1553
1344
1342
1386
1347
1398
1347
1347
1344
1379
1350
1354
1348
1433
1356
1347
1346
1352
1345
1352
1390
1430
1345
1394
1408
1346
1421
1347
1385
1380
1359
1344
1347
1353
1347
1347
1391
1360
1391
1350
1345
1349
1341
1390
1351
1347
1340
1400
1399
1354
1350
1345
1352
1350
1384
1343
1384
1383
1343
1343
1391
1384
1380
1433
1384
1393
1340
1396
1427
1434
1350
1349
1380
1402
1350
1701
2186
1365
1370
1353
1347
1348
1339
1356
1375
1347
1347
1396
1439
1345
1347
1415
1349
1373
1343
1344
1347
1344
1347
1344
1349
1352
1381
1390
1360
1344
1346
1347
1375
1357
1387
1354
1345
1351
1342
1350
1422
1351
1410
1385
1391
1349
1352
2347
1419
1350
1380
1432
1368
1349
1403
1357
1348
1350
1348
2215
1358
1391
1389
1398
1348
1350
1348
1346
1377
1346
1385
1349
1426
1389
1347
1410
1347
1354
1430
1349
1413
1357
1973
1409
1343
1342
1351
1347
1351
1345
1388
1343
1760
1424
1375
1392
1435
1343
1392
1342
1345
1358
1350
1355
1352
1343
1390
1350
1416
1418
1397
1358
1345
1347
1348
1349
1349
1351
1354
1348
1391
1375
1379
1349
1346
1347
1349
1341
1348
1355
1387
1352
1344
1351
1351
1339
1929
1383
1346
1374
1340
1385
1347
1389
1390
1345
1341
1409
1346
1353
1349
1373
1347
1398
1345
1345
1398
1395
2270
1347
1346
1373
1347
1349
1360
1390
1389
1401
1355
1345
1348
1342
1344
1441
1353
1377
1343
1348
1413
1355
1350
1348
1348
1348
1348
1349
1353
1394
1398
1346
1348
1400
1419
1351
1400
1350
1350
1391
1346
1392
1391
1342
1351
1347
1344
1351
1344
1388
1370
1395
1391
1388
1405
1379
1345
1422
1369
1347
1344
1406
1342
1384
1343
1355
1341
1346
1346
1385
1351
1391
1351
1343
1356
1350
1348
1346
1346
1381
1383
1388
1343
1347
1354
1347
1340
1431
1349
1395
1345
1348
1348
1348
1347
1387
1388
1349
1352
1347
1387
1387
1345
1344
1387
1390
1341
1346
1355
1341
1354
1352
1440
1351
1412
1347
1345
1344
1343
1354
1343
1351
1351
1346
1348
1349
1350
1346
1342
1344
1387
1343
1342
1348
1346
1345
1346
1346
1347
1348
1420
1354
1354
1397
1346
1347
1368
1387
1349
1394
1344
1384
1380
1351
1389
1378
1357
1341
1347
1362
1363
1347
1349
1346
1420
1341
1383
1347
1350
1346
1374
1355
1387
1345
1342
1401
1398
1344
1394
1340
1389
1346
1404
1344
1343
1347
1341
1398
1343
1370
1354
1354
1348
1402
1385
2976
1370
1345
1349
1345
1375
1348
1379
1352
1350
1386
1345
1399
1349
1423
1348
1344
1350
1413
1389
1389
1350
1383
1388
1394
1342
1353
1399
1347
1347
1424
1413
1346
1352
1349
1347
1385
1361
1345
1359
1343
1361
1350
2384
1372
1346
1342
1395
1348
1361
1347
1347
3904
1350
1354
1393
1380
1383
1369
1382
1347
1342
1395
1373
1390
1349
1352
1342
1342
1351
1350
1348
1344
1352
1388
1348
1370
1430
1391
1356
1352
1349
1440
1343
1349
1342
1341
1343
1347
1346
1345
1395
1343
1387
1341
1374
1346
1383
1398
1347
1410
1358
1448
1410
1343
1348
1344
1346
1351
1473
1423
1347
1347
1344
1352
1344
1373
1349
1345
1344
1342
1343
1344
1384
1381
1344
1347
1345
1389
1347
1385
1346
1403
1349
1390
1346
1345
1350
1410
1393
1345
1348
1395
1343
1348
1357
1402
1342
1354
1352
1348
1392
1426
1367
1342
1401
1363
1346
1349
1403
1355
1348
1352
1349
1428
1350
1348
1397
1344
1346
1391
1352
1383
1345
1426
1341
1351
1386
1349
1431
1357
1351
1351
1394
1349
1382
1410
1399
1345
1349
1382
1347
1392
1369
1348
1346
1345
1350
1343
1351
1341
1352
1409
1383
1355
1353
1400
1393
1355
1349
1351
1349
1350
1359
1342
1349
1348
1348
1403
1386
1370
1397
1446
1346
1346
1394
1351
1345
1348
1342
1415
1374
1447
1350
1349
1342
1385
1394
1389
1351
1349
1415
1357
1501
1346
1346
1351
1341
1343
1348
1447
1359
1386
1348
1354
1403
1343
1347
1420
1389
1384
1349
1342
1401
1369
1388
1343
1354
1360
1426
1346
1364
1344
1402
1353
1410
1346
1403
1428
1345
1343
1341
1343
1403
1394
1393
1346
1424
1377
1347
1344
1348
1345
1344
1388
1431
1346
1354
1382
1429
1353
1346
1351
1390
1397
1347
1349
1383
1369
1374
1347
1389
1444
1436
1367
1343
1356
1349
1398
1392
1355
1376
1399
1352
1434
1347
1348
1346
1406
1422
1356
1347
1351
1409
1351
1385
1343
1364
1343
1348
1430
1353
1353
1347
1392
1348
1416
1365
1346
1345
1349
1349
1346
1351
1348
1390
1423
1394
1357
1400
1403
1411
1346
1394
1424
1347
1345
1389
1401
1350
1441
1423
1384
1351
1345
1345
1377
1348
1347
1355
1387
1359
1350
1344
1352
1401
1352
1391
1386
1432
1344
1345
1392
1396
1351
1345
1350
1406
1363
1347
1346
1380
1342
1361
1356
1390
1342
1346
1345
1346
1391
1393
1397
1340
1383
1389
1363
1370
1343
1351
1710
1347
1385
1404
1343
1347
1387
1356
1353
1352
1407
1344
1348
1398
1345
1360
1387
1391
1385
1345
1356
1344
1349
1346
1423
1354
1385
1343
1390
1346
1385
1388
1382
1343
1343
1400
1379
1345
1409
1347
1352
1342
1383
1347
1347
1352
1343
1344
1344
1351
1388
1343
1410
1341
1346
1390
1347
1351
1442
1435
1346
1417
1344
1352
1370
1355
1352
1388
1352
1348
1394
1347
1342
1348
1385
1364
1359
1355
1374
1445
1417
1355
1355
1381
1348
1348
1350
1395
1345
1402
1404
1344
1347
1351
1356
1353
1406
1349
1357
1344
1351
1375
1357
1385
1385
1390
1351
1383
1422
1346
1357
1343
1343
1419
1348
1345
1347
1363
1424
1391
1405
1355
1348
1350
1345
1344
1429
1426
1346
1396
1387
1347
1434
1388
1349
1343
1348
1350
1342
1354
1366
1366
1387
1347
1352
1356
1411
1352
1394
1385
1352
1348
1342
1403
1382
1384
1410
2221
1351
1346
1348
1391
1355
1422
1351
1345
1345
1348
1358
1342
1348
1406
1358
1347
1345
1356
1349
1344
1447
1392
1350
1432
1391
1349
1500
1349
1385
1402
1347
1344
1416
1354
1415
1344
1427
1345
1345
1346
1359
1383
1406
1348
1347
1342
1344
1389
1344
1351
1345
1342
1348
1345
1349
1352
1356
1351
1351
1352
1423
1390
1347
1383
1352
1341
1387
1352
2167
1349
1349
1350
1349
1385
1384
1347
1409
1349
1409
1352
1392
1384
1394
1346
1425
1355
1347
1345
1346
1343
1347
1403
1355
1883
1433
1384
1371
1363
1391
1346
1352
1388
1347
1356
1347
1347
1343
1348
1350
1383
1416
1363
1352
1356
1350
1349
1394
1405
1344
1348
2446
1347
1352
1345
1393
1362
1343
1356
1351
1344
1394
1348
1574
1347
1346
1385
1345
1354
1375
1351
1397
1345
1351
1405
1362
1344
1347
1343
1342
1386
1385
1390
1342
1378
1344
1344
1455
1348
1342
1388
1343
1346
1403
1351
1347
1378
1346
1347
1349
1394
1438
1348
1347
1353
1353
1374
1456
1346
1413
1343
1349
1360
1388
1380
1343
1351
1392
1349
1344
1344
1362
1353
1341
1346
1342
1450
1381
1402
1346
1341
1343
1342
1390
1346
1405
1343
1390
1348
1373
1350
1351
1342
1344
1345
1348
1681
1389
1341
1462
1346
1353
1403
1395
1347
1402
1353
1344
1396
1349
1341
1343
1397
1423
1386
1379
1341
1354
1346
1405
1541
1389
1351
1418
1395
1434
1383
1444
1366
1345
1401
1346
1341
2038
1421
1416
1374
2139
1349
1382
1343
1341
1352
1349
1392
1345
1404
1346
1342
1349
1345
1340
1343
1347
1348
1376
1358
1393
1345
1392
1387
1369
2258
1358
1351
1349
1341
1342
1412
1377
1393
1346
1342
1413
1344
1347
1394
1345
1344
1432
1360
1545
1341
1349
1336
1347
1392
1346
1389
1377
1353
1345
1350
1653
1350
1402
1345
1354
1353
1347
1397
1413
1345
1343
1346
1351
1350
1400
1378
1360
1344
1394
1341
1344
1347
1432
1352
1350
1344
1392
1387
1394
1391
1347
1345
1344
1344
1341
1414
1343
1394
1353
1344
1416
1347
1345
1348
1373
1352
1390
1393
1352
1343
1349
1344
1350
1343
1342
1343
1392
1388
1355
1391
1353
1352
1370
1416
1376
1406
1352
1342
1347
1388
1407
1342
1347
1348
1390
1347
1345
1353
1348
1348
1385
1350
1385
1351
1381
1347
1345
1346
1344
1347
1348
1390
1898
1360
1359
1351
1394
1413
1343
1341
1351
1352
1413
1410
1389
1397
1342
1354
1345
1416
1413
1374
1341
1357
1343
1349
1432
1353
1390
1345
1348
1348
1454
1345
1351
1371
1351
1346
1363
1354
1347
1351
1344
1405
1414
1398
1347
1414
1358
1390
1342
1343
1387
1344
1352
1387
1395
1352
1871
1344
1390
1346
1395
1346
1379
1353
1381
1406
1352
1345
1350
1346
1361
1352
1345
1352
1387
1348
1352
1401
1343
1393
1386
1346
1353
1356
1428
1346
1353
1400
1347
1353
1343
1353
1355
1347
1350
1348
1407
1344
1353
1385
1345
1344
1345
1349
1415
1352
1355
1407
1346
1380
1343
1423
1345
1345
1344
1347
1345
1344
1382
1347
1391
1341
1343
1346
1345
1393
1387
1342
1349
1343
1387
1387
1382
1346
1343
1394
1348
1348
1363
1342
1360
1360
1345
1361
1346
1427
1342
1351
1390
1356
1442
1423
1348
1346
1352
1361
1346
1344
1396
1347
1345
1351
1356
1411
1346
1381
1386
1346
1359
1370
1341
1392
1348
1403
1347
1345
1397
1344
1354
1427
1352
1349
1353
1393
1905
1383
1354
1374
1422
1353
1401
1347
1397
1352
1342
1405
1343
1345
1360
1439
1362
1354
1341
1347
1377
1409
1347
1339
1343
1376
1585
1343
1351
1347
1382
1344
1414
1344
1347
1343
1345
1357
1346
1392
1379
1347
1389
1391
1393
1342
1388
1355
1343
1351
1361
1349
1387
1349
1357
1450
1404
1395
1348
1348
1347
1352
1404
1346
1357
1362
1350
1366
1340
1354
1395
1401
1386
1377
1344
1355
1352
1350
1429
1348
1343
1383
1352
1345
1347
1351
1397
1424
1345
1347
1383
1347
1343
1352
1343
1345
1388
1343
1372
1341
1341
1352
1357
1377
1377
1336
1356
1379
1376
1355
1347
1345
1348
1349
1441
1399
1418
1351
1345
1380
1359
1348
1413
1352
1413
1349
1361
1345
1360
1355
1347
1345
1344
1349
1382
1390
1346
1384
1350
1348
1354
1345
1390
1343
1411
1355
1390
1347
1345
1351
1394
1395
1348
1401
1415
1350
1343
1351
1346
1430
1400
1356
1422
1348
1342
1346
1407
1346
1354
1343
1363
1341
1342
1342
1344
1350
1386
1345
1344
1390
1348
1348
1342
1355
1341
1384
1347
1346
1346
1348
1342
1475
1409
1372
1428
1345
1400
1342
1349
1435
1350
1346
1348
1347
1376
1348
1395
1346
1674
1351
1386
1407
1398
1381
1345
1435
1353
1391
1346
1347
1353
1388
1387
1350
1374
1349
1351
1359
1343
1347
1350
1351
1400
1342
1351
1348
1350
1389
1411
1353
1386
1360
1389
1424
1344
1358
1345
1381
1375
1438
1349
1351
1342
1415
1348
1354
1385
1388
1385
1345
1351
1348
1351
1346
1378
1344
1352
1352
1401
1344
1402
1356
1344
1351
1344
1418
1348
1342
1347
1345
1350
1346
1418
1526
1345
1356
1340
1347
1351
1345
1391
1432
1358
1388
1347
1357
1345
1341
1344
1346
1349
1365
1343
1405
1397
1413
1373
1349
1345
1343
1341
1351
1340
1349
1352
1347
1347
1345
1350
1352
1350
1434
1377
1353
1348
1347
1343
1343
1363
1410
1342
1348
1344
1344
1359
1352
1350
1382
1382
1355
1430
1353
1345
1358
1357
1350
1351
1353
1355
1351
1408
1401
1343
1349
1343
1342
1343
1417
1374
1344
1383
1429
1392
1354
1393
1348
1344
1353
1653
1382
1419
1351
1347
1391
1345
1346
1350
1401
1357
1349
1361
1347
1346
1350
1343
1347
1347
1428
1386
1344
1348
1393
1347
1357
1347
1392
1346
1397
1386
1346
1345
1737
1387
1352
1344
1383
1345
1347
1391
1343
1342
1349
1351
1433
1343
1344
1348
1349
1395
1424
1343
2114
1343
1356
1342
1341
1346
1392
1387
1360
1365
1885
1429
1391
1360
1343
1383
1401
1347
1386
1361
1346
1348
1351
1782
1357
1501
1352
1398
1400
1344
1344
1379
1342
1386
1347
1684
1408
1345
1351
1389
1344
1348
1346
1347
1390
1395
1390
1389
1393
1350
1391
1420
1385
1348
1343
1348
1353
1352
1377
1351
1348
1355
1364
1389
1388
1419
1713
1344
1385
1344
1351
1385
1419
1393
1388
1343
1353
1384
1348
1370
1389
1353
1346
1341
1345
1343
1397
1465
1341
1372
1356
1352
1348
1349
1346
1348
1357
1403
1348
1358
1361
1345
1342
1352
1353
1347
1416
1392
1341
1345
1438
1715
1358
1383
1428
1396
1361
1353
1352
1439
1353
1361
1346
1345
1356
1353
1446
1347
1400
1344
1394
1357
1344
1345
1342
1382
1349
1344
1385
1399
1353
1343
1384
1390
1345
1344
1341
1343
1342
1356
1435
1395
1391
1343
1348
1377
1358
1340
1372
1346
1363
1357
1355
1351
1351
1352
1378
1349
1351
1349
1423
1393
1341
1349
1346
1348
1396
1347
1426
1349
1351
1377
1380
1351
1430
1344
1342
1390
1412
1404
1346
1346
1400
1355
1386
1347
1393
1346
1345
1341
1363
1352
1352
1391
1352
1384
1421
1382
1351
1350
1345
1351
1345
1348
1436
1348
1345
1341
1350
1349
1346
1347
1360
1409
1427
1350
1351
1389
1343
1396
1345
1353
1391
1348
1350
1348
1344
1349
1346
1350
1388
1408
1343
1347
1388
1380
1350
1345
1346
1350
1345
1357
1348
1348
1342
1386
1347
1342
1373
1346
1347
1345
1342
1405
1342
1345
1349
1359
1390
1347
1460
1393
1353
1356
1390
1349
1431
1386
1349
1347
1397
1348
1346
1345
1346
1349
1363
1351
1344
1394
1348
1347
1352
1343
1382
1346
1346
1345
1776
1342
1345
1342
1390
1349
1345
1344
1355
1380
1439
1406
1383
1347
1352
1343
1389
1346
1344
1348
1384
1380
1345
1347
1391
1345
1354
1346
1349
1344
1342
1341
1346
1374
1385
2069
1343
1347
1406
1349
1388
1401
1345
1343
1385
1346
1388
1347
1391
1348
1385
1352
1343
1416
1402
1379
1397
1352
1391
1390
1347
1346
1385
1341
1352
1346
1382
1402
1397
1400
1398
1383
1401
1354
1352
1350
1348
1402
1345
1351
1342
1343
1432
1351
1369
1386
1365
1385
1347
1340
1398
1350
1342
1345
1357
1405
1385
1390
1404
1344
1348
1389
1345
1349
1343
1348
1341
1348
1346
1352
1381
1345
1346
1394
1388
1349
1418
1346
1347
1347
1377
1345
1397
1342
1347
1403
1589
1347
1408
1357
2050
1388
1342
1425
1351
1342
1393
1346
1344
1343
1345
1345
1353
1391
1344
1387
1408
1382
1346
1343
1347
1342
1566
1391
1345
1411
1343
1348
1420
1347
1347
1416
1389
1348
1343
1348
1353
1365
1351
1353
2021
1352
1349
1347
1378
1396
1812
1348
1357
1351
1341
1347
1385
1344
1349
1373
1354
1343
1342
1348
1351
1352
1348
1410
1343
1348
1345
1346
1354
1347
1346
1404
1457
1347
1484
1348
1382
2154
1394
1352
1342
1349
1345
1398
1342
1391
1347
1348
1430
1395
1392
1394
1421
1348
1350
1347
1344
1350
1390
1350
1392
1385
1346
1341
1408
1353
1352
1347
1409
1342
1385
1347
1385
1357
1392
1368
1400
1343
1410
1384
1344
1348
1393
1346
1421
1351
1350
1412
1362
1400
1396
1347
1382
1343
1360
1342
1398
1403
1365
1382
1347
1347
1344
1349
1442
1348
1397
1353
1704
1341
1353
1349
1344
1383
1388
1340
1345
1359
1438
1346
1413
1344
1349
1353
1349
1348
1352
1346
1348
1394
1341
1345
1362
1344
1380
1341
1394
1387
1400
1401
1417
1362
1365
1343
1394
1378
1352
1421
1358
1357
1346
1390
1341
1347
1347
1386
1414
1390
1348
1390
1391
1347
1346
1352
1367
1383
1360
1382
1393
1349
1347
1353
1345
1438
1340
1348
1343
1348
1394
1350
1351
1350
1348
1347
1345
1448
1392
1414
1343
1413
1348
1357
1354
1390
1423
1345
1390
1378
1348
1403
1344
1351
1388
1345
1346
1391
1407
1387
1471
1351
1453
1386
1346
1420
1391
1387
1344
1355
1399
1348
1346
1389
1343
1662
1389
1381
1386
1346
1345
1388
1392
1347
1349
1342
1349
1346
1347
1349
1342
1348
1347
1394
1359
1347
1351
1382
1351
1348
1346
1347
1398
1342
1484
1349
1404
1423
1349
1361
1442
1347
1391
1345
1359
1413
1344
1354
1352
1358
1342
1346
1348
1390
1391
1346
1391
1407
1443
1351
1347
1344
1351
1344
1390
1389
1351
1354
1382
2050
1351
1351
1385
1341
1410
1379
1384
1385
1387
1340
1352
1387
1345
1347
1400
1403
1418
1349
1351
1344
1349
1375
1347
1348
1348
1389
1344
1346
1423
1346
1357
1384
1393
1356
1354
1385
1342
1382
1403
1346
1363
1399
1345
1367
1352
1393
1347
1402
1388
1346
1350
1350
1346
1351
1397
1377
1349
1351
1348
1410
1353
1390
1346
1389
1348
1392
1389
1348
1346
1347
1351
1343
1384
1404
1396
1346
1385
1346
1358
1384
1349
1345
1342
1346
1390
1406
1349
1352
1413
1413
1346
1348
1343
1343
1349
1347
1432
1397
1519
1351
1348
1347
1351
1345
1389
1343
1344
1352
1342
1421
1344
1343
1398
1352
1342
1344
1395
1350
1426
1351
1345
1345
1345
2471
1384
1342
1393
1379
1349
1343
1391
1397
1347
1382
1341
1352
1376
1388
1394
1383
1345
1344
1352
1396
1347
1345
1350
1344
1378
1395
1506
1349
1345
1342
1352
2438
1347
1401
1345
1349
1350
1378
1341
1423
1343
1342
1395
1410
1415
1397
1351
1402
1426
1347
1403
1355
1386
1350
1394
1347
1348
1385
1389
1416
1346
1380
1349
1385
1348
1345
1346
1393
1353
1346
1387
1411
1414
1440
1345
1354
1345
1403
1343
1348
1350
1381
1388
1388
1349
1349
1385
1350
1391
1383
1451
1351
1349
1357
1372
1388
1350
1346
1429
1351
1383
1385
1349
1346
1387
1365
1356
1345
1369
1344
1344
1349
1348
1388
1423
1352
1430
1379
1358
1341
1344
1380
1351
1381
1347
1353
1390
1351
1345
1371
1345
1387
1518
1343
1360
1348
1347
1345
1343
1345
1347
1353
1345
1391
1340
1344
1496
1345
1346
1363
1347
1349
1342
1353
1347
1432
1388
1347
1399
1439
1344
1343
1353
1345
1344
1346
1398
1342
1343
1344
1341
1347
1341
1349
1402
1349
1348
1349
1354
1397
1365
1374
1383
1424
1345
1383
1352
1346
1389
1347
1379
1347
1370
1343
1344
1348
1352
1413
1481
1352
1341
1336
1370
1376
1386
1343
1371
1346
1348
1347
1345
1347
1345
1366
1382
1381
1387
1387
1428
1343
1409
1422
1434
1349
1388
1345
1355
1355
2285
1347
1387
1347
1347
1391
1397
1348
1913
1353
1387
1352
1343
1352
1346
1421
1345
1343
1388
1387
1346
1342
1366
1341
1345
1363
1358
1406
1433
1394
1404
1363
1395
1341
1381
1350
1343
1347
1345
1347
1351
1344
1421
1351
1343
1348
1350
1349
1345
1344
1344
1345
1349
1353
1348
1364
1342
1350
1358
1348
1345
1343
1347
1349
1351
1438
1354
1348
1352
1352
1417
1347
1396
1345
1346
1396
1346
1349
1391
1347
1385
1348
1345
1344
1342
1347
1351
1388
1343
1347
1343
1342
1398
1342
1343
1346
1396
1349
1346
1350
1390
1342
1348
1413
1358
1353
1365
1387
1351
1362
1356
1346
1341
1353
1347
1347
1358
1343
1378
1357
1359
1346
1348
1350
1390
1387
1351
1391
1383
1386
1350
1358
1359
1343
1341
1354
1351
1421
1345
1389
1342
1399
2450
1382
1344
1370
1387
1358
1358
1411
1353
1348
1341
1341
1414
1352
1346
1343
1359
1412
1347
1351
1397
2027
1347
1345
1355
1345
1425
1415
1345
1352
1343
1355
1349
1345
1347
1344
1345
1351
1345
1347
1370
1345
1345
1349
1352
1344
1343
1347
1383
1392
1351
1397
1376
1356
1345
1414
1364
1696
1342
1348
1352
1352
1382
1376
1414
1380
1353
1414
1356
1395
1384
1390
1377
1361
1344
1343
1352
1350
1386
1342
1343
1347
1351
1352
1347
1433
1347
1346
1348
1342
1350
1394
1711
1343
1347
1409
1348
1436
1340
1354
1348
1393
1426
1430
1345
1387
1346
1355
1358
1346
1404
1355
1346
1349
1353
1424
1346
1351
1353
1341
1447
1344
1375
1352
1344
1361
1353
1351
1346
1393
1453
1346
1346
1353
1346
1349
1346
1351
1346
1344
1397
1346
1357
1359
1399
1342
1788
1435
1353
1388
1345
1344
1370
1378
1395
1397
1345
1349
1409
1350
1496
1345
1348
1347
1341
1357
1348
1345
1344
1396
1353
1429
1346
1345
1347
1432
1349
1347
1350
1370
1409
1345
1438
1355
1347
1351
1368
1350
1368
1402
1348
1394
1347
1395
1379
1383
1389
1349
1363
1423
1342
1388
1428
1386
1368
1348
1348
1342
1358
1351
1341
1341
1400
1410
1393
1345
1343
1353
1370
1354
1698
2116
1352
1399
1347
1352
1346
1434
1395
1410
1839
1401
1345
1379
1366
1352
1369
1348
1396
1345
1346
1351
1407
1404
1347
1402
1344
1350
1383
1373
1344
1360
1438
1345
1348
1424
1403
1342
1394
1405
1342
1352
1352
1342
1352
1364
1358
1349
1356
1383
1343
1406
1355
1347
1412
1345
1375
1348
1348
1370
1350
1350
1344
1342
1343
1422
1342
1350
1406
1345
1349
1347
1414
1348
1345
1345
1350
1415
1367
1416
1350
1367
1348
1350
1348
1344
1350
1343
1386
1346
1341
1345
1343
1347
1346
1376
1389
1430
1345
1353
1388
1396
1351
1343
1348
1384
1342
1345
1412
1363
1347
1347
1345
1349
1437
1441
1346
1349
1392
1435
1356
1443
1345
1368
1350
1342
1526
1348
1350
1375
1360
1349
1426
1352
1351
1359
1343
1435
1343
1341
1408
1342
1419
1347
1349
1445
1357
1350
1346
1346
1390
1350
2735
1343
1348
1347
1351
1407
1403
1384
1385
1384
1350
1360
1347
1922
1364
1390
1409
1390
1377
1344
1343
1375
1346
1345
1348
1340
1341
1351
1382
1404
1385
1347
1381
1341
1403
1350
1346
1382
1346
1345
1341
1343
1351
1340
1346
1377
1346
1345
1347
1351
1344
1352
1351
1345
1344
1347
1346
1404
1387
1350
1345
1617
1424
1345
1350
1389
1343
1352
1342
1369
1349
1407
1340
1348
1344
1350
1341
1927
1344
1347
1458
1381
1346
1343
1411
1396
1400
1346
1406
1357
1376
1347
1411
1387
1346
1372
1344
1424
1362
1387
1382
1346
1399
1371
1346
1344
1345
1402
1383
1341
1347
1342
1370
1346
1346
1384
1393
1398
1343
1346
1383
1394
1342
1435
1347
1406
1356
1417
1348
1379
1351
1394
1394
1433
1390
1406
1352
1350
1390
1341
1343
1390
1382
1419
1347
1358
1386
1347
1346
1340
1396
1355
1347
1401
1351
1385
1346
1341
1347
1339
1346
1345
1382
1348
1347
1382
1350
1348
1346
1343
1347
1349
1340
1346
1342
1356
1349
1348
1398
1346
1345
1355
1361
1352
1393
1347
1418
1391
1348
1353
1380
1345
1347
1343
1356
1385
1348
1417
1346
1351
1384
1352
1588
1346
1345
1359
1347
1360
1352
1747
1361
1348
1365
1432
1361
1356
1345
1361
1389
1342
1429
1348
1346
1352
1391
1341
1350
1378
1355
1390
1347
1349
1387
1347
1378
1349
1350
1390
1344
1347
1354
1350
1391
1384
1406
1351
1386
1382
1352
1349
1346
1359
1344
1362
1341
1340
1348
1344
1342
1352
1446
1407
1351
1387
1352
1379
1342
1351
1342
1403
1343
1410
1401
1350
1389
1346
1352
1351
1346
1350
1348
1346
1345
1346
1424
1388
1348
1346
1345
1381
1355
1356
1348
1384
1345
1379
1346
1392
1344
1391
1351
1377
1358
1355
1347
1351
1393
1342
1346
1342
1364
1391
1390
1347
1343
1368
1353
1351
1348
1345
1385
1346
1347
1351
1347
1347
1349
1405
1342
1347
1344
1342
1346
1388
1343
1355
1347
1384
1387
1354
1391
1347
1354
1374
1368
1343
1364
1353
1379
1382
1343
1346
1406
1408
1390
1385
1427
1347
1398
1347
1348
1373
1383
1344
1350
1347
1370
1343
1417
1393
1348
1345
1393
1346
1344
1352
1392
1351
1352
1409
1344
1342
1387
1347
1347
1387
1346
1346
1342
1421
1494
1427
1347
1342
1345
1386
1351
1345
1350
1358
1390
1347
1347
1348
1382
1391
1353
1384
1396
1386
1389
1341
1387
1367
1391
1379
1385
1340
1444
1430
1348
1441
1344
1351
1402
1356
1355
1344
1347
1440
1406
1348
1354
1357
1345
1348
1605
1342
1342
1390
1346
1344
1348
1378
1352
1350
1347
1400
1429
1348
1347
1345
1345
1352
1357
1351
1386
1395
1402
1343
1413
1477
1343
1420
1345
1348
1347
1345
1346
1343
1344
1345
1341
1407
1351
1376
1732
1347
1351
1358
1359
1375
1411
1350
1347
1344
1400
1341
1414
1342
1399
1344
1344
1348
1384
1402
1351
1342
1646
1395
1343
1385
1389
1347
1344
1563
1395
1341
1403
1346
1343
1380
1357
1389
1591
1390
1351
1351
1349
1347
1352
1347
1345
1347
1346
1343
1387
1348
1343
1395
1386
1348
1381
1345
1342
1395
1342
1347
1352
1395
1342
1403
1342
1341
1372
1382
1352
1345
1424
1387
1384
1345
1404
1343
1347
1342
1349
1356
1378
1347
1345
1436
1346
1349
1347
1355
1346
1346
1348
1351
1448
1535
1395
1420
1381
1417
1382
1437
1352
1385
1352
1354
1372
1346
1390
1387
1350
1348
1344
2248
1423
1341
1402
1352
1346
1388
1353
1348
1344
1345
1347
1404
1513
1345
1349
1341
1349
1383
1347
1389
1435
1351
1347
1345
1349
1371
1345
1418
1355
1360
1347
1343
1364
1352
1350
1346
1388
1440
2037
1357
1345
1375
1346
1346
1347
1341
1345
1412
1348
1398
1345
1346
1343
1399
1345
1353
1348
1381
1347
1361
1345
1345
1402
1392
1342
2032
1367
2155
1389
1348
1349
1347
1341
1376
1350
1384
1347
1353
1391
1355
1389
1346
1349
1352
1344
1402
1344
1387
1346
1367
1388
1350
1423
1418
1388
1348
1385
1359
1347
1344
1352
1402
1378
1349
1351
1347
1473
1388
1395
1395
1376
1420
1347
1345
1356
1337
1380
1349
1375
1350
1387
1419
1350
1344
1342
1355
1350
1341
1427
1342
1348
1343
1350
1347
1348
1389
1351
1374
1385
1384
1351
1354
1354
1351
1347
1367
1345
1355
1342
1392
1369
1387
1345
1341
1346
1342
1352
1344
1387
1351
1372
1345
1347
1348
1352
1388
1351
1352
1341
1350
1342
1435
1346
1356
1433
1394
1341
1343
1350
1342
1371
1346
1348
1398
1342
1358
1351
1356
2040
1416
2146
1347
1347
1346
1394
1343
1402
1356
1393
1344
1346
1347
1349
1375
1350
1352
1346
1389
1347
1352
1342
1344
1388
1347
1346
1419
1424
1347
1351
1348
1401
1355
1556
1362
2051
1341
1354
1344
1346
1349
1360
1386
1351
1350
1410
1395
1347
1387
1394
1354
1352
1393
1389
1344
1344
1351
1356
1348
1397
1343
1343
2228
1346
1381
1342
1410
1390
1352
1459
1351
1385
1347
1377
1347
1370
1386
1348
1348
1342
1353
1348
1347
1352
1391
1347
1363
1341
1412
1352
1348
1348
1345
1345
1395
1344
1403
1419
1342
1394
1347
1343
1343
1426
1364
1355
1384
1397
1392
1350
1405
1349
1347
1411
1429
1396
1348
1391
1380
1471
1413
1395
1392
1342
1352
1353
1394
1341
1387
1343
1345
1347
1382
1385
1340
1352
1343
1404
1417
1344
1342
1392
1395
1353
1344
1353
1346
1341
1344
1343
1348
1347
1347
1383
1813
1391
1362
1380
1355
1344
1398
1343
1393
1377
1487
1347
1347
1347
1402
1369
1398
1377
1349
1347
1386
1411
1344
1346
1347
1350
1345
1348
1343
1351
1345
1386
1352
1342
1350
1348
1363
1411
1355
1349
1348
1384
1350
1346
1346
1348
1347
1423
1350
1344
1352
1358
1343
1407
1345
1426
1422
1354
1345
1395
1348
1347
1352
1354
1348
1340
1345
1348
1348
1385
1347
1385
1356
1391
1352
1349
1386
1395
1344
1405
1394
1343
1362
1348
1347
1403
1346
1387
1352
1349
1349
1393
1382
1348
1388
1341
1396
1424
1383
1363
1447
1395
1752
1386
1353
1404
1384
1350
1347
1349
1546
1347
1351
1354
1348
1349
1347
1388
1346
1349
1356
1346
1377
1351
1393
1368
1350
1343
1392
1389
1386
1342
1342
1341
1351
1341
1346
1385
1343
1346
1347
1346
1341
1346
1356
1343
1377
1384
1347
2562
1354
1345
1352
1361
1343
1353
1350
1344
1377
1410
1351
1346
1393
1416
1345
1347
1353
1345
1343
1399
1349
1351
1380
1389
1349
1345
1392
1345
1348
1348
1351
1348
1373
1357
1422
1354
1402
1351
1340
1344
1342
1431
1342
1353
1347
1389
1347
1401
1366
1351
1395
1348
1381
1388
1347
1388
1345
1389
1392
1344
1385
1351
1395
1404
1345
1406
1402
1345
1351
1437
1456
1344
1350
1342
1351
1346
1391
1347
1349
1345
1385
1341
1344
1344
1378
1347
1341
1348
1345
1345
1425
1334
1383
1345
1745
1451
1350
1350
1347
1404
1380
1344
1352
1351
1397
1352
1629
1357
1349
1350
1345
1353
1347
1347
1390
1381
1346
1423
1347
1453
1396
1351
1355
1343
1351
1420
1381
1346
1392
1391
1387
1356
2031
1347
1346
1432
1349
1353
2161
1751
1386
1343
1343
1344
1345
1401
1386
1383
1624
1350
1343
1345
1398
1386
1349
1437
1348
1381
1415
1397
1405
1398
1358
1397
1357
1346
1352
1345
1345
1343
1351
1343
1453
1344
1342
1345
1347
1342
1347
1385
1426
1345
1390
1360
1348
1352
1380
1355
1344
1347
1388
1356
1343
1398
1431
1392
1346
1378
1349
1350
1386
1348
1352
1386
1373
1369
1435
1346
1352
1349
1342
1380
1350
1420
1357
1350
1437
1356
1342
1387
1342
1349
1346
1379
1345
1343
1360
1396
1340
1343
1345
1355
1346
1357
1350
1348
1341
1342
1349
1350
1348
1376
1350
1344
1352
1411
1352
1348
1388
1395
1341
1349
1351
1347
1369
1388
1385
1346
1347
1378
1381
1383
1352
1348
1340
1348
1349
1346
1345
1353
1345
1344
1347
1380
1343
1348
1400
1345
1348
1347
2515
1393
1347
1351
1350
1347
1344
1349
1346
1346
1356
1365
1343
1343
1341
1342
1450
1351
1340
1344
1393
1354
1347
1340
1347
1401
1347
1357
1389
1390
1385
1415
1345
1348
1348
1359
1386
1353
1367
1343
1343
1348
1350
1346
1348
1348
1396
1346
1398
1348
1353
1348
1353
1411
1401
1393
1356
1350
1399
1349
1342
1344
1380
1387
1395
1355
1347
1343
1348
1350
1354
1347
1361
1347
1389
1347
1391
1355
1342
1345
1396
1347
1372
1346
1346
1356
1351
1355
1341
1341
1345
1417
1342
1354
1392
1349
1378
1344
1346
1357
1404
1349
1351
1345
1350
1359
1344
1387
1358
1384
1352
1361
1341
1393
1410
1394
1345
1344
1347
1351
1351
1388
1345
1343
1343
1348
1369
1399
1383
1343
1344
1346
1424
1440
1345
1351
1350
1348
1349
1350
1343
1386
1349
1345
1384
1425
1344
1347
1358
1348
1343
1349
1424
1340
1344
1360
1390
1394
1360
1352
1344
1367
1366
1362
1406
1342
1345
1439
1348
1379
1343
1346
1342
1425
1432
1408
1346
1389
1433
1345
1433
1368
1359
1359
1343
1348
1353
1345
1356
1390
1346
1362
1501
1348
1346
1346
1345
1346
1345
1344
1346
1342
1347
1384
1341
1352
1345
1384
1411
1391
1344
1349
1346
1348
1389
1345
1346
1513
1344
1349
1346
1347
1344
1347
1351
1909
1344
1373
1345
1347
1350
1348
1408
1348
1345
1348
1406
1347
1842
1347
1354
1387
1345
1386
1378
1380
1368
1356
1345
1346
1345
1343
1353
1344
1402
1351
1349
1392
1347
1390
1352
1389
1346
1351
1392
1402
1384
1351
1344
1345
1348
1352
1358
1353
1389
1352
1362
1392
1350
1348
1344
1350
1341
1351
1349
1370
1387
1393
1364
1345
1348
2182
1349
1345
1347
1351
1350
1348
1493
1343
1386
1343
1348
1348
1347
1344
1348
1381
1352
1368
1372
1342
1412
1344
1349
1400
1401
1354
1352
1402
1352
1347
1434
1345
1345
1350
1354
1352
1445
1346
1379
1382
1343
1346
1348
1346
1348
1380
1346
1345
1384
1367
1343
1342
1387
1391
1344
1430
1345
1352
1402
1348
1343
1377
1348
1367
1343
1343
1350
1346
1356
1413
1418
1423
1816
1344
1381
1359
1347
1368
1407
1456
1346
1471
1355
1346
1720
1401
1386
1348
1351
1376
1345
1381
1345
1433
1419
1359
1351
1342
1389
1418
1342
1353
1365
1370
1373
1342
1378
1387
1387
1395
1384
1385
1352
1346
1381
1349
1348
1388
1354
1347
1343
1388
1504
1381
1346
1345
1350
1347
1343
1347
1422
1356
1383
1344
1390
1383
1384
1379
1346
1347
1384
1352
1352
1345
1350
1351
1342
1360
1346
1350
1416
1347
1346
1346
1410
1349
1342
1347
1345
1356
1388
1377
1348
1341
1346
1628
1412
1342
1371
1348
1346
1349
1350
1356
1361
1356
1356
1341
1358
1397
1351
1357
1362
1354
1343
1411
1348
1416
1348
1363
1441
1385
1387
1390
1347
1428
1347
1343
1386
1351
1393
1347
1347
1381
1342
1350
1344
1344
1390
1342
1385
1349
1342
1413
1370
1401
1404
1341
1343
1349
1410
1357
1399
1345
1349
1346
1345
1356
1346
1361
1361
1365
1398
1361
1380
1396
1350
1370
1425
1405
1345
1401
1345
1394
1349
1349
1351
1344
1417
1383
1364
1351
1389
1604
1448
1410
1351
1341
1380
1348
1400
1342
1347
1380
1344
1386
1353
1385
1390
1342
1344
1402
1418
1441
1373
1351
1345
1368
1345
1349
1388
1355
1394
1427
1348
1345
1388
1343
1341
1346
1346
1402
1344
1435
1388
1352
1347
1353
1341
1400
1439
1355
1345
1355
1343
1346
1347
1347
1343
1377
1343
1506
1342
1346
1343
1432
1387
1349
1347
1450
1353
1354
1352
1352
1370
1507
1434
1356
1349
1352
1402
1408
1345
1346
1343
1347
1392
1348
1389
1345
1376
1347
1422
1352
1362
1394
1345
1379
1352
1396
1350
1349
1388
1382
1387
1381
1340
1350
1354
1389
1352
1344
1347
1380
1383
1347
1351
1345
1350
1348
1730
1351
1344
1345
1347
1347
1403
1342
1372
1347
1348
1354
1400
1347
1355
1341
1387
1403
1365
1452
1360
1346
1383
1345
1438
1394
1393
1390
1397
1389
1353
1346
1342
1449
1342
1393
1445
1349
1446
1346
1390
1353
1363
1346
1345
1347
1346
1345
1351
1376
1388
1347
1345
1386
1399
1345
1389
1349
1346
1348
1343
1345
1391
1342
1350
1347
1359
1343
1341
1396
1375
1350
1351
1346
1439
1351
1346
1346
1427
1393
1377
1570
1402
1348
2668
1344
1348
1418
1390
1345
1342
1350
1386
1341
1349
1389
1346
1344
1481
1342
1391
1350
1342
1355
1347
1344
1345
1345
1388
1430
1426
1390
1349
1424
1351
1343
1343
1386
1408
1349
1350
1347
1343
1342
1706
1350
1350
1401
1343
1381
1375
1346
1347
1353
1347
1385
1352
1349
1421
1343
1388
1395
1347
1346
1349
1345
1352
1345
1387
1346
1344
1392
1393
1341
1381
1356
1348
1347
1388
1387
1345
1351
1352
1353
1350
1389
1352
1344
1341
1352
1408
1354
1394
1352
1388
1341
1394
1357
1343
1345
1384
1345
1394
1349
1343
1341
1388
1415
1348
1366
1350
1342
1404
1352
1412
1353
1357
1384
1365
1346
1367
1422
1348
1391
1354
1354
1343
1353
1421
1342
1350
1352
1391
1398
1384
1347
1382
1348
1347
1347
1344
1343
1345
1393
1399
1390
1383
1365
1345
1386
1370
1345
1349
1386
1388
1367
1345
1353
1343
1349
1342
1385
1346
1347
1377
1343
1352
1351
1340
1358
1353
1373
1382
1345
1347
1389
1348
1345
1341
1358
1349
1362
1346
1351
1343
1390
1347
1342
1396
1346
1345
1431
1354
1386
1346
1346
1402
1468
1364
1354
1346
1348
1344
1396
1375
1381
1342
1344
1347
1344
1348
1345
1405
1362
1347
1406
1352
1345
1346
1347
1343
1386
1381
1348
1394
1419
1349
1345
1348
1346
1347
1343
1342
1347
1351
1342
1384
1385
1392
1387
1418
1344
1352
1408
1343
1353
1389
1344
1393
1346
1350
1347
1416
1346
1350
1351
1353
1352
1344
1351
1388
1389
1346
1342
1393
1414
1341
1345
1341
1351
1377
1350
1346
1391
1420
1355
1383
1346
1351
1346
1352
1409
1344
1348
1345
1349
1345
1351
1345
1350
1340
1348
1374
1426
1347
1385
1390
1426
1350
1431
1345
1388
1387
1389
1347
1344
1382
1365
1365
1345
1348
1348
1349
1390
1348
1357
1347
1347
1343
1343
1345
1343
1343
1343
1352
1402
1344
1389
1392
1358
1347
1394
1348
1346
1347
1344
1347
1396
1346
1347
1343
1400
1383
1383
1344
1378
1343
1362
1367
1351
1408
1343
1346
1353
1418
1394
1392
1392
1383
1348
1393
1356
1355
1403
1350
1345
1419
1355
1390
1432
1349
1346
1351
1343
1402
1341
1391
1350
1348
1349
1341
1400
1343
1351
1342
1399
1358
1345
1343
1429
1363
1365
1350
1347
1353
1358
1426
1344
1350
1382
1349
1394
1349
1344
1386
1347
1351
1346
1347
1345
1390
1344
1347
1342
1346
1342
1340
1343
1341
1349
1343
1341
1415
1408
1464
1382
1375
1349
1344
1348
1402
1346
1400
1388
1348
1381
1342
1347
1402
1357
1343
1533
1356
1380
1345
1381
1519
1369
1348
1349
1347
1350
1341
1381
1345
1347
1347
1394
1389
1350
1390
1344
1343
1340
1345
1344
1344
1346
1342
1347
1345
1362
1347
1348
1345
1355
1402
1446
1347
1352
1352
1344
1346
1393
1393
1348
1381
1351
1343
1344
1347
1351
1423
1473
1347
1343
1391
1347
1366
1354
1405
1383
1359
1341
1387
1378
1346
1360
1341
1343
1385
1367
1351
1356
1389
1393
1347
1347
1348
1343
1393
1464
1423
1389
1349
1382
1354
1392
1408
1343
1342
1390
1345
1347
1343
1388
1340
1343
1350
1343
1347
1380
1342
1349
1385
1375
1352
1341
1342
2332
1344
1349
1344
1346
1389
1380
1384
1376
1382
1383
1348
1341
1348
1384
1344
1352
1395
1411
1344
1351
1349
1401
1351
1388
1343
1345
1432
1389
1356
1344
1398
1344
1348
1342
1394
1341
1343
1347
1347
2463
1344
1394
1364
1387
1353
1413
1386
1383
1345
1342
1383
1342
1344
1352
1384
1405
1394
1418
1351
1381
1388
1393
1409
1345
1346
1354
1348
1343
1426
1345
1389
1385
1382
1343
1350
1350
1342
1345
1352
1349
1345
1432
1346
1346
1387
1356
1414
1360
1350
1351
1347
1346
1357
1358
1351
1345
1342
1348
1406
1353
1348
1348
1348
1343
1346
1347
1391
1347
1386
1346
1348
1349
1351
1347
1340
1385
1349
1376
1342
1351
1343
1350
1352
1387
1347
1387
1348
1352
1364
1357
1347
1366
1344
1353
1350
1412
1348
1348
1347
1394
1392
1436
1386
1347
1385
1345
1345
1385
1341
1347
1388
1343
1347
1395
1347
1347
1341
1360
1360
1349
1358
1383
1362
1390
1350
1346
1351
1386
1350
1383
1342
1741
1342
1392
1407
1347
1362
1346
1401
1353
1346
1343
1392
2039
1346
1348
1343
1349
1350
1391
1384
1349
1358
1431
1344
1403
1362
1351
1352
1372
1343
1345
1423
1350
1347
1350
1350
1343
1379
1341
1413
1393
1346
1379
1350
1371
1380
1418
1349
1342
1345
1358
1349
1340
1352
1384
1349
1389
1345
1345
1343
1342
1358
1348
1382
1350
1358
1349
1344
1366
1347
1501
3036
1344
1342
1343
1346
1382
1382
1360
1491
1346
1355
1386
1347
1407
1347
1346
1345
1346
1345
1396
1731
1383
1395
1421
1347
1344
1348
1347
1394
1392
1386
1352
1347
1348
1390
1387
1345
1383
1392
1405
1384
1351
1344
1345
1346
1342
1342
1345
1398
1348
1336
1348
1392
1353
1402
1399
1343
1343
1396
1341
1399
1391
1341
1385
1347
1385
1352
1615
1349
1350
1352
1344
1345
1346
1404
1391
1379
1388
1348
1351
1347
1349
1351
1341
1351
1347
1376
1342
1392
1348
1346
1373
1385
1384
1346
1386
1344
1345
1346
1391
1341
1343
1344
1398
1349
1350
1379
1388
1349
1342
1341
1340
1386
1380
1353
1346
1348
1387
1462
1347
1379
1342
1349
1383
1346
1368
1351
1405
1340
1346
1352
1388
1392
1380
1433
1394
1556
1348
1344
1345
1356
1349
1346
1348
1346
1384
1570
1383
1349
1346
1345
1340
1347
1387
1403
1393
1383
1350
1342
1378
1414
1349
1391
1345
1342
1347
1348
1346
1347
1953
1346
1383
1348
1341
1347
1346
1344
1342
1396
1346
1344
1348
1347
1386
1351
1347
1346
1348
1347
1342
1342
1342
1366
1364
1394
1348
1423
1346
1345
1348
1350
1947
1389
1393
1360
1410
1386
1363
1401
1350
1370
1375
1346
1342
1345
1345
1351
1352
1360
1819
1350
1409
1514
1392
1390
1346
1342
1344
1344
1393
1355
1356
1344
1402
1353
1400
1345
1399
1361
1352
1420
1396
1352
1401
1344
1397
1343
1376
1351
1350
1435
1391
1390
1393
1419
1428
1350
1394
1400
1349
1346
1351
1347
1385
1344
1347
1344
1345
1387
1379
1353
1381
1383
1348
1348
1386
1371
1351
1347
1348
1343
1387
1343
1361
1400
1345
1347
1350
1431
1388
1351
1380
1397
1353
1343
1344
1388
1348
1398
1369
1399
1351
1390
1389
1348
1351
2394
1346
1404
1387
1356
1360
2518
1350
1383
1349
1346
1389
1437
1342
1349
1432
1365
1411
1351
1367
1342
1347
1350
1341
1350
1387
1407
1348
1346
1344
1402
1394
1395
1350
1348
1356
1345
1388
1351
1353
1345
1666
1346
1357
1360
1347
1368
1346
1348
1344
1344
1410
1342
1384
1441
1351
1400
1348
1345
1350
1344
1349
1361
1368
1348
1347
1345
1348
1349
1341
1347
1346
1369
1390
1341
1352
1351
1397
1392
1376
1352
1350
1348
1347
1373
1345
1395
1395
1346
1365
1352
1346
1390
1351
1342
1347
1398
1352
1347
1385
1562
1373
1372
1354
1345
1395
1347
1427
1341
1347
1346
1390
1382
1346
1349
1352
1363
1352
1382
1346
1434
1345
1345
1347
1350
1387
1343
1393
1349
1350
1351
1342
1351
1384
1342
1387
1388
1341
1429
1416
1345
1347
1476
1359
1401
1340
1346
1352
1383
1388
1347
1352
1349
1398
1419
1401
1341
1349
1367
1394
1360
1349
1347
1344
1402
1386
1351
1347
1342
1345
1345
1394
1417
1347
1349
1360
1346
1363
1392
1435
1386
1356
1377
1353
1470
1351
1393
1350
1343
1343
1401
1348
1347
1341
1389
1386
1387
1371
1346
1389
1342
1345
1342
1347
1617
1393
1393
1424
1342
1344
1343
1349
1404
1351
1352
1374
1387
1392
1348
1366
1345
1343
1353
1370
1398
1387
1345
1351
1341
1352
1400
1382
1389
1390
1348
1345
1342
1395
1349
1659
1350
1353
1403
1387
1342
1384
1397
1377
1382
1346
1350
1354
1359
1349
1351
1353
1389
1405
1382
1351
1342
1337
1390
1439
1424
1391
1387
1399
1347
1344
1342
1392
1352
1379
1352
1345
1347
1347
1349
1341
1351
1356
1344
1370
1344
1388
1343
1346
1391
1346
1388
1346
2950
1349
1358
1351
1342
1354
1351
1347
2822
1343
1348
1358
1345
1358
1352
1347
1346
1342
1346
1343
1347
1345
1349
1360
1346
1352
1612
1353
1393
1402
1346
1344
1356
1344
1409
1347
1348
1348
1347
1342
1570
1352
1348
1350
1347
1442
1404
1344
1347
1345
1355
1409
1344
1381
1344
1442
1407
1346
1347
1342
1347
1378
1355
1345
1346
1389
1378
1358
1353
1353
1344
1363
1346
1404
1342
1351
1350
1372
1377
1350
1379
1345
1380
1387
1347
1341
1345
1342
1353
1353
1351
1401
1409
1346
1347
1346
1343
2919
1343
1346
1381
1376
1347
1344
1344
1349
1340
1342
1397
1350
1345
1346
1342
1411
1398
1349
1343
1349
1346
1375
1346
1354
1348
1347
1341
1388
1364
1346
2774
1345
1434
1346
1458
1349
1353
1347
1346
1347
1349
1384
1354
1350
1353
1349
1392
1344
1413
1352
1343
1388
1349
1351
1387
1360
1344
1364
1388
1342
1416
1442
1344
1351
1347
1350
1347
1353
1348
1663
1343
1392
1385
1355
1353
1346
1409
1387
1348
1350
1404
1344
1345
1422
1358
1348
1349
1347
1349
1401
1343
1352
1344
1345
1349
1376
1345
1334
1383
1366
1363
1358
1395
1351
1351
1348
1351
1348
1344
1350
1345
1341
1405
1350
1347
1358
1347
1378
1373
1352
1391
1381
1343
1398
1343
1400
1350
1348
1429
1353
1346
1346
1349
1349
1347
1398
1345
1350
1403
1348
1348
1351
1419
1384
1345
1346
1345
1346
1343
1354
1341
1347
1398
1378
1345
1361
1405
1387
1347
1346
1348
1347
1347
1351
1343
1367
1375
1391
1349
1343
1389
1369
1350
1349
1395
1356
1517
1399
1382
1370
1352
1351
1348
1346
1347
1347
1347
1379
1416
1425
1343
1380
1354
1343
1401
1343
1359
1392
1389
1351
1346
1400
1373
1343
1351
1339
1350
1401
1351
1370
1349
1416
1433
1350
1348
1347
1457
1364
1383
1352
1347
1344
1552
1353
1360
1347
1382
1348
1346
1603
1353
1343
1352
1342
1355
1346
1345
1351
1346
1348
1403
1431
1351
1415
1387
1351
1350
1350
1344
1352
1347
1347
1346
1349
1393
1396
1354
1341
1387
1392
1385
1341
1390
1386
1395
1349
1397
1347
1348
1341
1371
1382
1342
1345
1388
1396
1402
1348
1387
1347
1345
1341
1351
1356
1386
1386
1351
1349
1388
2543
1344
1384
1346
1347
1349
1348
1386
1445
1388
1389
1395
1348
1344
1353
1361
1364
1351
1384
1393
1348
1348
1346
1343
1400
1391
1342
1347
1404
1349
1380
1348
1395
1407
1386
1352
1342
1348
1390
1350
1352
1384
1390
1358
1350
1347
1406
1349
1393
2069
1397
1408
1350
1343
1354
1349
1398
1416
1391
1342
1345
1344
1434
1345
1386
1357
1348
1341
1345
1347
1357
1392
1344
1346
1374
1347
1351
1349
1347
1360
1362
1343
1399
1356
1344
1351
1356
1432
1352
1347
1357
1348
1391
1347
1342
1347
1359
1347
1344
1354
1346
1359
1388
1340
1344
1388
1347
1386
1398
1343
1350
1355
1350
1349
1345
1377
1381
1341
1341
1348
1345
1341
1388
1397
1381
1383
1347
1342
1385
1349
1348
1350
1345
1353
1346
1341
1395
1347
1351
1415
1347
1347
1377
1350
1351
1406
1347
1342
1343
1341
1344
1344
1402
1354
1388
1350
1349
1350
1349
1406
1386
1347
1386
1347
1393
1387
1394
1346
1349
1396
1358
1391
1341
1352
1348
1347
1387
1360
1407
1362
1343
1346
1344
1391
1389
1348
1348
1343
1390
1372
1346
1352
1345
1346
1386
1347
1356
1350
1346
1344
1359
1396
1357
1437
1350
1368
1343
1355
1344
1343
1344
1375
1348
1386
1354
1349
1405
1395
1397
1381
1352
1351
1341
1348
1348
1342
1344
1356
1348
1344
1352
1349
1343
1350
1346
1343
1400
1386
1357
1642
1363
1609
1381
1384
1352
1389
1353
1352
1356
1390
1397
1345
1341
1346
1407
1407
1352
1423
1352
1352
1345
1380
1389
1354
1346
1402
1403
1341
1354
1356
1432
1345
1401
1343
1342
1571
1352
1342
1406
1340
1348
1341
1345
1347
1340
1361
1386
1346
1350
1385
1343
1354
1350
1346
1390
1389
1344
1351
1402
1365
1358
1358
1395
1389
1349
1428
2349
1345
1605
1351
1377
1345
1351
1347
1384
1341
1391
1343
1436
1349
1388
1344
1345
1400
1348
1395
1346
1388
1348
1346
1347
1352
1387
1360
1350
1389
1386
1387
1358
1351
1346
1349
1353
1349
1342
1421
1393
1349
1361
2489
1346
1393
1346
1343
1349
1345
1353
1352
1382
1340
1352
1342
1458
1350
1350
1343
1372
1411
1351
1375
1382
1349
1348
1397
1364
1377
1349
1353
1348
1343
1346
1386
1342
1344
1387
1388
1348
1348
1347
1343
1394
1399
1385
1349
1353
1346
1388
1345
1345
1345
1936
1378
1410
1363
1348
1344
1383
1393
1342
1363
1348
1391
1948
1352
1353
1393
1352
1344
1391
1343
1357
1392
1433
1346
1388
1342
1423
1347
1351
1378
1357
1348
1394
1351
1398
1348
1418
1386
1392
1343
1393
1385
1347
1389
1394
1677
1417
1392
1342
1347
1396
1431
1347
1384
1347
1389
1346
1437
1354
1347
1374
1358
1420
1345
1346
2053
1392
1384
1377
1352
1344
1425
1352
1345
1391
1408
1398
1345
1350
1346
1347
1343
1360
1348
1387
1343
1344
1350
1342
1366
1347
1347
1342
1345
1345
1350
1351
1345
1373
1376
1346
1388
1352
1392
1388
1356
1351
1347
1427
1344
1348
1393
1349
1354
1413
1384
1346
1347
1345
1358
1351
1344
1405
1388
1401
1346
1349
1347
1548
1348
1351
1350
1390
1348
1347
1348
1383
1347
1393
1343
1344
1353
1348
1350
1383
1469
1348
1351
1353
1347
1342
1350
1350
1346
1341
1345
1391
1357
1401
1391
1383
1419
1347
1348
1400
1345
1340
1373
1344
1345
1347
1344
1352
1341
1417
1404
1347
1349
1350
1354
1353
1403
1341
1342
1351
1352
1394
1345
1357
1387
1356
1341
1355
1383
1342
1351
1345
1361
1353
1419
1398
1344
1343
1392
1399
1371
1394
1389
1349
1349
1344
1345
2261
1352
1349
1349
1346
1350
1336
1345
1341
1344
1349
1348
1374
1348
1345
1348
1348
1390
1343
1403
1347
1352
1347
1347
1389
1380
1382
1344
1355
1386
1346
1377
1396
1351
1349
1389
1351
1403
1355
1342
1341
1348
1433
1342
1346
1348
1354
1413
1356
1374
1351
1344
1348
1347
1349
1343
1390
1347
1356
1398
1406
1373
1348
1389
1430
1378
1348
1346
1349
1349
1378
1364
1347
1350
1346
1347
1345
1346
1352
1347
1376
1343
1345
1370
1349
1396
1359
1397
1351
1351
1343
1342
1390
1352
1341
1344
1396
1348
1352
1348
1347
1348
1342
1347
1349
1348
1391
1388
1399
1349
1352
1344
1343
1436
1383
1396
1347
1350
1448
1348
1394
1351
1347
1392
1357
1406
2064
1345
1346
1491
1385
1351
1844
1382
1347
1354
1409
1349
1342
1349
1340
1343
1346
1342
1396
1351
1351
1349
1353
1347
1356
1343
1351
1411
1354
1388
1802
1354
1382
1344
1348
1355
1347
1352
1348
1347
1343
1392
1344
1347
1386
1347
1442
1388
1358
1350
1342
1349
1355
1344
1345
1347
1401
1386
1387
1360
1342
1350
1385
1356
1391
1359
1404
1350
1346
1348
1341
1386
1390
1358
1396
1359
1391
1353
1374
1422
1347
1377
1349
1367
1400
1348
1344
1348
1345
1356
1347
1388
1346
1344
1342
1414
1347
1346
1342
1412
1347
1348
1342
1341
1380
1347
1348
1342
1348
1351
1385
1387
1345
1348
1384
1355
1392
1398
1343
1351
1346
1344
1396
1346
1378
1346
1360
1398
1348
1351
1355
1417
1347
1352
1419
1350
1354
1351
1345
1344
2025
1516
1344
1398
1348
1348
1342
1388
1373
1392
1403
1342
1388
1474
1385
1342
1343
1343
1351
1388
1380
1343
1384
1357
1350
1351
1385
1342
1386
1346
1346
1346
1351
1342
1353
1374
1348
1343
1344
1387
1353
1392
1342
1416
1352
1346
1419
1348
2594
1461
1396
1389
1353
1345
1349
1344
1348
1347
1347
1345
1343
1347
1375
1348
1389
1348
1410
1392
1359
2479
1344
1468
1340
1394
1348
2852
1348
1346
1346
1354
1383
1343
1391
1342
1343
1345
1346
1350
1343
1351
1347
1348
1347
1388
1350
1347
1347
1403
1432
1352
1393
1343
1345
1346
1412
1359
1342
1344
1348
1343
1352
1351
1346
1389
1345
1343
1392
1347
1348
1352
1385
1388
1385
1347
1346
1359
1346
1436
1344
1440
1391
1350
1378
1402
1349
1378
1344
1347
1392
1343
1347
1382
1344
1358
1348
1348
1347
1346
1387
1392
1393
1349
1395
1341
1378
1345
1348
1353
1390
1397
1343
1386
1352
1346
1345
1347
1354
1354
1345
1351
1374
1350
1344
1344
1343
1348
1349
1340
1394
1355
1347
1347
1382
1432
1385
1386
1347
1352
1349
1342
1383
1347
1399
1350
1342
1394
1351
1392
1351
1388
1342
1352
1342
1347
1343
1346
1392
1345
1349
1347
1403
1348
1344
1381
1345
1346
1345
1382
1353
1866
1346
1348
1347
1349
1346
1419
1416
1425
1347
1399
1374
1378
1387
1383
1382
1391
1360
2189
1371
1346
1385
1346
1350
1349
1348
1349
1351
1351
1427
1349
1390
1352
1421
1351
1387
1351
1395
1351
1347
1359
1405
1351
1360
1342
1390
1350
1422
1347
1349
1342
1342
1352
1344
1348
1366
1389
1349
1388
1393
1353
1348
1359
1394
1353
1361
1364
1351
1427
1348
1351
1342
1398
1389
1346
1397
1347
1345
1391
1389
1346
1351
1346
1362
1396
1395
1393
1389
1364
1389
1342
1433
1353
1347
1399
1343
1344
1347
1360
1344
1357
1360
1349
1353
1343
1344
1345
1397
1412
1352
1351
1372
1426
1390
1342
1346
1387
1390
1351
1343
1384
1342
1344
1356
1399
1343
1345
1349
1419
1347
1357
1344
1348
1343
1345
1415
1382
1349
1477
1395
1343
1350
1352
1352
1350
1388
1363
1349
1348
1422
1343
1404
1407
1341
1345
1347
1342
1415
1407
1354
1389
1385
1392
1347
1361
1362
1354
1454
1439
1343
1406
1346
1399
1348
1357
1342
1352
1390
1343
1349
1342
1345
1349
1349
1396
1341
1432
1481
1349
1805
1352
1439
1342
1346
1379
1347
1367
1343
1349
1347
1404
1344
1351
1400
1347
1346
1358
1360
1390
1382
1702
1346
1346
1359
1344
1385
1343
1346
1403
1353
1388
1390
1373
1342
1347
1343
1344
1350
1341
1419
1400
1386
1383
1347
1342
2454
1351
1350
1341
1347
1351
1341
1381
1347
1349
1349
1825
1342
1347
1383
1347
1364
1346
1343
1342
2024
1388
1355
1411
1347
1341
1347
1343
1351
1390
1383
1398
1345
1382
1351
1384
1390
1395
1355
1351
1367
1576
1384
1388
1340
1387
1349
1393
1422
1347
1374
1345
1376
1345
1387
1348
1341
1349
1345
1349
1343
1354
1344
1352
1342
1349
1351
1341
1391
1348
1350
1342
1343
1353
1348
1346
1361
1372
1350
1354
1345
1347
1396
1352
1342
1341
1384
1347
1387
1344
1343
1346
1346
1391
1420
1347
1348
1351
1388
1354
1348
1406
1382
1341
1356
1346
1370
1347
1629
1345
1345
1346
1378
1384
1352
1377
1345
1401
1344
1344
1351
1348
2905
1343
1351
1353
1345
1389
1358
1344
1349
1346
1349
1383
1393
1363
1347
1350
1386
1341
1344
1372
1377
1347
1398
1347
1390
1392
1342
1346
1405
1343
1341
1368
1348
1349
1349
1348
1345
1384
1358
1406
1345
1385
1351
1346
1345
1347
1346
1354
1393
1436
1380
1401
1358
1382
1342
1344
1403
1350
1407
1344
1350
1387
1401
1404
1409
1354
1399
1394
1392
1396
1345
1394
1386
1389
1352
1351
1345
1390
1346
1347
1347
1355
1380
1345
1374
1383
1347
1373
1342
1351
1405
1348
1439
1343
1361
1340
1347
1346
1369
1419
1365
1346
1350
1388
1347
1351
1352
1346
1347
1343
1386
1343
1345
1388
1351
1347
1344
1373
1376
1344
1386
1341
1343
1344
1392
1343
1379
1391
1391
1355
1393
1343
1342
1349
1347
1357
1352
1429
1393
1358
1353
1350
1398
1399
1351
1390
1343
1344
1346
1348
1388
1395
1384
1375
1342
1395
1393
1343
1349
1402
1347
1375
1541
1345
1344
1351
1349
1352
1351
1349
1379
1345
1342
1391
1343
1343
1348
1351
1341
1342
1338
1594
1382
1351
1386
1377
1342
1420
1350
1387
1351
1399
1350
1341
1421
1384
1346
1346
1345
1347
1391
1344
1347
1345
1342
1367
1344
1348
1349
1344
1344
1348
1347
1385
1379
1425
1349
1391
1392
1401
1400
1754
1344
1353
1347
1386
1347
1344
1343
1633
1344
1347
1356
1391
1379
1346
1352
1442
1364
1383
1341
1353
1345
1352
1343
1417
1354
1382
1352
1351
1347
1347
1350
1342
1345
1347
1396
1344
1346
1343
1349
1354
2186
1344
1360
1387
1345
1384
1384
1347
1343
1351
1345
1425
1395
1344
1411
1342
1393
1370
1483
1347
1400
1346
1412
1348
1342
1336
1404
1346
1427
1350
1560
1345
1401
1348
1382
1389
1347
1348
1372
1385
1395
1347
1344
1345
1387
1348
1344
1345
1386
1382
1351
1346
1415
1391
1345
1355
1342
1350
1371
1342
1342
1382
1341
1370
1444
1347
1351
1364
1342
1372
1349
1390
1351
1390
1352
1385
1345
1382
1383
1386
1390
2262
1408
1385
1347
1349
1397
1350
1369
1369
1346
1344
1377
1374
1393
1347
1341
1732
1412
1364
1348
1349
1343
1345
1358
1440
1348
1351
1341
1342
1362
1378
1350
1346
1354
1386
1348
1351
1408
1355
1346
1346
1352
1343
1355
1379
1343
1344
1372
1356
1350
1359
1359
1394
1348
1345
1342
1343
1351
1381
1347
1389
1344
1349
1349
1342
1355
1355
1349
1354
1342
1352
1353
1346
1341
1351
1344
1357
1345
1351
1390
1343
1394
1343
1348
1390
2336
1351
1352
1346
1347
1375
2015
1451
1394
1348
1346
1344
1355
1343
1343
1388
1360
1348
1354
1429
1398
1344
1348
1370
1349
1346
1349
1428
1344
1345
1354
1354
1356
1390
1356
1347
1363
1355
1363
1346
1345
1397
1341
1378
1349
1393
1349
1382
1354
1390
1353
1344
1395
1346
1381
1366
1354
1395
1345
1353
1348
1351
1367
1341
1346
1368
1348
1380
1348
1347
1413
1345
1431
1411
1795
1354
1390
1422
1345
1355
1387
1381
1391
1349
1378
1343
1353
1346
1361
1346
1350
1345
1344
1348
1388
1355
1415
1418
1346
1352
1347
1378
1363
1347
1402
1352
1352
1398
1355
1345
1347
1392
1346
1344
1375
1366
1351
1346
1344
1343
1418
1395
1346
1345
1348
1347
1381
1347
1356
1391
1348
1363
1346
1352
1350
1388
1352
1356
1348
1342
1342
1349
1426
1346
1346
1359
1403
1350
1344
1350
1342
1345
1348
1343
1350
1405
1386
1345
1341
1388
1357
1391
1389
1386
1388
1347
1401
1347
1352
1346
1351
1354
1352
1350
1375
1351
1354
1341
1348
1347
1401
1348
1341
1348
1345
1343
1346
1380
1348
1377
1375
1413
1344
1384
1345
1375
1355
1346
1391
1433
1350
2000
1342
1347
1430
1355
1351
1370
1349
1426
1345
1345
1341
1348
1343
1345
1347
1351
1919
1346
1344
1366
1347
1355
1367
1351
1474
1343
1425
1342
1400
1342
1398
1363
1378
1391
1401
1344
1389
1395
1349
1345
1346
1347
1341
1358
1393
1350
1340
1344
1343
1388
1341
1350
1343
1351
1364
1366
1351
1349
1361
1391
1384
1378
1383
1346
1346
1387
1346
1353
1345
1384
1345
1353
1356
1346
1404
1373
1347
1341
1349
1391
1383
1397
1344
1345
1343
1342
1351
1347
1392
1343
1350
1422
1396
1358
1344
1342
1344
1398
1368
1346
1348
1420
1352
1361
1345
1401
1340
1359
1350
1347
1384
1397
1345
1347
1344
1348
1413
1342
1398
1348
1343
1392
1344
1421
1350
1398
1340
1367
1349
1391
1387
1358
1440
1391
1345
1349
1352
1345
1353
1344
1346
1343
1351
1361
1400
1391
1358
1349
1340
1350
1400
1404
1421
1352
1356
1391
1394
1348
1387
1362
1348
1349
1342
1382
1444
1381
1346
1345
1347
1341
1346
1351
1407
1350
1349
1348
1341
1351
1343
1349
1397
1354
1348
1514
1346
1433
1355
1357
1366
1396
1351
1389
1343
1345
1346
1357
1404
1357
1346
1385
1365
1346
1348
1348
1344
1382
1342
1351
1344
1344
2059
1347
1342
1411
1354
1346
1362
1359
1422
1423
1376
1365
1347
1349
1402
1342
2202
1377
1419
1345
1421
1348
1345
1349
1347
1565
1344
1387
1341
1346
1338
1395
1357
1344
1347
1347
1350
1352
1342
1349
1343
1346
1341
