70
70
70
70
74
70
70
73
158
71
70
71
78
71
70
71
70
70
70
71
70
70
70
70
70
70
212
114
71
70
72
70
70
70
71
70
70
283
70
70
71
71
70
70
71
70
71
70
71
70
71
71
81
71
70
70
70
171
70
70
71
70
184
71
71
70
71
70
185
71
71
70
70
70
70
69
70
70
70
70
71
71
70
71
81
71
71
138
71
71
71
71
70
83
71
71
70
70
70
70
71
71
71
71
82
71
70
71
71
71
70
71
70
70
71
70
70
70
70
70
70
70
71
70
81
71
70
71
71
70
71
71
70
70
71
70
71
71
71
71
71
71
74
71
71
71
71
71
71
70
70
71
70
70
70
71
71
70
71
71
71
70
71
71
70
70
71
70
71
71
70
71
71
71
70
71
71
71
70
70
71
70
70
70
70
71
71
71
70
81
70
70
71
70
70
71
71
70
70
70
70
71
71
70
79
70
71
70
70
71
131
80
223
70
71
70
70
71
70
70
71
70
172
71
174
70
71
71
71
70
71
71
70
70
71
70
71
70
70
82
70
71
70
70
71
81
71
71
71
71
70
71
71
82
71
83
83
71
199
71
72
102
70
71
71
71
80
71
71
70
71
70
71
71
71
71
71
81
71
71
71
70
81
70
70
71
71
74
89
71
70
71
70
71
70
74
81
71
71
71
71
70
70
70
71
70
70
71
70
70
70
70
71
70
129
206
83
71
71
70
70
71
71
70
71
71
70
71
71
81
70
70
70
71
71
71
71
71
71
71
71
70
71
118
70
70
71
71
71
71
70
70
70
70
70
71
81
71
145
70
70
70
70
70
70
82
70
70
70
71
85
71
70
81
70
71
71
70
70
71
70
70
70
71
71
71
70
71
70
70
72
71
70
71
74
71
70
70
71
71
70
74
71
71
80
70
71
70
71
73
92
70
71
70
70
70
71
71
73
74
70
70
71
89
71
71
80
70
71
70
70
71
70
71
70
70
71
70
71
123
71
70
71
71
70
75
70
71
70
71
71
71
71
81
70
71
70
70
71
70
226
70
70
71
71
70
70
70
71
71
71
71
71
71
70
70
71
74
71
71
70
70
70
119
70
71
70
71
71
70
70
71
70
71
82
70
74
71
70
70
70
71
71
70
78
74
71
70
70
70
70
71
74
71
71
71
74
70
71
70
71
70
74
71
82
74
71
70
71
162
72
71
71
71
70
70
71
71
71
70
70
70
78
70
70
71
70
206
206
70
71
70
71
70
70
73
71
71
71
76
71
74
71
71
71
71
71
70
70
70
79
70
71
81
113
70
228
70
71
81
71
70
70
71
71
71
71
70
80
70
71
71
71
71
70
70
80
71
71
70
70
71
71
81
71
79
71
70
71
71
70
83
71
70
70
70
72
82
71
84
71
70
70
71
70
71
71
80
71
71
70
71
70
71
70
70
70
70
71
81
71
80
70
81
71
71
70
71
70
70
70
71
70
71
71
71
70
70
70
71
71
70
71
71
70
71
70
179
206
70
71
70
70
71
71
71
71
80
70
70
71
71
70
70
70
71
71
70
70
70
70
71
71
70
71
70
71
71
79
71
70
225
81
70
70
72
70
70
70
70
82
170
70
70
71
225
71
71
70
70
71
70
71
71
71
70
70
81
71
71
71
70
70
70
70
71
126
71
71
70
70
70
70
71
83
71
80
70
70
70
71
70
70
70
71
71
70
70
70
128
71
70
70
70
70
74
71
71
70
84
70
73
71
71
71
71
70
70
71
70
71
70
70
71
70
70
74
71
71
70
70
71
71
162
70
71
71
70
70
71
70
71
71
71
70
70
70
70
71
70
80
70
71
70
70
70
74
71
70
70
71
71
70
81
70
80
174
81
71
71
71
70
71
70
70
71
70
71
71
71
70
70
70
71
81
71
71
70
71
70
72
70
70
70
70
71
70
70
71
71
70
198
71
70
70
71
71
71
71
71
70
70
71
81
71
70
71
71
71
81
80
71
71
70
71
70
71
74
71
71
71
70
71
73
70
70
71
71
71
70
70
71
70
70
190
74
70
71
74
71
71
71
70
70
70
107
70
71
71
70
167
70
71
71
70
71
80
71
70
82
70
84
71
71
82
83
70
70
71
71
75
70
74
70
70
71
71
70
71
71
84
70
71
71
71
71
82
70
71
71
71
70
70
82
70
70
71
70
71
71
70
71
206
70
71
71
71
70
71
71
71
73
71
71
70
71
70
70
71
70
74
71
71
71
72
71
71
80
224
70
71
71
71
71
71
71
71
70
71
70
71
70
70
70
79
71
71
71
70
71
70
70
195
71
70
70
71
70
117
70
123
70
70
89
71
70
70
71
80
70
71
70
70
71
71
71
71
70
81
71
71
81
74
70
71
70
72
71
70
71
70
70
71
71
86
83
74
71
71
70
71
79
70
71
71
71
70
70
70
71
70
70
71
71
71
70
70
71
71
71
83
71
70
70
71
72
70
71
70
74
71
71
71
71
71
70
181
70
70
70
70
71
70
71
71
74
71
70
71
70
71
71
70
70
70
70
70
70
70
71
90
88
70
71
81
83
70
71
80
70
70
70
70
70
188
70
70
71
70
71
162
71
70
71
71
71
71
70
70
71
70
70
71
70
71
71
70
71
70
74
71
70
71
70
70
70
71
71
71
71
70
86
71
71
71
70
70
79
71
70
71
71
70
70
71
71
71
78
71
79
70
70
71
70
71
71
71
70
70
71
71
71
70
70
70
71
70
71
71
168
71
70
70
70
71
71
70
70
82
70
70
70
70
71
70
78
70
79
71
70
70
70
72
71
70
70
80
71
70
71
71
71
71
70
70
71
71
71
71
70
71
70
71
71
70
70
83
71
74
71
70
70
70
71
70
71
71
70
70
71
70
70
70
70
82
71
71
71
71
71
71
70
71
70
70
71
70
70
70
71
71
171
71
83
82
71
74
71
71
71
70
82
132
82
70
70
70
71
70
71
71
71
70
71
71
71
70
71
71
80
71
178
70
70
70
70
70
70
70
71
71
70
71
73
70
70
70
71
71
71
71
70
71
72
70
70
70
71
70
81
71
71
95
70
70
71
71
71
71
81
71
71
70
70
71
71
119
70
71
71
70
71
71
70
70
70
70
70
71
70
71
70
71
70
70
71
71
70
71
70
71
71
82
70
71
98
71
122
71
71
70
80
70
126
71
70
71
71
80
70
82
124
70
70
71
71
95
71
71
71
70
71
70
71
71
74
71
73
71
81
71
70
70
70
70
71
70
71
71
70
74
70
71
70
70
71
70
70
71
70
70
71
135
71
71
71
71
71
71
70
71
70
74
73
71
71
70
70
70
70
70
71
70
70
71
74
71
70
71
72
206
74
71
71
71
70
133
70
70
75
70
71
127
71
71
70
74
70
71
81
71
71
207
71
71
71
71
70
70
192
71
70
70
70
70
70
70
71
71
70
71
71
70
70
71
70
71
70
80
70
74
71
70
70
70
70
71
70
74
70
72
75
70
81
71
70
162
75
71
71
74
162
71
70
71
71
71
83
70
70
71
70
71
71
70
123
70
70
70
70
70
71
70
71
70
72
70
70
71
71
70
70
71
71
71
70
71
72
71
245
71
70
70
71
71
70
70
71
70
71
70
71
71
70
70
71
70
71
71
71
85
70
71
225
70
179
70
71
70
70
207
71
71
70
70
70
70
70
71
70
71
71
71
71
71
71
71
70
71
70
70
71
70
70
71
71
71
71
70
71
71
70
71
70
71
70
71
71
70
70
70
71
70
71
71
74
78
70
83
71
80
70
71
71
79
71
71
71
71
71
71
70
71
71
70
70
71
70
70
70
71
71
70
70
70
71
71
71
71
80
173
71
70
70
71
71
206
71
70
71
70
71
72
71
71
71
71
70
70
71
70
71
71
70
71
70
72
71
71
74
70
70
70
71
70
71
206
70
71
70
81
70
70
122
70
71
71
70
70
80
84
70
70
71
70
70
70
71
70
71
70
79
70
84
86
72
73
71
70
71
81
71
70
71
71
70
70
72
70
70
71
71
70
71
71
71
70
70
71
70
71
71
74
70
71
70
71
70
70
70
70
71
70
71
71
70
70
70
71
70
71
70
70
71
71
70
70
133
74
70
71
71
71
70
70
71
71
71
70
71
81
71
72
80
72
71
70
74
71
70
70
70
181
70
70
70
71
70
70
70
71
71
71
71
71
79
71
71
70
71
70
70
71
70
74
71
70
70
71
70
86
70
70
70
71
71
162
70
71
70
71
70
128
71
71
70
71
70
207
70
71
70
71
71
71
71
71
71
71
103
80
71
71
81
71
71
70
70
71
80
81
176
70
70
79
70
70
74
70
71
71
69
70
70
71
71
71
70
70
70
74
70
70
74
71
70
70
70
83
70
71
71
71
70
71
70
71
70
71
71
70
71
71
71
70
70
70
70
71
71
125
70
74
71
71
74
70
70
71
71
71
71
70
70
71
71
70
71
71
71
70
80
70
70
71
71
71
71
71
71
126
71
81
81
71
71
71
71
71
71
83
70
82
71
70
71
70
71
74
70
70
70
73
71
71
70
70
70
70
70
70
80
70
71
74
70
71
70
71
81
71
70
79
70
71
70
71
70
70
70
70
71
122
71
71
71
70
70
71
70
70
70
70
71
71
70
71
71
70
70
70
70
71
71
74
71
81
70
71
71
71
71
70
71
82
71
71
70
71
70
80
71
71
71
71
71
81
70
73
84
70
71
71
70
124
70
71
71
70
74
81
70
70
70
70
71
70
70
70
71
70
206
71
70
71
71
70
70
70
80
84
96
70
70
71
70
70
70
71
70
70
70
70
70
71
71
71
70
71
175
79
71
70
74
71
70
71
70
78
85
70
71
70
70
70
71
71
70
70
71
71
70
71
71
71
70
71
70
81
71
71
70
70
71
71
70
71
71
71
71
70
71
71
70
71
74
70
70
70
70
79
71
70
70
70
70
71
97
71
118
70
70
70
71
70
70
71
71
71
71
71
74
70
96
71
70
70
70
71
70
70
79
71
71
206
70
71
71
70
75
70
70
71
70
70
71
71
81
70
70
75
71
70
71
70
70
83
74
71
70
206
70
71
87
70
70
71
71
71
71
70
71
71
70
162
71
71
70
70
70
70
71
70
70
70
70
70
70
71
71
81
70
70
70
71
71
71
70
71
70
70
70
71
71
79
70
71
70
71
161
70
71
80
71
71
70
70
70
70
71
70
70
129
71
70
71
71
70
71
70
71
74
71
70
71
71
70
75
71
70
71
70
70
71
71
74
71
70
71
71
71
70
131
70
70
182
70
70
80
178
70
70
70
70
71
71
71
71
70
70
70
70
70
71
129
70
84
70
71
71
71
70
73
81
70
70
82
75
70
71
73
71
74
71
70
81
70
71
143
71
70
179
71
71
71
71
70
70
70
70
71
71
71
70
70
70
71
70
70
71
71
71
71
121
71
70
71
71
71
75
71
70
71
71
70
70
71
81
70
70
74
71
71
70
70
70
70
70
71
70
70
70
70
71
71
121
120
71
70
82
70
71
70
71
71
81
71
169
71
71
71
70
70
70
70
70
71
71
83
70
70
70
72
71
70
71
70
70
74
70
70
71
70
70
71
70
70
70
71
70
71
85
70
80
71
70
70
70
82
70
71
80
70
70
71
71
71
71
70
71
71
70
71
71
71
71
71
70
71
70
71
70
70
96
71
70
70
81
82
161
71
71
73
73
71
71
71
70
75
71
71
70
71
70
72
74
70
71
74
83
71
70
71
71
71
70
70
123
71
70
70
71
71
71
70
80
70
71
71
71
71
70
71
71
71
80
71
83
71
70
71
81
71
70
71
70
70
70
70
70
71
81
71
70
71
71
71
71
82
70
71
70
71
84
71
70
71
70
74
70
74
70
70
70
86
71
70
71
71
70
71
71
71
71
71
71
70
71
74
81
70
70
70
71
70
71
71
82
70
70
71
222
71
71
71
70
70
80
71
70
71
71
80
82
74
70
70
70
70
70
70
70
71
70
70
70
70
81
71
71
71
72
71
70
70
71
70
71
70
71
71
70
71
70
71
70
70
70
70
70
71
70
71
71
70
71
71
70
70
71
71
71
71
70
70
71
70
70
71
70
70
70
70
70
70
70
71
70
172
71
70
71
70
71
71
71
71
71
70
70
70
71
74
71
70
70
70
71
70
71
71
71
70
80
70
71
70
71
71
71
71
70
70
71
70
70
70
71
71
70
71
71
71
70
70
72
70
70
71
71
70
71
70
70
70
71
222
70
71
70
70
71
70
70
70
70
70
118
71
70
81
70
70
70
71
71
71
71
71
74
71
70
71
70
71
70
119
80
70
70
71
71
71
70
84
70
70
70
71
70
70
71
71
71
70
70
70
70
70
71
119
71
71
71
81
70
71
71
79
70
71
71
71
70
70
70
70
71
70
82
70
70
70
70
71
70
71
71
71
82
70
71
71
71
70
80
71
206
70
71
74
70
70
131
70
70
72
71
70
70
70
124
71
70
74
70
70
71
71
70
71
71
71
124
70
74
70
70
71
70
71
71
70
71
70
80
71
71
70
71
70
70
70
71
70
70
81
70
70
71
71
71
70
71
71
70
70
71
71
71
70
72
70
82
71
71
71
71
70
71
95
71
70
71
70
70
87
70
74
69
80
70
71
71
80
74
71
71
71
71
70
70
70
70
71
79
162
71
70
70
70
74
70
70
70
70
70
70
71
70
70
70
70
71
70
70
70
71
71
70
71
70
70
71
71
71
70
71
71
70
71
70
71
70
70
70
74
70
70
71
70
71
70
70
71
70
70
71
71
206
71
70
70
72
70
71
71
70
70
71
70
70
71
70
70
70
70
70
71
71
71
71
71
70
70
71
71
70
70
74
71
71
71
71
85
81
71
71
70
71
70
71
178
71
71
71
71
70
70
237
70
78
71
71
84
70
71
71
74
71
72
70
71
71
70
70
71
71
70
71
70
71
74
71
71
71
71
71
71
71
70
85
70
71
70
71
70
70
71
71
70
71
70
70
71
71
71
70
75
70
70
71
71
71
71
70
74
71
71
70
70
124
71
70
71
74
71
71
79
70
70
70
71
70
70
126
71
70
71
70
70
72
70
70
70
70
74
71
70
70
70
70
80
70
71
70
74
70
71
70
70
71
71
71
71
71
70
70
70
71
71
71
70
70
71
70
135
70
73
71
70
71
70
81
70
71
72
71
71
70
70
71
71
70
70
81
70
71
70
72
71
180
71
71
70
71
70
70
71
117
71
73
71
71
70
70
70
70
70
70
71
71
71
80
70
74
71
229
70
70
71
79
71
70
70
80
82
71
70
81
86
70
81
70
71
71
70
71
70
70
71
71
71
71
71
70
71
70
73
70
70
70
70
71
70
71
70
71
70
74
80
71
71
71
71
70
71
71
70
70
79
81
71
71
70
70
70
71
71
71
70
71
70
72
71
71
70
70
71
71
70
70
75
71
70
79
70
73
71
71
70
71
71
70
71
71
70
70
71
70
81
70
71
71
70
71
71
71
71
70
71
71
70
71
74
70
70
71
70
70
71
70
71
70
70
70
71
70
70
71
70
70
71
73
70
206
71
71
70
70
71
71
71
71
70
70
207
71
71
70
70
70
70
82
70
83
71
71
70
70
71
71
70
83
70
71
71
70
70
74
71
70
144
70
70
71
70
74
73
70
71
70
70
71
70
81
71
71
70
70
71
71
70
71
71
71
70
71
206
75
70
70
70
205
71
70
70
70
70
70
71
70
71
71
70
71
71
71
71
70
71
71
71
71
70
70
71
71
70
70
71
71
70
74
74
82
70
70
70
202
70
71
125
70
71
71
71
70
71
70
70
71
71
71
70
207
70
70
71
71
71
80
71
71
70
71
134
71
70
71
73
71
71
71
71
71
71
70
70
71
70
70
70
70
71
71
170
71
71
70
70
71
71
71
70
70
71
70
70
71
70
71
70
70
71
70
71
70
70
71
71
71
70
71
70
71
71
70
70
70
70
70
70
71
70
71
70
70
71
91
70
70
124
70
70
70
70
70
70
71
127
70
71
71
71
71
81
70
71
71
71
78
71
71
71
71
73
88
71
71
70
70
70
70
80
71
70
71
71
70
70
70
71
70
71
162
70
71
71
71
72
70
71
71
71
71
70
71
70
70
70
70
71
181
82
71
74
71
71
71
74
70
70
70
71
75
71
70
71
71
71
70
72
84
71
70
71
70
70
70
71
70
70
71
84
70
70
71
71
71
70
71
71
206
71
70
177
71
70
170
70
124
71
70
70
70
70
221
70
71
71
71
70
71
70
70
71
70
71
70
71
83
70
71
70
70
70
70
71
71
206
81
71
70
70
71
70
70
70
71
70
70
70
70
70
70
70
71
71
70
182
73
71
70
70
71
72
70
71
71
70
74
70
71
70
70
70
70
71
119
71
71
71
71
75
70
74
70
71
71
71
70
130
70
71
70
71
81
71
70
70
71
79
129
71
70
70
70
71
71
70
71
72
71
71
71
70
70
71
71
70
70
71
70
70
71
71
73
71
71
71
71
70
70
71
71
70
70
81
71
74
70
71
71
71
70
71
71
89
70
82
71
71
70
70
71
70
70
70
70
70
70
71
70
71
82
70
70
71
70
70
70
71
71
238
70
70
205
71
70
70
74
70
71
71
71
71
70
70
70
71
70
70
70
70
74
70
71
71
74
70
70
71
70
71
71
70
70
72
71
70
178
70
71
70
71
71
70
71
71
126
70
71
83
70
70
80
70
74
70
70
70
161
71
71
71
71
70
71
70
70
74
71
71
71
70
70
71
70
71
110
74
70
71
70
71
70
70
70
70
71
71
70
70
70
74
71
70
70
70
70
74
71
71
70
70
71
70
70
70
71
70
70
70
70
82
70
70
71
80
70
70
70
70
71
71
71
74
70
74
71
74
172
74
70
70
119
71
70
71
198
71
80
74
70
70
74
71
71
70
70
70
70
71
70
80
70
70
70
71
71
71
70
71
70
71
71
70
70
70
71
71
71
71
71
70
71
71
71
71
70
86
70
70
81
82
71
70
70
71
81
71
70
72
70
71
70
71
71
119
70
70
70
70
70
70
71
70
70
70
70
70
81
70
71
70
70
71
70
70
70
71
81
70
70
70
70
74
71
70
70
71
71
70
71
