382
235
231
232
231
231
237
305
231
522
243
239
236
236
239
235
245
234
270
235
237
239
236
235
245
235
249
245
235
239
236
236
236
506
230
235
613
242
246
236
236
246
242
686
248
235
236
235
235
249
236
530
236
236
239
233
236
259
236
234
231
235
239
246
236
685
235
235
255
250
235
244
235
369
245
236
253
236
235
235
236
248
247
236
235
235
247
236
235
235
235
236
236
235
235
238
239
235
235
235
236
250
236
236
235
235
236
236
235
247
240
247
230
235
240
235
235
257
246
235
236
236
235
235
236
236
246
235
235
235
236
236
235
246
235
244
240
236
235
246
235
235
235
242
236
235
267
236
286
287
235
235
235
248
287
289
239
235
246
235
239
236
286
238
247
252
236
290
236
236
236
236
257
235
283
247
235
236
248
230
235
236
239
247
236
234
236
235
235
671
239
650
235
237
235
235
235
246
244
251
236
235
236
236
235
246
235
235
240
260
236
236
243
235
235
240
288
242
236
236
236
243
235
243
246
235
256
287
245
235
236
246
236
236
247
237
243
235
231
235
249
236
235
235
235
235
235
242
235
236
240
235
250
247
247
236
235
322
238
236
235
235
239
235
236
235
239
244
246
245
249
235
236
236
246
235
234
240
235
236
250
249
239
235
250
246
235
235
235
236
247
235
238
235
237
235
235
235
494
246
235
247
236
246
250
252
246
235
303
236
236
236
235
235
237
236
235
248
235
235
239
235
236
245
239
235
236
239
236
240
236
235
239
236
235
247
235
244
235
246
235
235
235
235
236
235
236
235
236
245
235
235
235
237
248
235
236
236
239
253
248
248
236
236
301
240
236
234
244
236
250
236
235
293
251
235
235
236
245
235
247
279
235
236
236
235
236
235
236
235
248
236
235
239
685
235
239
246
236
236
237
235
235
236
236
235
536
236
235
236
235
235
236
246
235
235
256
235
236
236
236
236
236
231
239
245
239
250
235
234
235
235
236
247
236
235
239
236
231
236
235
246
236
290
246
236
239
236
235
238
235
262
236
235
236
239
235
235
236
235
273
235
236
235
235
235
247
670
236
235
235
236
235
235
247
235
234
244
236
592
236
257
236
235
235
236
262
239
235
245
245
239
256
236
235
236
254
235
269
251
267
239
240
246
236
245
245
235
240
290
235
247
515
235
235
239
235
236
236
240
235
238
235
246
236
247
436
235
250
235
235
236
236
235
235
246
236
239
235
240
235
266
235
255
235
236
247
235
247
281
236
247
322
236
239
236
246
236
247
235
236
318
235
236
236
236
235
285
235
544
236
236
245
235
234
235
245
235
235
235
236
246
236
236
236
290
235
239
235
245
253
235
236
235
542
236
235
236
235
237
235
248
235
235
235
235
411
235
236
235
235
235
236
248
235
236
246
235
236
249
239
236
235
234
237
236
235
235
247
246
236
247
236
236
235
235
238
236
240
235
235
240
235
251
235
235
236
235
235
236
246
236
236
236
544
236
235
249
246
235
253
235
236
235
247
236
236
239
279
235
235
246
246
235
236
245
236
235
243
256
235
236
235
246
235
236
236
235
236
235
235
236
235
245
236
235
253
245
236
239
235
236
236
235
236
235
235
235
287
247
238
239
245
235
236
247
236
247
254
236
236
235
235
240
235
235
247
236
235
235
239
287
235
247
259
294
235
240
236
231
235
235
236
236
239
246
236
235
236
247
248
235
245
235
235
231
236
236
248
236
240
235
246
240
235
236
235
235
285
236
234
235
235
235
235
243
235
245
235
236
235
235
231
236
235
240
247
236
236
296
236
235
239
246
250
245
246
238
235
245
235
235
236
236
247
236
236
284
242
236
235
248
235
236
235
250
317
235
246
235
236
235
239
235
293
235
235
236
294
314
235
243
235
247
236
235
244
249
247
236
234
236
236
231
235
236
234
236
235
251
292
236
235
235
236
236
236
534
247
247
236
283
238
234
235
235
231
247
246
247
247
252
236
236
236
236
248
236
236
239
236
239
234
247
236
244
249
291
236
235
236
245
242
231
239
235
230
235
235
235
236
627
239
236
240
276
236
235
246
257
235
235
261
284
244
236
290
235
236
248
236
235
236
237
331
235
235
236
235
235
235
236
251
235
236
235
235
256
236
235
237
245
236
239
286
247
326
235
239
236
235
235
246
236
235
238
236
285
235
239
235
244
250
235
238
247
235
239
252
236
236
246
235
286
234
272
284
247
235
235
235
236
236
246
235
236
284
235
239
235
235
236
235
235
236
235
235
244
235
245
310
235
246
236
248
235
246
235
235
301
235
235
246
241
236
235
246
237
236
237
244
243
235
246
235
236
249
292
239
235
236
246
236
236
235
235
247
236
235
288
235
236
235
235
237
239
235
310
236
236
235
235
235
250
235
236
235
234
240
236
235
644
239
245
231
248
236
235
235
236
235
235
231
236
235
240
236
235
236
236
247
235
255
255
245
235
236
235
241
236
235
246
236
243
247
235
285
247
247
235
236
245
236
236
235
293
260
247
240
235
235
235
534
236
235
248
235
235
255
236
235
236
235
235
235
235
236
241
246
245
235
235
235
235
240
249
273
247
235
235
236
235
246
238
236
236
269
235
235
244
236
235
236
236
243
236
239
236
235
246
235
235
236
289
291
231
259
246
303
236
246
285
237
235
235
236
239
237
280
235
235
235
235
247
236
235
235
236
235
235
235
239
235
236
235
235
235
239
236
236
239
236
239
247
246
235
264
236
237
235
247
236
236
247
235
235
236
247
256
288
466
643
234
246
235
236
235
245
236
247
235
235
246
292
524
235
236
236
249
235
239
236
235
247
245
285
235
249
235
239
236
244
236
236
236
235
235
236
236
290
239
287
285
239
246
249
235
235
235
236
236
236
236
247
294
236
236
239
240
252
235
235
246
247
236
623
280
235
236
287
236
236
230
248
236
247
234
235
235
344
250
517
235
247
237
235
236
234
236
235
237
235
235
255
236
235
236
236
246
236
239
235
236
235
236
235
235
247
236
235
239
246
250
236
236
546
246
235
241
235
235
236
240
235
236
248
235
239
235
237
236
235
236
235
235
243
235
240
239
235
235
247
239
235
670
235
255
235
235
235
235
239
235
259
244
238
236
236
235
235
239
289
235
244
246
307
254
239
235
235
289
251
247
235
287
236
246
236
247
240
236
232
235
291
245
235
235
235
235
239
236
235
249
235
235
235
235
235
236
239
236
236
239
247
235
237
247
247
261
247
251
236
255
231
235
235
243
235
294
231
288
239
236
236
235
236
235
234
236
236
230
236
292
247
235
235
235
235
235
240
236
308
236
235
245
235
246
235
235
249
236
235
235
245
236
588
244
243
235
235
304
249
236
235
250
247
248
235
235
247
236
236
235
245
236
248
234
239
236
248
240
235
234
235
235
239
254
235
236
235
240
235
486
237
236
236
235
235
236
236
236
235
235
235
246
246
236
681
297
235
246
255
249
706
240
236
236
440
235
236
235
290
255
236
239
238
235
236
249
285
245
235
246
239
236
236
689
235
251
244
235
236
235
285
235
246
235
247
235
235
235
239
245
245
235
236
235
236
239
236
237
231
235
236
236
236
236
236
247
231
236
246
255
247
236
296
235
235
235
236
235
242
236
235
246
241
240
235
236
235
235
239
236
239
235
244
248
239
235
235
235
231
235
235
235
243
235
239
285
235
244
235
235
235
235
239
247
251
247
235
249
236
235
236
237
235
237
266
236
236
235
235
235
235
244
235
235
235
235
236
235
236
237
235
239
248
235
248
236
245
235
246
236
235
236
235
235
236
235
245
239
235
235
241
235
247
236
234
236
235
236
236
235
237
235
251
235
238
248
246
235
239
286
236
235
239
314
236
235
235
240
236
688
236
281
235
235
231
235
246
236
235
236
240
236
287
234
248
236
236
235
248
246
236
236
247
235
239
236
235
237
235
235
233
235
247
247
252
245
236
236
236
235
236
246
236
236
247
234
235
236
238
236
246
246
235
235
236
236
235
245
237
235
236
239
247
247
523
235
288
555
235
235
247
236
236
247
236
247
235
235
235
235
236
237
247
670
232
236
235
287
304
235
235
236
239
235
239
235
240
236
234
235
235
236
242
236
238
239
239
235
247
235
236
246
250
247
236
245
235
236
247
235
238
245
236
247
236
246
236
236
240
235
287
236
236
235
245
543
235
235
239
248
235
236
236
236
235
235
235
235
235
244
248
236
235
235
244
254
231
247
365
235
236
239
236
236
295
231
248
235
236
235
247
236
251
250
246
235
281
245
235
236
235
236
247
236
251
235
237
236
238
236
236
239
236
236
236
235
235
236
235
236
235
246
235
236
235
250
235
236
235
235
245
239
236
236
245
235
241
289
293
249
245
236
235
236
246
236
245
251
236
255
267
294
284
236
235
239
236
236
235
236
235
236
236
240
236
285
236
235
235
231
235
236
247
236
235
235
234
239
300
289
239
245
245
235
235
235
236
235
236
671
235
235
236
235
235
236
238
236
235
236
247
235
235
237
235
246
236
235
235
236
239
235
246
246
247
235
236
239
235
236
235
250
236
235
236
236
245
236
236
247
245
235
246
238
239
235
235
235
235
236
235
235
236
235
235
242
235
245
239
236
231
236
245
236
235
235
235
236
246
236
236
235
236
235
671
236
234
239
249
237
235
235
236
235
235
236
434
237
239
234
236
231
236
235
250
243
236
247
289
235
251
235
236
235
244
235
235
235
236
235
235
246
235
239
246
236
239
235
235
235
236
236
235
235
235
235
235
236
247
235
235
236
236
231
237
235
236
236
251
247
236
247
302
242
251
235
235
235
235
235
239
235
235
236
236
235
235
236
236
239
235
236
251
231
231
235
236
236
235
288
235
235
235
235
235
236
231
235
235
239
351
245
235
235
235
289
245
239
671
235
235
299
235
252
235
238
235
666
239
235
252
236
236
239
236
235
286
235
235
235
236
327
237
235
235
242
235
236
449
239
236
236
694
236
235
236
235
266
235
235
236
246
245
245
239
235
239
236
246
253
235
426
235
236
231
246
235
236
235
235
235
283
235
231
235
235
522
235
417
244
239
249
235
235
235
236
236
236
235
235
239
235
235
236
235
236
236
236
235
248
235
238
247
236
235
245
235
235
236
235
235
235
240
246
235
272
238
238
235
235
235
235
236
235
239
235
236
247
236
544
236
236
236
259
235
252
302
235
291
249
235
239
235
245
231
236
239
235
236
235
235
246
236
236
244
235
236
235
235
235
235
243
235
246
539
238
235
236
235
236
247
247
247
235
236
236
235
249
236
236
236
239
236
237
250
236
235
235
236
235
284
235
237
247
235
235
251
235
236
230
241
235
235
236
256
235
235
239
236
235
235
236
425
235
236
246
236
235
236
235
276
235
235
235
239
246
235
235
235
246
246
235
235
235
236
236
235
235
284
239
235
235
235
235
237
235
235
242
234
286
235
240
279
235
245
246
236
250
236
236
235
235
236
235
236
235
236
235
236
236
244
235
236
236
240
235
246
235
235
239
235
246
230
249
235
239
235
235
288
250
248
235
235
235
235
235
236
235
235
278
235
615
238
236
239
236
236
284
246
239
235
235
235
287
286
240
235
235
235
236
235
262
236
249
236
236
236
236
235
235
235
231
235
235
235
236
247
238
237
235
246
247
235
233
235
236
247
236
245
235
236
235
235
235
239
235
236
235
236
247
239
235
235
236
312
238
235
235
245
235
236
239
235
247
236
235
237
246
238
236
241
236
235
236
235
236
236
235
235
235
247
235
235
236
281
235
235
279
235
235
236
252
234
235
236
244
235
236
239
235
247
236
235
236
236
235
236
235
292
253
237
235
235
239
236
235
235
236
239
247
284
235
236
236
235
291
295
254
235
292
502
238
247
236
235
235
246
235
246
239
236
235
247
235
236
248
236
239
235
235
235
234
235
236
237
235
236
235
231
239
251
236
234
236
236
236
236
236
236
236
236
246
290
245
235
235
235
246
248
235
247
235
235
237
236
235
235
293
239
239
235
236
235
235
235
251
236
236
239
235
235
236
235
235
235
236
236
235
247
235
294
235
235
235
234
299
493
239
235
235
377
235
235
234
235
235
234
247
235
235
239
247
236
236
235
239
247
239
235
235
236
236
237
236
233
246
236
235
691
236
239
239
236
231
236
235
251
241
235
236
235
247
235
235
246
235
239
236
236
277
244
235
235
430
235
290
238
290
236
235
235
235
236
234
238
235
246
236
235
236
235
235
235
284
252
235
249
247
236
235
235
265
242
293
239
235
235
235
236
247
236
277
236
236
247
234
235
542
239
245
280
282
235
281
239
235
236
235
236
236
293
235
246
240
234
235
246
261
236
251
235
239
235
235
236
236
236
250
239
685
235
235
247
236
236
251
242
236
239
238
250
236
236
247
235
238
247
235
251
236
247
271
246
246
236
235
235
236
235
235
246
235
236
235
235
236
235
237
235
235
302
237
235
235
246
235
236
248
236
248
247
235
235
235
238
236
251
236
239
236
236
247
235
235
256
235
250
235
236
247
236
247
247
236
235
235
235
236
235
235
236
283
235
235
236
235
246
531
236
268
554
266
235
236
236
235
245
235
235
239
239
235
247
253
247
235
235
239
247
246
235
301
236
235
236
239
236
235
239
236
235
240
235
246
235
242
236
261
236
237
235
236
235
235
236
246
317
239
235
236
239
235
239
247
456
247
235
246
235
240
286
277
248
247
247
247
236
244
235
251
236
239
234
236
244
235
236
246
235
235
235
560
236
235
248
235
245
284
245
247
245
248
236
235
235
249
234
243
235
235
236
235
236
235
235
230
236
246
254
670
238
235
235
239
246
235
236
235
235
251
236
235
247
235
235
236
235
235
235
239
235
236
235
281
235
236
236
236
235
245
236
235
235
290
236
235
235
251
236
247
257
235
236
245
245
245
235
235
235
235
235
235
235
237
235
246
235
235
235
236
235
235
242
239
246
236
235
245
235
236
236
235
235
235
235
237
236
235
288
230
236
236
235
238
235
254
238
236
235
236
236
236
236
236
235
239
235
246
244
235
235
245
235
235
236
235
236
235
236
235
235
247
236
235
235
235
235
236
235
329
235
236
235
245
235
239
239
246
236
235
307
235
235
236
236
248
292
251
234
235
231
246
236
249
235
238
241
237
235
235
236
235
235
246
235
235
239
235
246
289
229
239
239
235
245
247
284
236
235
238
356
236
244
235
236
288
236
235
235
240
236
235
237
235
235
235
235
235
235
249
246
235
236
236
234
293
248
248
235
236
236
240
236
235
238
238
236
235
235
235
240
235
235
235
235
239
236
253
235
235
239
236
236
235
236
235
235
247
235
239
239
235
235
235
235
236
234
239
235
235
235
235
236
236
236
283
239
235
239
235
235
234
236
235
235
291
268
235
239
235
236
245
240
235
235
292
235
235
244
235
247
235
235
235
236
250
235
235
235
235
234
235
236
235
235
243
235
236
577
235
236
235
235
239
235
237
235
235
248
235
272
243
235
235
358
235
286
236
246
246
235
235
235
235
235
236
247
352
239
235
247
236
246
235
235
235
235
295
236
248
236
235
242
247
231
236
235
236
247
246
247
236
235
235
239
286
236
235
284
320
236
235
237
235
235
235
239
236
236
235
235
240
235
236
237
247
239
234
235
235
235
236
235
235
235
239
236
236
236
235
239
239
235
236
235
239
293
234
252
235
235
246
247
237
314
235
236
235
242
247
235
299
236
246
236
236
235
239
236
251
235
235
236
235
236
235
236
247
235
236
251
237
235
235
239
235
287
236
235
248
253
250
235
236
236
235
235
235
236
239
235
235
235
236
236
246
231
236
246
682
235
235
236
293
236
236
236
236
235
239
236
239
235
235
248
236
236
236
235
236
235
235
239
236
235
234
235
235
235
240
235
248
236
235
250
236
235
235
236
235
235
236
248
235
235
245
235
241
235
249
235
239
235
235
310
235
248
239
236
235
235
236
235
236
235
670
236
239
236
250
235
239
235
291
236
288
236
236
253
235
251
242
236
236
249
236
235
235
239
236
235
235
235
235
282
237
235
247
239
235
235
236
239
239
250
239
239
235
248
245
235
250
235
235
236
235
235
236
236
239
238
235
236
239
235
235
235
235
250
235
235
236
235
236
244
235
245
236
244
234
291
231
232
536
235
235
247
235
671
238
236
235
235
550
241
247
235
236
236
250
235
236
248
235
239
235
236
250
246
248
235
246
236
246
246
235
247
235
247
235
239
235
236
235
242
235
289
235
235
239
286
288
235
235
544
238
239
235
240
235
236
235
236
319
237
236
235
236
236
235
235
235
267
235
246
235
247
236
345
246
235
248
235
235
288
235
236
284
235
235
239
236
246
303
236
241
237
239
236
239
252
235
250
242
239
250
235
239
670
235
235
235
250
236
684
246
235
232
246
235
236
236
235
235
247
244
239
231
236
240
235
235
239
570
279
245
236
236
235
272
235
235
235
235
235
287
236
235
247
235
238
235
246
247
235
244
236
248
248
235
235
239
235
242
235
235
235
235
236
235
247
235
235
522
238
235
236
235
235
236
234
235
235
244
240
236
235
248
235
236
326
280
283
235
248
238
246
235
238
235
236
613
235
234
246
235
236
236
281
231
234
236
235
235
247
235
239
247
236
236
235
235
235
235
235
235
244
236
235
236
236
235
247
235
235
235
236
239
235
235
239
246
235
235
249
234
235
235
243
245
235
235
236
239
247
250
247
235
239
236
235
288
239
235
235
235
236
236
235
239
255
235
236
236
236
235
247
235
235
235
235
236
236
235
235
246
236
236
250
250
244
249
235
239
246
241
236
235
591
235
235
247
235
236
236
235
236
235
249
248
235
420
236
236
239
236
236
244
236
236
235
283
240
235
249
235
245
235
247
235
235
245
538
231
235
235
235
234
235
236
287
235
235
236
235
236
236
244
247
235
238
246
246
247
235
235
235
247
235
235
235
251
236
235
235
236
235
244
235
235
297
231
235
254
236
235
235
235
236
236
235
235
239
236
385
236
235
289
247
236
249
244
235
235
242
235
236
236
235
235
238
235
239
235
235
235
240
235
246
235
235
538
235
236
239
234
236
236
245
236
289
239
242
235
231
247
235
236
235
236
235
236
235
235
235
234
250
235
250
239
252
245
236
289
235
235
235
234
235
236
236
236
246
236
236
246
253
247
236
236
235
240
