282
276
279
278
274
284
277
276
267
281
280
280
273
276
263
275
272
275
446
279
277
282
284
272
276
289
291
279
285
278
271
284
304
281
269
272
286
282
458
285
272
281
276
281
281
290
285
281
283
332
274
272
281
272
281
387
278
280
276
281
275
294
282
272
274
271
286
285
272
358
348
285
272
282
302
288
271
277
278
272
281
354
270
277
283
296
285
292
280
278
381
279
287
284
276
284
273
273
281
281
284
330
273
272
282
273
273
287
277
280
278
272
283
277
281
281
274
284
266
283
336
291
282
282
284
275
282
284
274
525
278
279
285
274
282
284
290
278
277
281
277
275
285
272
282
282
272
277
276
278
284
271
281
285
281
281
290
273
280
282
281
279
272
281
285
272
273
272
443
283
276
319
278
285
285
267
285
284
287
280
281
281
274
281
289
281
278
281
273
281
291
280
273
275
275
280
276
281
289
282
282
285
335
282
285
281
281
281
279
283
269
280
279
285
282
284
290
280
282
283
330
282
288
282
271
267
281
347
284
332
280
628
282
281
282
281
271
278
274
284
284
271
285
274
354
283
285
275
271
272
430
281
284
424
285
288
284
283
272
281
284
282
270
285
284
283
281
268
284
271
284
285
285
271
288
271
514
337
282
279
275
285
289
346
282
271
285
265
273
272
287
291
282
281
278
284
345
280
486
281
326
366
281
282
272
272
788
271
284
289
278
271
274
292
281
279
345
271
280
284
277
284
299
281
281
281
282
281
284
284
284
288
271
278
285
291
281
281
274
274
288
280
284
270
279
291
275
279
280
284
282
271
271
277
293
271
342
281
272
273
284
273
280
277
275
339
294
271
276
282
272
278
285
625
266
271
272
335
277
319
271
270
278
284
284
290
286
284
277
285
288
273
343
286
272
282
280
634
291
279
281
275
282
278
269
285
271
281
281
283
271
276
282
318
267
271
282
305
275
478
284
288
286
294
281
294
284
284
283
277
285
277
280
281
282
289
287
284
284
270
276
282
292
289
280
282
282
349
278
285
293
278
283
288
281
283
280
272
286
283
284
282
274
281
281
330
272
280
267
272
281
272
275
280
280
285
282
285
277
283
283
289
271
282
271
281
282
286
283
277
284
282
274
284
282
281
273
281
285
285
285
282
282
286
321
280
270
284
293
281
287
280
280
282
286
284
282
271
272
274
284
281
357
282
369
286
285
281
349
280
285
282
272
287
280
324
286
287
288
284
284
281
306
287
279
281
282
275
283
274
281
282
285
272
296
285
275
271
277
285
285
291
284
284
272
270
272
281
282
281
281
277
288
295
628
284
271
280
281
287
289
281
271
282
322
292
267
280
348
282
287
271
282
274
281
283
284
284
279
280
281
283
282
294
271
280
272
279
283
280
281
288
284
324
281
282
318
277
345
280
331
280
281
274
320
283
269
292
281
281
282
293
270
284
287
289
274
283
284
333
279
291
346
282
279
282
279
292
271
275
277
293
285
274
291
741
285
283
323
270
280
282
271
335
272
284
369
271
282
284
286
281
274
270
274
283
269
289
283
270
282
289
282
271
293
354
271
279
276
282
333
286
271
270
286
360
282
282
281
281
281
282
270
291
358
275
275
283
282
283
329
271
271
271
272
284
281
294
270
282
280
284
275
282
340
280
292
272
282
327
273
283
282
291
283
283
284
279
280
272
272
275
281
289
269
272
282
280
281
284
280
273
271
275
282
271
282
271
282
281
281
277
319
282
282
281
295
278
279
286
278
275
280
281
284
272
272
286
282
290
281
276
284
282
281
292
284
284
272
290
270
270
278
274
284
288
282
281
284
273
271
278
283
273
284
280
282
284
281
285
275
281
283
287
284
803
285
274
279
282
282
280
281
276
293
330
275
273
283
281
271
282
372
281
285
278
281
284
339
271
282
282
280
280
277
273
288
268
287
269
295
269
275
273
285
275
271
291
281
275
276
281
281
257
284
302
272
275
272
287
283
284
280
274
281
285
274
271
283
282
285
333
282
273
280
284
322
285
275
281
276
272
281
329
270
282
286
280
274
281
273
284
283
282
271
286
344
273
285
272
340
275
288
284
281
279
284
281
427
282
290
288
278
288
281
273
283
287
289
279
288
285
289
281
269
269
282
288
281
284
284
372
280
284
294
267
285
277
288
286
358
272
271
272
354
287
350
283
281
270
266
279
278
285
282
709
280
280
275
282
284
287
282
284
280
278
281
273
276
287
276
283
272
273
271
294
265
276
288
271
281
293
273
271
279
289
283
280
291
284
284
272
271
662
699
283
372
288
273
287
282
270
293
288
284
274
279
284
281
275
347
274
277
337
281
271
275
272
286
283
283
288
289
338
275
271
824
284
331
282
282
283
277
295
278
284
275
272
288
272
288
280
284
272
271
271
289
271
277
283
282
281
278
277
349
283
282
271
270
776
274
277
333
283
281
270
291
283
284
763
284
281
271
272
274
282
286
282
281
664
275
261
281
280
340
284
293
288
282
281
281
282
337
282
273
270
283
281
281
294
288
271
276
283
284
341
279
284
790
273
271
277
284
281
278
271
283
283
282
275
272
282
282
280
354
290
271
281
314
282
271
277
282
270
281
287
282
289
293
283
285
283
284
284
345
281
286
351
285
283
287
280
337
281
273
280
757
384
279
270
262
338
281
283
271
334
281
283
274
332
285
349
284
331
278
285
297
279
286
277
272
286
292
282
282
276
283
275
272
272
273
271
281
274
269
282
284
272
286
282
287
286
340
281
273
282
282
292
279
284
271
280
281
281
273
282
272
273
349
276
284
284
281
278
293
278
281
271
286
277
285
352
284
272
282
288
283
271
276
284
280
274
285
287
273
283
280
282
276
281
291
276
278
277
281
269
288
282
323
284
269
272
284
277
282
282
280
275
273
276
285
279
281
282
334
286
285
284
280
273
283
282
281
281
281
276
308
284
279
271
344
270
273
269
277
283
286
282
276
284
281
323
285
285
279
275
353
294
547
272
328
289
288
270
679
272
350
286
281
277
281
281
273
289
271
281
281
281
275
283
278
290
290
291
273
271
288
274
286
278
284
283
283
272
280
281
281
286
290
342
281
282
291
270
292
285
284
284
280
279
276
272
272
280
282
283
268
271
285
283
281
282
271
282
282
284
285
284
280
273
284
284
288
270
282
297
283
272
281
289
309
284
279
283
283
281
284
268
286
272
276
285
282
279
344
285
283
279
279
289
284
306
281
331
281
281
282
294
275
283
272
689
284
285
282
271
281
275
277
350
280
279
282
283
286
349
272
279
280
282
298
281
276
271
270
270
280
296
281
287
284
393
285
267
281
284
282
283
280
283
282
282
288
280
282
281
278
291
279
276
286
284
274
293
287
343
285
291
288
282
284
287
280
276
282
269
295
283
281
285
285
287
281
284
284
285
281
281
289
282
293
284
281
291
285
284
285
270
334
291
272
281
359
285
271
277
281
281
281
281
327
344
281
280
280
276
269
283
284
274
289
280
285
279
282
342
281
329
284
271
281
273
285
283
271
271
285
272
281
282
330
280
278
284
281
316
270
283
282
276
283
273
272
285
273
271
274
271
273
271
287
285
270
284
274
283
281
291
329
347
271
282
284
289
284
286
272
295
271
718
286
282
287
285
272
425
272
285
284
287
283
285
287
283
286
364
273
275
282
284
275
289
288
285
271
272
271
284
285
272
272
274
279
270
283
285
284
284
287
271
285
271
284
271
284
289
270
270
277
330
277
773
278
280
267
287
275
284
283
284
273
341
274
279
271
285
281
281
283
283
285
324
282
273
367
271
292
348
276
284
285
632
281
282
401
274
283
280
281
288
284
281
281
280
272
284
324
268
285
282
281
280
286
280
281
284
283
281
276
317
286
285
281
393
285
281
277
320
270
281
280
293
285
282
284
285
281
327
275
281
281
437
281
273
286
281
282
283
271
275
800
281
283
285
275
284
281
347
275
284
289
281
279
273
281
280
281
273
289
282
277
279
327
278
352
270
284
286
281
326
279
279
270
279
273
340
281
276
295
285
283
281
293
283
269
290
270
280
282
281
284
353
282
322
272
341
281
272
286
275
295
282
284
281
284
277
336
280
300
285
282
280
274
283
282
281
271
280
282
280
281
281
337
282
281
282
286
277
272
284
282
295
278
281
276
280
286
275
273
277
336
271
275
288
285
293
277
288
285
281
281
285
275
276
271
341
283
287
271
280
284
346
271
350
282
269
281
282
284
284
282
273
277
282
282
283
297
271
271
287
273
285
284
294
285
268
272
283
273
281
295
283
291
284
271
271
286
283
290
281
282
276
280
272
280
271
287
281
276
273
334
286
284
278
334
285
273
403
281
292
271
272
276
292
304
282
285
281
272
280
282
282
285
282
280
289
281
285
282
274
284
272
272
272
290
284
284
283
344
284
285
275
284
276
281
270
271
289
285
273
275
274
272
280
347
346
284
277
304
275
281
283
282
282
270
283
272
278
284
281
285
284
291
272
272
280
284
281
282
281
282
285
277
284
284
280
287
280
284
271
277
273
334
286
281
286
277
272
282
282
289
284
284
335
366
283
279
276
338
272
287
284
282
283
288
285
288
274
284
288
275
290
283
281
281
279
270
280
284
279
290
282
274
343
284
285
281
271
286
770
280
282
271
347
276
282
277
271
281
271
285
275
280
281
282
272
271
285
284
284
268
281
276
281
281
275
277
333
271
280
344
277
282
281
289
279
276
288
492
353
282
282
280
282
271
281
273
336
272
283
284
269
279
276
283
285
271
281
282
285
282
272
283
281
274
286
275
281
276
277
285
288
276
279
281
281
281
298
272
349
289
281
273
276
272
269
287
270
271
277
269
698
316
274
279
277
309
284
274
274
287
270
285
379
281
281
283
269
273
288
271
280
281
281
289
271
295
279
319
321
291
282
283
279
288
278
278
287
271
281
270
286
275
293
286
280
275
282
334
269
272
285
278
278
274
273
324
284
279
280
271
269
271
282
282
290
271
280
745
284
288
281
285
283
271
272
270
290
281
354
275
295
319
293
284
281
279
280
272
286
285
273
275
343
288
280
270
284
271
279
281
274
281
281
282
272
390
297
281
300
288
350
786
283
274
284
351
291
284
282
271
282
277
466
283
280
277
280
288
280
273
272
285
270
275
288
276
281
281
296
276
328
281
282
274
281
281
273
277
288
288
281
274
283
359
285
284
270
280
275
297
278
273
343
270
280
284
324
267
281
285
349
332
284
282
272
280
280
284
284
340
280
284
271
284
282
282
280
285
290
271
270
278
619
275
281
277
269
272
280
289
285
289
685
272
274
281
276
282
276
282
287
276
296
287
275
271
278
277
276
278
271
284
282
352
275
275
276
281
558
284
284
281
273
338
290
282
272
275
351
283
285
320
346
281
283
289
283
678
281
285
270
286
289
284
340
276
281
271
284
286
266
286
278
273
281
284
277
282
283
283
512
287
277
281
269
292
280
284
270
283
282
282
272
284
285
277
281
288
282
274
271
284
276
280
272
271
282
280
274
280
281
347
277
279
285
268
279
281
284
285
279
284
272
283
282
278
291
283
288
281
281
282
282
282
283
281
280
292
280
276
271
288
284
281
275
278
284
273
290
272
284
287
273
281
281
279
291
402
282
290
282
280
282
277
271
289
282
283
273
281
284
284
284
271
274
279
281
283
285
281
334
276
277
288
282
269
281
354
281
281
282
287
285
284
285
283
279
271
289
289
290
281
282
271
282
282
280
274
281
274
288
289
278
285
281
655
280
278
280
345
281
273
279
270
278
279
281
279
295
271
280
286
282
290
271
288
284
276
281
271
339
284
282
281
335
273
276
281
289
284
284
289
279
281
270
272
349
322
284
270
298
285
281
282
281
280
284
293
280
281
324
281
271
339
348
284
281
275
341
273
281
282
272
284
272
285
339
280
282
287
281
278
281
294
287
278
346
273
331
270
281
285
339
279
283
271
283
271
281
263
282
327
277
281
277
288
282
271
285
284
766
282
284
283
281
285
287
671
273
277
272
284
284
284
281
282
281
292
286
283
280
272
283
296
280
548
284
271
275
284
276
274
274
278
275
691
284
272
273
281
326
281
344
274
281
331
280
282
283
293
271
284
275
272
281
271
282
282
280
324
279
279
286
270
279
271
281
281
284
277
272
275
286
284
285
286
271
285
281
291
284
283
281
274
284
285
270
283
284
272
274
283
274
281
271
281
281
286
281
287
282
276
282
281
279
284
286
281
285
285
270
285
275
776
281
734
348
275
282
281
337
286
271
282
285
282
280
281
281
281
281
276
282
276
283
295
340
284
282
283
275
282
281
270
282
290
282
293
286
281
277
292
280
271
281
281
285
285
282
278
281
297
453
271
281
271
291
279
279
285
284
288
273
288
276
284
285
284
278
270
271
283
261
284
280
281
285
322
282
286
287
271
284
335
325
279
283
281
283
283
275
279
286
282
334
282
280
281
272
294
273
284
275
289
281
273
297
281
281
271
284
346
272
271
288
271
272
284
279
275
279
271
283
285
281
275
282
281
277
273
271
323
283
290
285
281
270
281
273
279
285
284
279
281
285
288
282
277
284
281
339
282
272
294
333
285
284
295
282
275
281
275
335
286
271
283
282
282
271
285
282
286
279
285
283
273
284
279
271
281
276
285
285
272
288
280
284
288
281
292
271
281
271
277
282
284
281
283
282
280
272
278
285
284
274
286
284
269
354
289
281
284
282
271
283
286
281
270
285
387
272
347
271
285
280
276
271
277
281
282
273
279
287
283
280
278
287
271
275
271
284
297
362
284
285
279
285
272
283
284
282
293
284
284
280
288
284
270
281
285
291
287
276
284
274
271
280
283
280
271
281
278
281
281
277
282
284
284
285
285
276
325
284
284
423
284
290
284
284
282
271
275
283
288
271
284
271
286
283
278
282
284
284
287
282
284
284
293
281
281
281
280
270
281
282
281
280
531
283
280
271
281
289
285
281
281
283
271
284
320
278
283
288
268
278
612
283
275
262
349
284
284
272
282
282
506
272
280
280
280
271
281
282
281
284
281
271
356
287
287
276
281
284
271
331
269
283
345
302
282
272
271
281
285
722
288
272
279
717
277
289
281
284
280
284
285
284
289
287
284
275
274
282
284
284
281
271
282
287
280
282
278
450
319
274
278
287
272
284
271
270
271
284
282
284
283
284
279
276
281
288
281
278
278
283
627
284
328
257
272
271
283
280
282
281
270
281
280
302
348
271
273
283
280
282
277
285
343
284
285
269
286
279
284
282
280
277
293
270
272
283
281
281
272
275
271
281
284
281
282
285
285
283
271
278
283
285
381
295
285
281
281
285
289
280
281
289
285
280
285
791
275
283
293
281
280
280
397
283
331
283
286
285
280
284
269
280
288
275
287
271
285
287
283
283
281
276
319
273
272
271
282
276
280
276
271
284
282
282
288
281
280
282
273
281
353
270
271
352
346
284
285
271
275
271
277
288
284
286
284
279
272
288
280
271
284
284
284
279
267
273
285
290
271
284
281
291
359
754
272
333
289
285
272
283
281
281
281
336
589
274
285
281
668
283
271
276
285
272
296
287
285
282
281
279
271
281
292
281
282
284
285
274
270
286
282
271
293
295
294
285
293
284
284
281
277
289
281
283
280
281
271
293
269
271
270
272
284
281
276
328
272
284
284
284
273
288
282
270
293
429
271
271
275
285
272
284
275
277
271
293
284
279
285
280
293
289
273
348
347
284
277
291
286
292
274
284
285
320
286
284
536
333
282
282
272
275
341
290
284
271
284
274
288
273
289
299
280
281
284
284
271
282
281
273
281
328
271
291
284
284
270
283
281
274
349
272
341
285
285
264
282
271
285
288
278
281
271
275
280
270
271
286
277
282
284
281
284
283
283
271
274
271
338
284
283
273
288
280
283
284
275
272
286
280
292
282
275
280
284
281
280
270
284
281
281
324
274
284
285
285
271
349
277
281
275
277
281
287
281
282
281
271
331
280
282
280
283
278
279
283
283
341
284
276
274
280
284
270
282
275
270
278
271
271
276
273
289
285
277
284
272
270
282
282
495
270
278
287
285
285
284
282
282
278
285
284
288
281
277
297
273
279
282
272
271
283
272
282
279
303
281
284
281
274
274
285
284
284
287
276
282
281
285
281
281
336
281
325
279
281
267
281
280
287
292
283
284
284
274
283
285
285
271
271
284
271
287
284
280
271
282
272
278
281
281
270
283
284
345
275
292
285
292
275
278
276
277
290
281
271
284
289
264
700
282
275
272
288
271
282
283
280
284
288
283
286
272
286
337
291
275
565
271
284
277
283
279
280
281
281
277
281
294
292
287
281
284
362
351
274
277
271
272
289
285
270
284
270
284
271
274
271
284
281
284
273
271
273
273
287
296
283
272
284
290
283
324
282
276
284
273
284
274
282
281
277
272
284
272
284
287
271
287
294
284
323
620
275
271
335
273
286
271
285
285
280
282
395
294
285
287
284
281
283
280
265
274
283
324
284
286
272
282
281
289
446
284
280
272
281
336
275
275
272
282
282
288
280
279
273
283
284
284
289
266
604
272
285
325
280
284
281
282
282
333
272
272
285
281
271
267
280
288
296
279
798
290
270
277
269
281
282
276
281
278
282
271
285
295
289
281
284
284
271
277
283
288
293
328
282
271
284
280
286
506
271
281
281
272
280
280
281
288
393
273
276
281
273
289
282
285
282
284
279
798
281
284
281
268
333
282
282
276
278
276
279
285
290
271
284
279
344
280
277
277
282
271
337
281
291
276
290
281
289
277
284
273
271
285
284
272
285
284
283
288
279
338
267
292
290
281
271
325
276
281
281
272
271
272
282
278
289
378
280
274
276
284
281
282
275
281
274
798
280
266
286
271
271
271
292
271
282
279
282
279
271
283
281
282
322
284
488
282
280
272
282
282
272
281
282
282
281
291
331
272
285
283
290
285
271
275
287
284
281
272
274
281
282
273
288
284
292
293
285
284
281
281
271
281
271
285
281
276
280
351
279
281
283
280
287
270
284
281
282
271
275
286
280
275
288
337
287
283
271
290
275
332
278
285
281
335
282
277
271
271
272
271
271
284
281
285
274
281
270
274
342
276
277
284
283
271
281
358
331
273
274
281
290
299
274
278
285
269
281
279
272
362
285
284
288
280
284
271
272
272
284
271
288
284
278
284
281
272
288
288
281
283
282
319
272
288
284
285
