2259
2259
2288
2637
2263
2259
2262
2314
2284
2654
2273
2273
2318
2308
2256
2263
2253
2256
2464
2290
2265
2259
2254
2247
2256
2257
2263
2297
2287
2230
2247
2282
2254
2275
2284
2254
2234
2257
2285
2220
2259
2255
2295
2251
2287
2259
2287
2257
2260
2313
2275
2265
2282
2292
2256
2287
2250
2255
2257
2257
2217
2281
2254
2281
2285
2280
2258
2282
2288
2258
2260
2256
2257
2279
2217
2253
2260
2263
2357
2313
2292
2289
2251
2312
2252
2295
2286
2254
2263
2280
2280
2310
2304
2291
2257
2263
2287
2298
2285
2269
2247
2257
2286
2282
2237
2292
2295
2280
2224
2285
2251
2257
2265
2275
2299
2289
2260
2308
2255
2257
2262
2250
2257
2260
2271
2283
2260
2257
2257
2307
2291
2301
2259
2301
2242
2256
2251
2261
2257
2290
2255
2227
2292
2290
2254
2304
2251
2276
2282
2288
2281
2253
2300
2303
2285
2286
2284
2260
2261
2275
2294
2255
2259
2252
2258
2261
2305
2260
2288
2288
2289
2261
2288
2273
2281
2315
2300
2266
2287
2225
2253
2289
2270
2261
2282
2260
2284
2250
2250
2255
2246
2254
2251
2255
2253
2276
2275
2262
2256
2285
2304
2298
2281
2251
2250
2262
2261
2254
2256
2284
2286
2284
2285
2253
2258
2282
2287
2260
2255
2284
2278
2300
2650
2272
2226
2287
2272
2278
2280
2266
2266
2290
2286
2286
2280
2251
2286
2256
2253
2258
2283
2260
2293
2253
2305
2266
2329
2258
2256
2288
2249
2289
2278
2265
2265
2275
2278
2292
2255
2291
2248
2281
2286
2291
2263
2284
2282
2276
2283
2264
2257
2279
2289
2281
2288
2258
2252
2247
2245
2224
2283
2279
2266
2266
2299
2259
2274
2252
2251
2258
2264
2288
2288
2290
2257
2257
2289
2255
2289
2255
2232
2281
2292
2273
2257
2260
2295
2252
2252
2258
2249
2289
2275
2282
2508
2295
2260
2253
2281
2253
2287
2280
2298
2281
2291
2294
2285
2255
2251
2252
2249
2251
2254
2287
2257
2254
2257
2273
2283
2288
2279
3591
2255
2263
2307
2250
2260
2249
3315
2258
2309
2265
2276
2324
2255
2262
2257
2257
2368
2309
2303
2250
2288
2265
2286
2322
2278
2287
2293
2276
2257
2254
2289
2271
2257
2289
2259
2252
2283
2263
2256
2288
2323
2291
2255
2281
2301
2230
2293
2285
2263
2263
2255
2274
2287
2301
2250
2224
2250
2252
2249
2259
2325
2290
2248
2292
2257
2288
2258
2256
2293
2299
2274
2259
2280
2320
2288
2286
2285
2281
2290
2289
2294
2250
2279
2307
2257
2285
2256
2257
2256
2383
2259
2284
2256
2280
2253
2246
2350
2285
2255
2259
2285
2255
2230
2296
2258
2263
2258
2259
2293
2282
2244
2291
2255
2252
2253
2272
2253
2274
2287
2285
2296
2294
3093
2262
2293
2258
2736
2259
2222
2256
2255
2247
2256
2259
2258
2298
2257
2281
2295
2290
2303
2278
2261
2257
2255
2258
2288
2255
2291
2255
2307
2258
2249
2256
2251
2287
2249
2253
2245
2250
2277
2334
2287
2255
2283
2258
2289
2259
2297
2257
2261
2252
2257
2291
2292
2262
2310
2253
2283
2302
2301
2302
2252
2250
2260
2256
2260
2260
2257
2250
3020
2280
2258
2255
2260
2289
2267
2254
2266
2265
2274
2258
2253
2250
2285
2274
2284
2259
2276
2285
2260
2282
2257
2253
2223
2279
2288
2256
2267
2281
2251
2247
2276
2244
2261
2285
2293
2285
2294
2292
2289
2256
2293
2300
2256
2263
2291
2257
2284
2254
2258
2303
2267
2287
2257
2280
2300
2256
2258
2322
2258
2290
2259
2279
2226
2256
2280
2296
2262
2254
2326
2254
2286
2294
2267
2291
2257
2291
2257
2308
2254
2258
2295
2297
2285
2286
2288
2263
2257
2285
2257
2286
2285
2280
2260
2281
2252
2257
2282
2252
2256
2283
2328
2261
2288
2274
2259
2261
2287
2258
2279
2218
2251
2259
2283
2280
2254
2252
2275
2315
2295
2286
2281
2250
2254
2291
2255
2318
2255
2280
2259
2272
2276
2276
2259
2263
2267
2261
2254
2294
2290
2283
2286
2257
2275
2288
2283
2256
2253
2288
2313
2249
2267
2276
2287
2250
2252
2284
2279
2257
2285
2288
2253
2252
2287
2284
2284
2279
2288
2261
2279
2257
2256
2258
2255
2279
2259
2254
2245
2288
2288
2265
2279
2253
2267
2254
2278
2253
2728
2260
2261
2262
2293
2258
2250
2263
2250
2288
2259
2256
2302
2257
2256
2288
2227
2260
2262
2281
2278
2290
2254
2296
2261
2260
2261
2284
2278
2279
2276
2282
2285
2222
2249
2282
2269
2297
2258
2354
2256
2257
2305
2257
2250
2284
2263
2260
2544
2256
3092
2258
2258
2300
2255
2251
2279
2281
2291
2247
2355
2288
2301
2269
2249
2249
2261
2253
2254
2290
2259
2255
2280
2256
2258
2256
2308
2284
2281
2255
2282
2250
2248
2290
2254
2284
2259
2287
2262
2263
2286
2309
2259
3043
2261
2256
2254
2257
2253
2267
2256
2260
2317
2256
2279
2284
2253
2218
2288
2254
2260
2247
2252
2256
2263
2312
2284
2293
2245
2237
2249
2258
2252
2282
2256
2311
2257
2259
2297
2316
2255
2261
2284
2257
2254
2282
2283
2295
2261
2257
2283
2275
2280
2249
2277
2254
2280
2944
2280
2223
2284
2254
2291
2285
2284
2281
2289
2261
2252
2302
2263
2290
2300
2284
2290
2258
2247
2280
2287
2276
2274
2281
2286
2292
2259
2257
2252
2261
2784
2281
2255
2284
2834
2286
2259
2256
2255
2257
2249
2279
2289
2286
2254
2287
2258
2256
2917
2221
2258
2287
2286
2282
2282
2250
2288
2254
2284
2254
2288
2282
2253
2250
2286
2264
2256
2286
2268
2258
2271
2284
2257
2258
2258
2288
2259
2257
2251
2293
2285
2522
2265
2256
2284
2287
2276
2285
2283
2285
2262
2289
2282
2263
2253
2259
2252
2251
2572
2264
2279
2282
2266
2244
2302
2252
2281
2262
2253
2286
2229
2260
2261
2283
2284
2253
2288
2289
2278
2256
2277
2283
2332
2301
2291
2256
2284
2289
2262
2295
2277
2258
2251
2278
2301
2314
2287
2283
2325
2297
2261
2322
2277
2254
2273
2251
2292
2311
2285
2257
2292
2252
2272
2318
2288
2283
2253
2703
2286
2249
2251
2228
2289
2277
2311
2280
2276
2282
2256
2249
2299
2263
2290
2286
2233
2249
2278
2256
2301
2255
2261
2279
2315
2290
2291
2261
2289
2294
2251
2265
2295
2296
2253
2247
2250
2336
2293
2258
2312
2281
2305
2283
2256
2272
2255
2296
2255
2257
2251
2256
2255
2257
2265
2280
2256
2251
2297
2284
2250
2300
2290
2299
2261
2281
2252
2283
2316
2333
2280
2274
2294
2271
2284
2289
2262
2246
2252
2253
2281
2287
2258
2218
2260
2259
2262
2257
2228
2294
2259
2287
2266
2280
2290
2257
3129
2531
2250
2259
2280
2255
2260
2250
2256
2278
2260
2222
2298
2290
2250
2257
2284
2281
2252
2257
2251
2297
2262
2259
2253
2304
2259
2298
2225
2274
2302
2246
2283
2251
2260
2264
2256
2221
2235
2290
2252
2257
2230
2262
2296
2247
2264
2281
2314
2284
2261
2260
2286
2255
2255
2283
2289
2282
2259
2333
2262
2260
2284
2288
2250
2260
2289
2264
2286
2257
2258
2257
2257
2256
2219
2249
2253
2288
2255
2260
2289
2252
2269
2292
2423
2254
2253
2255
2254
2252
2257
2260
2256
2293
2257
2256
2286
2253
2255
2265
2254
2255
2259
2260
2284
2296
2284
2249
2257
2253
2256
2255
2287
2255
2282
2254
2295
2284
2257
2214
2286
2253
2286
2288
2343
2298
2255
2267
2258
2298
2288
2292
2256
2265
2258
2269
2229
2250
2294
2245
2258
2285
2256
2261
2257
2227
2255
2316
2286
2255
2258
2280
2250
2267
2257
2282
2275
2255
2231
2264
2267
2258
2259
2278
2258
2288
2213
2266
2251
2249
2258
2288
2257
2285
2266
2249
2250
2253
2254
2253
2258
3349
2285
2281
2286
2256
2263
3316
2251
2253
2254
2283
2260
2284
2290
2258
2273
2256
2251
2252
2256
2277
2261
2284
2285
2255
2253
2298
2254
2344
2286
2307
2284
2288
2327
2261
2293
2250
2252
2260
2289
2251
2259
2293
2260
2253
2270
2280
2252
2266
2298
2276
2254
2254
2282
2264
2289
2289
2310
2258
2292
2284
2308
2283
2260
2281
2259
2277
2255
2253
2284
2282
2258
2298
2291
2279
2284
2260
2284
2282
2279
2254
2257
2314
2254
2326
2257
2260
2258
2257
2251
2257
2259
2258
2279
2263
2217
2256
2259
2292
2292
2253
2256
2254
2256
2232
2320
2297
2259
2294
2293
2343
2259
2276
2260
2258
2259
2256
2257
2344
2253
2254
2256
2253
2257
2284
2221
2253
2255
2259
2281
2559
2289
2250
2255
2251
2257
2274
2250
2254
2276
2251
2260
2289
2284
2255
2245
2259
2253
2264
2265
2251
2285
2289
2249
2249
2285
2302
2253
2316
2267
2284
2251
2255
2253
2286
2289
2255
2250
2276
2259
2257
2257
2527
2229
2305
2252
2290
2254
2215
2267
2285
2250
2293
2286
2285
2250
2279
2251
2256
2254
2314
2265
2255
2273
2279
2286
2285
2260
2268
2281
2295
2259
2256
2257
2262
2273
2299
2283
2278
2261
2261
2261
2281
2268
2286
2266
2254
2247
2283
2353
2297
2262
2257
2255
2251
2266
2265
2278
2282
2287
2281
2260
2260
2256
2276
2291
2291
2291
2285
2257
2260
2227
2296
2288
2252
2314
2253
2260
2253
2259
2250
2258
2268
2259
2250
2302
2252
2288
2306
2262
2449
2301
2255
2265
2250
2337
2257
2275
2278
2267
2281
2281
2257
2311
2249
2260
2285
2252
2252
2254
2302
2285
2251
2343
2260
2257
2288
2368
2214
2347
2250
2261
2291
2255
2245
2255
2252
2256
2259
2312
2254
2259
2287
2263
2260
2300
2260
2256
2261
2253
2261
2255
2257
2448
2258
2285
2282
2279
2257
2263
2283
2318
2285
2262
2262
2253
2254
2257
2257
2248
2289
2293
2255
2258
2252
2230
2286
2283
2264
2255
2293
2254
2357
2288
2256
2288
2228
2279
2223
2307
2286
2284
2283
2286
2284
2263
2254
2289
2306
2259
2293
2282
2267
2257
2255
2284
2256
2241
2259
2254
2263
2257
2263
2262
2258
2271
2306
2341
2687
2287
2327
2277
2317
2280
2282
2283
2252
2255
2288
2283
2261
2252
2260
2284
2251
2283
2263
2217
2247
2259
2255
2259
2283
2257
2283
2302
2304
2290
2293
2251
2282
2283
2250
2273
2257
2281
2297
2253
2255
2283
2285
2253
2261
2260
2313
2256
2253
2260
2287
2260
2258
2273
2254
2280
2283
2281
2255
2256
2253
2256
2252
2260
2256
2252
2281
2220
2257
2289
2261
2298
2258
2290
2272
2261
2275
2286
2256
2255
2262
2275
2255
2335
2265
2258
2278
2260
2285
2350
2294
2263
2260
2257
2250
2261
2262
2260
2313
2249
2254
2302
2290
2300
2282
2254
2273
2530
2256
2279
2288
2260
2287
2256
2278
2290
2317
2324
2309
2284
2260
2288
2295
2283
2259
2286
2283
2227
2311
2287
2258
2273
2292
2296
2259
2280
2253
2290
2275
2293
2291
2251
2253
2257
2252
2290
2248
2307
2294
2257
2258
2258
2288
2261
2252
2285
2264
2260
2280
2257
2306
2299
2294
2288
2260
2254
2282
2254
2261
2275
2254
2260
2296
2262
2254
2256
2308
2256
2256
2325
2293
2260
2253
2260
2259
2289
2253
2302
2231
2261
2274
2274
2296
2293
2263
2323
2255
2256
2358
2288
2284
2278
2258
2259
2314
2229
2321
2222
2259
2727
2290
2299
2282
2253
2282
2254
2291
2260
2259
2252
2257
2307
2257
2290
2254
2276
2257
2259
3184
2294
2289
2263
2290
2251
2272
2284
2257
2295
2252
2258
2284
2281
2257
2257
2295
2289
2260
2310
2286
2282
2263
2283
2282
2267
2256
2265
2292
2297
2255
2255
2251
2309
2263
2258
2255
2310
2283
2256
2251
2254
2250
2338
2285
2284
2307
2257
2319
2263
2220
2252
2293
2283
2253
2261
2300
2257
2264
2331
2282
2256
2278
2268
2253
2254
2253
2253
2292
2253
2260
2289
2281
2293
2285
2650
2290
2287
2261
2229
2254
2277
2282
2254
2342
2315
2261
2254
2285
2275
2255
2265
2304
2252
2229
2255
2277
2252
2276
2282
2336
2251
2307
2260
2253
2276
2288
2254
2280
2253
2279
2294
2255
2222
2248
2249
2292
2291
2295
2261
2266
2262
2282
2326
2253
2291
2269
2286
2257
2297
2232
2328
2253
2254
2254
2252
2281
2266
2286
2253
2289
2263
2284
2279
2276
2250
2251
2257
2286
2262
2247
2260
2259
2254
2259
2264
2268
2293
2347
2286
2242
2300
2259
2295
2336
2294
2254
2289
2304
2292
2339
2251
2257
2285
2281
2254
2264
2262
2285
2238
2280
2257
2278
2255
2258
2287
2259
2264
2288
2278
2262
2262
2254
2271
2256
2260
2257
2284
2303
2297
2266
2252
2284
2275
2260
2714
2284
2264
2259
2283
2254
2253
2254
2285
2280
2255
2254
2343
2293
2273
2286
2286
2257
2255
2260
2259
2286
3271
2291
2261
2284
2239
2257
2249
2264
2256
2251
2281
2283
2282
2254
2256
2255
2295
2251
2263
2290
2256
2281
2253
2298
2256
2280
2259
2219
2253
2257
2298
2250
3198
2293
2254
2299
2272
2632
2259
2354
3151
2296
2266
2289
2281
2288
2248
2261
2284
2293
2254
2312
2257
2310
2312
2281
2260
2289
2260
2286
2257
2276
2257
2248
2259
2252
2247
2290
2276
2286
2286
2244
2259
2256
2255
2276
2275
2264
2285
2283
2291
2291
2277
2290
2258
2255
2973
2263
2230
2296
2257
2267
2305
2288
2261
2253
2284
2255
2278
2343
2301
2260
2257
2251
2262
2254
2259
2260
2253
2250
2254
2254
2296
2323
2295
2283
2258
2297
2310
2258
2283
2259
2255
2280
2281
2255
2284
2254
2283
2259
2283
2250
2291
2297
2282
2253
2292
2254
2281
2287
2261
2263
2256
2252
2261
2251
2256
2254
2253
2281
2251
2254
2276
2247
2283
2259
2283
2256
2309
2249
2258
2266
2254
2261
2551
2278
2282
2264
2261
2254
2276
2257
2248
2262
2254
3132
2279
2281
2263
2319
2258
2347
2293
2287
2254
2286
2260
2291
2263
2287
2250
2254
2296
2253
2280
2260
2316
2256
2224
2270
2300
2302
2251
2251
2255
2224
2293
2255
2285
2264
2339
2284
2294
2299
2315
2294
2291
2288
2331
2261
2294
2284
2256
2282
2287
2286
2270
2253
2254
2614
2284
2274
2261
2260
2984
2255
2299
2286
2289
2291
2278
2284
2261
2302
2258
2281
2284
2263
2286
2308
2273
2281
2262
2251
2282
2290
2621
2249
2334
2340
2256
2253
2253
2285
2259
2873
2289
2248
2256
2255
2279
2255
2277
2250
2289
2254
2253
2281
2267
2257
2221
2252
2256
2253
2288
2257
2267
2254
2248
2265
2341
2277
2267
2573
2260
2240
2225
2250
2289
2352
2262
2302
2253
2314
2309
2311
2335
2255
2255
2309
2275
2335
2251
2274
2315
2299
2308
2260
2263
2264
2259
2251
2262
2262
2259
2302
2260
2272
2260
2261
2249
2256
2284
2250
2282
2284
2257
2254
2294
2280
2256
2291
2258
2248
2280
2255
2255
2259
2266
2248
2262
2248
2314
2326
2275
2253
2287
2294
2250
2258
2280
2279
2260
2317
2287
2258
2291
2290
2294
2280
2306
2275
2255
2284
2321
2281
2305
2283
2260
2293
2283
2257
2254
2249
2247
2251
2297
2274
2226
2286
2260
2280
2252
2226
2284
2287
2253
2261
2246
2280
2323
2288
2282
2276
2290
2289
2312
2258
2256
2286
2249
2278
2252
2285
2282
2225
2257
2284
2292
2257
2436
2285
2299
2291
2282
2258
2264
2257
2257
2289
2286
2257
2260
2280
2289
2325
2288
2252
2275
2286
2261
2329
2251
2656
2224
2257
2306
2255
2263
2284
2270
2274
2251
2251
2286
2307
2303
2289
2263
2282
2292
2280
2256
2255
2250
2254
2251
2255
2256
2255
2262
2309
2287
2249
2251
2289
2282
2253
2283
2279
2280
2288
2257
2256
2260
2256
2257
2256
2331
2266
2268
2282
2280
2306
2254
2254
2258
2259
2258
2302
2216
2266
2259
2286
2258
2256
2259
2270
2292
2264
2280
2256
2260
2256
2249
2281
2250
2253
2286
2466
2311
2264
2261
2293
2298
2283
2235
2252
2281
2251
2264
2312
2280
2259
2256
2334
2254
2290
2297
2259
2254
2256
2256
2255
2259
2259
2295
2280
2253
2288
2258
2259
2298
2260
2287
2255
2259
2258
2257
2259
2258
2256
2255
2253
2257
2288
2282
2290
2287
2287
2250
2279
2284
3200
2257
2280
2238
2247
2290
2308
2299
2290
2257
2254
2276
2286
2293
2253
2250
2257
2256
2296
2285
2253
2319
2256
2258
2292
2251
2276
2283
2256
2246
2273
2279
2258
2254
2276
2252
2258
2274
2265
2318
2253
2260
2253
2278
2295
2254
2287
2258
2257
2255
2251
2252
2263
2289
2260
2257
2278
2282
2301
2289
2284
2281
2259
2269
2291
2276
2252
2286
2258
2278
2288
2256
2289
2293
2283
2275
2256
2273
2254
2275
2253
2288
2314
2247
2331
2313
2283
2291
2288
2314
2273
2253
2257
2255
2301
2255
2257
2249
2258
2286
2252
2285
2254
2270
2255
2220
2320
2283
2226
2254
2287
2255
2281
2294
2261
2286
2353
2257
2286
2249
2260
2277
2234
2243
2256
2326
2257
2292
2259
2252
2327
2262
2259
2282
2259
2256
2285
2258
2277
2260
2258
2253
2248
2295
2255
2261
2342
2286
2264
2261
2253
2250
2266
2258
2251
2251
2258
2228
2260
2253
2257
2264
2256
2285
2279
2253
2286
2268
2248
2263
2284
2285
2278
2252
2261
2253
2283
2232
2229
2254
2251
2410
2283
2221
2252
2283
2289
2276
2255
2253
2262
2243
2285
2289
2260
2252
2255
2257
2307
2304
2251
2294
2255
2288
2261
2287
2256
2254
2311
2263
2287
2279
2283
2252
2274
2293
2251
2260
2258
2247
2255
2259
2292
2287
3342
2286
2251
2255
2260
2253
2255
2262
2257
2259
2283
2255
2261
2261
2343
2220
2254
2256
2262
2264
2258
2306
2265
2253
2284
2256
2307
2282
2254
2254
2226
2258
2281
2280
2280
2295
2247
2293
2282
2252
2260
2294
2263
2261
2307
2278
2300
2276
2280
2253
2257
2255
2280
2256
2281
2341
2285
2243
2259
2257
2262
2253
2264
2251
2294
2223
2249
2301
2253
2283
2311
2297
2983
2257
2249
2256
2283
2252
2256
2253
2224
2261
2260
2255
2217
2287
2278
2257
2256
2255
2252
2287
2258
2292
2249
2326
2305
2290
2295
2289
2283
2256
2260
2288
2293
2253
2290
2255
2268
2360
2262
2258
2250
2326
2250
2291
2326
2251
2280
2265
2289
2262
2253
2260
2255
2281
2283
2250
2260
2259
2255
2266
2254
2281
2305
2288
2290
2265
2257
2297
2309
2220
2298
2222
2255
2289
2252
2254
2252
2283
2256
2291
2287
2259
2255
2256
2271
2293
2252
2268
2312
2261
2283
2257
2307
2292
2260
2290
2281
2255
2253
2249
2277
2303
2529
2254
2324
2259
2263
2251
2270
2288
2257
2257
2289
2225
2261
2256
2231
2277
2280
2282
2268
2254
2262
2245
2258
2267
2300
2221
2265
2289
2284
2257
2254
2268
2250
2275
2256
2284
2255
2286
2283
2292
2282
2251
2259
2288
2285
2254
2250
2258
2254
2258
2257
2222
2259
2249
2286
2253
2287
2292
2308
2261
2285
2281
2277
2255
2304
2294
2285
2276
2253
2255
2324
2283
2251
2255
2284
2265
2337
2281
2261
2281
2231
2259
2260
2260
2256
3383
2257
2284
2259
2263
2255
2292
2563
2302
2276
2255
2285
2252
2333
2253
2273
2251
2291
2261
2293
2223
2291
2258
2285
2278
2288
2284
2259
2258
2281
2303
2288
2287
2288
2267
2246
2281
2260
2253
2217
2254
2275
2247
2256
2282
2263
2269
2258
2262
2254
2253
2290
2256
2261
2255
2280
2257
2355
2222
2255
2259
2261
2254
2302
2323
2253
2296
2258
2255
2278
2287
2252
2252
2256
2249
2253
2287
2285
2298
2257
2283
2227
2257
2281
2276
2311
2276
2249
2257
2259
2317
2340
2286
2269
2257
2281
2316
2286
2574
2258
2256
2250
2286
2260
2270
2279
2254
2272
2260
2228
2281
2284
2261
2263
2221
2257
2280
2286
2290
2256
2257
2282
2298
2251
2286
2262
2257
2322
2255
2277
2253
2283
2261
2246
2256
2257
2248
2277
2257
2295
2297
2320
2261
2252
2259
2253
2228
2293
2256
2257
2280
2253
2285
2253
2261
2232
2270
2314
2259
2251
2243
2251
2261
2224
2282
2283
2280
2284
2260
2258
2284
2279
2251
2283
2299
2333
2259
2260
2260
2288
2261
2263
2322
2257
2224
2284
2285
2296
2283
2257
2284
2274
2307
2264
2287
2278
2286
2254
2258
2256
2264
2256
2290
2253
2256
2514
3470
2255
2253
2254
2559
2279
2284
2273
2284
2254
2256
2229
2623
2867
2278
2264
2255
2223
2252
2297
2265
2258
2255
2252
2538
2253
2290
2257
2288
2258
2252
2280
2249
2293
2248
2285
2256
2257
2244
2257
2287
2250
2258
2291
2273
2260
2281
2283
2279
2279
2254
2247
2277
2305
2255
2344
2291
2296
2223
2283
2290
2277
2255
2282
2261
2286
2254
2259
2282
2306
2254
2277
2294
2286
2251
2251
2293
2284
2250
2252
2333
2252
2259
2270
2252
2260
2291
2347
2279
2317
2298
2285
2258
2252
2289
2249
2283
2258
2294
2277
2289
2323
2270
2256
2287
2284
2306
2282
2298
2294
2284
2299
2251
2284
2291
2260
2266
2276
2283
2257
2258
2259
2263
2283
2269
2286
2313
3222
2335
2257
2263
2327
2286
2250
2262
2263
2285
2257
2283
2257
2257
2293
2252
2295
2281
2281
2252
2256
2260
2288
2257
2261
2290
2227
2325
2258
2291
2255
2249
2285
2276
2282
2284
2257
2283
2255
2264
2262
2253
2255
2284
2252
2264
2298
2222
2263
2248
2256
2282
2253
2251
2259
2251
2290
2299
2295
2290
2216
2281
2271
2254
2271
2285
2301
2257
2253
2257
2273
2252
2249
2323
2257
2250
2218
2288
2253
2255
2250
2254
2224
2256
2221
2288
2221
2258
2257
2281
2242
2260
2254
2277
2247
2286
2258
2279
2292
2301
2248
2276
2264
2277
2255
2253
2289
2266
2283
2253
2278
2288
2258
2254
2263
2285
2267
2286
2252
2288
2285
2263
2254
2280
2251
2261
2293
2282
2288
2290
2255
2253
2293
2279
2283
2274
2257
2288
2259
2265
2282
2251
2262
2263
2252
2227
2282
2251
2312
2274
2255
2261
2253
2290
2294
2255
2254
2309
2266
2274
2284
2250
2291
2219
2256
2258
2252
2288
2255
2261
2292
2251
2263
2310
2259
2280
2278
2286
2248
2283
2222
2260
2288
2255
2225
2258
2272
2252
2303
2262
2255
2253
2251
2255
2281
2296
2258
2309
2290
2271
2282
2261
2258
2294
3446
2260
2280
2289
2302
2287
2255
2270
2257
2225
2257
2275
2261
2308
2258
2286
2253
2270
2275
2257
2265
2258
2253
2261
2259
2363
2246
2290
2256
2299
2296
2258
2299
2312
2261
2257
2253
2307
2283
2264
2253
2308
2258
2282
2253
2258
2254
2313
2264
2257
2250
2277
2276
2260
2259
2293
2256
2259
2278
2280
2258
2313
2255
2249
2253
2255
2254
2293
2257
2279
2283
2258
2279
2283
2220
2259
2285
2289
2251
2261
2284
2319
2299
2264
2278
2286
2257
2283
2523
2261
2278
2286
2250
2251
2258
2285
2291
2249
2285
2257
2281
2253
2250
2258
2260
2256
2258
2262
2256
2274
2291
2260
2254
2249
2246
2279
2277
2253
2282
2294
2293
2278
2286
2297
2254
2292
2260
2285
2258
2276
2284
2255
2246
2254
2291
2265
2250
2250
2307
2289
2507
2224
2262
2252
2264
2288
2292
2282
2294
2262
2252
2286
2281
2265
2282
2253
2222
2251
2253
2367
2253
2276
2281
2295
2370
2258
2253
2292
2260
2259
2282
2284
2255
2293
2254
2255
2288
2255
2282
2263
2277
2287
2256
2223
2261
2255
2294
2279
2288
2281
2249
2279
2287
2253
2252
2285
2301
2283
2247
2254
2215
2325
2277
2295
2249
2283
2283
2258
2262
2256
2249
2277
2281
2255
2287
2287
2259
2260
2256
2264
2285
2282
2257
2223
2295
2262
2295
2295
2259
2262
2257
2257
2257
2275
2278
2297
2276
2256
2298
2253
2290
2282
2279
2287
2285
2282
2252
2261
2260
2254
2276
2295
2260
2257
2258
2284
2296
2264
2299
2258
2314
2288
2295
2285
2254
2297
2278
2305
2262
2307
2294
2326
2290
2256
2283
2257
2289
2259
2264
2270
2287
2281
2285
2251
2326
2284
2253
2257
2256
2266
2294
2289
2260
2259
2288
2256
2266
2278
2250
2261
2299
2261
2249
2253
2251
2249
2281
2264
2252
2257
2253
2290
2254
2281
2257
2490
2253
2259
2283
2256
2252
2259
2259
2258
2277
2253
2271
2311
2289
2224
2260
2255
2261
2260
2257
2252
2259
2296
2254
2291
2252
2261
2291
2300
2248
2279
2252
2247
2276
2247
2285
2249
2256
2301
2284
2277
2250
2222
2335
2283
2258
2257
2252
2252
2278
2288
2260
2253
2284
2252
2285
2286
2255
2253
2271
2275
2257
2286
2252
2311
2248
2277
2251
2285
2288
2288
2260
2221
2285
2258
2253
2345
2309
2260
2288
2260
2295
2259
2259
2252
2246
2349
2258
2237
2259
2283
2258
2254
2252
2283
2253
2253
2276
2252
2280
2256
2253
2248
2258
2229
2252
2264
2249
2254
2280
2251
2284
2275
2267
2295
2368
2255
2253
2278
2257
2253
2271
2290
2312
2255
2278
2251
2286
2264
2266
2309
2258
2290
2343
2288
2280
2253
2281
2306
2335
2282
2290
2258
2250
2217
2248
2255
2257
2289
2253
2243
2250
2291
2287
2261
2293
2259
2287
2289
2256
2258
2257
2261
2291
2252
2293
2277
2287
2258
2249
2260
2279
2263
2280
2257
2255
2276
2251
2255
2276
2252
2255
2256
2260
2319
2281
2261
2254
2259
2263
2260
2261
2254
2265
2278
2257
2267
2254
2284
2288
2247
2276
2254
2282
2253
2258
2279
2247
2259
2282
2440
2270
2256
2278
2259
2292
2524
2295
2255
2285
2281
2283
2258
2254
2261
2269
2283
2293
2291
2252
2646
2256
2252
2258
2287
2259
2258
2258
2300
2311
2294
2252
2214
2253
2362
2314
2260
2285
2251
2261
2228
2252
2253
2280
2928
2256
2255
2252
2284
2253
2281
2296
2249
2300
2281
2257
2256
2274
2247
2261
2286
2261
2314
2253
2288
2272
2262
2284
2281
2274
2252
2286
2287
2256
2290
2300
2256
2288
2257
2256
2277
2312
2308
2266
2254
2297
2279
2305
2293
2289
2255
2262
2259
2248
2247
2253
2274
2270
2281
2254
2251
2288
2255
2260
2231
2258
2259
2285
2308
2862
2237
2254
2289
2286
2283
2288
2289
2253
2302
2281
2254
2255
2254
2286
2251
2256
2254
2294
2258
2223
2259
2255
2277
2256
2267
2285
2253
2284
2285
2297
2258
2280
2292
2256
2258
2261
2262
2308
2281
2259
2302
2286
2257
2261
2281
2300
2253
2254
2300
2288
2259
2295
2262
2263
2251
2280
2255
2290
2253
2290
2283
2261
2263
2282
2258
2289
2245
2307
2256
2254
2254
2268
2255
2255
2285
2304
2236
2281
2283
2321
2253
2257
2236
2292
2256
2296
2263
2252
2257
2252
2295
2230
2286
2252
2261
2281
2285
2257
2250
2316
2312
2285
2284
2253
2308
2339
2288
2293
2280
2293
2261
2299
2257
2287
2260
2284
2283
2257
2257
2258
2253
2255
2281
2281
2264
2288
2218
2280
2289
2261
2262
2258
2257
2255
2291
2250
2311
2218
2286
2262
2280
2281
2256
2260
2291
2257
2279
2261
2258
2487
2250
2250
2226
2260
2287
2288
2289
2250
2326
2255
2280
2283
2270
2277
2359
2256
2298
2261
2280
2253
2248
2287
2245
2252
2279
2259
2255
2288
2286
2307
2286
2248
2287
2252
2276
2251
2261
2287
2290
2291
2301
2312
2294
2218
2265
2319
2259
2255
2307
2284
2254
2279
2285
2260
2260
2253
2287
2255
2256
2254
2250
2276
2294
2252
2251
2286
2295
2259
2294
2308
2307
2258
2253
2283
2304
2268
2264
2255
2284
2290
2285
2255
2254
2256
2228
2295
2252
2291
2272
2250
2222
2249
2277
2261
2263
2273
2281
2258
2285
2329
2252
2288
2247
2258
2260
2261
2260
2287
2292
2258
2255
2255
2255
2279
2242
2256
2289
2284
2287
2295
2254
2286
2249
2294
2298
2680
2258
2250
2253
2298
2287
2256
2280
2246
2253
2275
2610
2330
2255
2345
2253
2250
2254
2362
2293
2261
2308
2258
2256
2260
2288
2273
2277
2281
2284
2282
2308
2283
2284
2314
2276
2258
2258
2252
2285
2257
2316
2253
2261
2257
2270
2289
2288
2314
2222
2262
2315
2259
2281
2246
2258
2313
2281
2290
2289
2320
2282
2227
2297
2284
2316
2232
2258
2247
2298
2252
2285
2332
2294
2287
2333
2308
2257
2323
2260
2285
2253
2293
2297
2263
2255
2291
2284
2250
2257
2318
2258
2259
2310
2298
2280
2262
2287
2257
2284
2287
2294
2261
2256
2287
2262
2250
2245
2302
2288
2254
2309
2249
2263
2281
2279
2255
2256
2290
2256
2288
2292
2270
2281
2275
2257
2260
2252
2265
2266
2285
2298
2256
2271
2261
2262
2276
2292
2274
2456
2277
2287
2312
2322
2286
2279
2254
2283
2261
2244
2272
2278
2288
2254
2283
2291
2292
2261
2290
2252
2256
2260
2258
2288
2255
2253
2271
2323
2254
2281
2326
2253
2277
2231
2261
2259
2286
2287
2258
2252
2277
2257
2262
2294
2289
2277
2277
2254
2260
2245
2283
2253
3672
2308
2259
2280
2216
2289
2282
2260
2288
2220
2254
2251
2287
2280
2252
2264
2281
2254
2290
2254
2266
2299
2258
2253
2261
2276
2264
2262
2290
2295
2310
2266
2278
2275
2295
2280
2256
2255
2251
2295
2253
2283
2289
2244
2231
2283
2257
2254
2261
2256
2286
2297
2305
2281
2293
2294
2294
2288
2254
2251
2255
2285
2284
2254
2261
2282
2288
2286
2291
2431
2293
2262
2289
2256
2294
2261
2273
2282
2255
2281
2305
2275
2972
2255
2221
2674
2256
2253
2282
2278
2292
2290
2282
2284
2284
2252
2284
2256
2283
2213
2281
2247
2253
2295
2251
2254
2287
2302
2260
2266
2283
2277
2299
2410
2258
2251
2288
2289
2260
2256
2290
2258
2258
2255
2249
2284
2260
2248
2300
2252
2257
2255
2303
2258
2292
2282
2292
2277
2304
2256
2264
2266
2257
2280
2264
2276
2220
2300
2304
2275
2306
2254
2223
2302
2259
2291
2257
2254
2253
2254
2259
2250
2262
2259
2291
2286
2302
2257
2284
2312
2256
2256
2285
2224
2272
2254
2256
2258
2295
2300
2266
2281
2298
2261
2294
2258
2260
2238
2262
2246
2301
2259
2263
2285
2278
2287
2252
2254
2273
2252
2252
2339
2252
2257
2295
2259
2252
2295
2282
2286
2267
2313
2295
2330
2313
2220
2323
2254
2289
2532
2253
2259
2258
2281
2282
2251
2288
2258
2259
2257
2292
2255
2277
2299
2252
2252
2276
2257
2297
2259
2259
2266
2330
2264
2310
2256
2249
2256
2257
3663
2252
2314
2296
2288
2289
2285
2289
2725
2255
2292
2254
2286
2274
2265
2258
2250
2260
2251
2251
2281
2270
2252
2262
2306
2225
2253
2318
2256
2273
2254
2258
2471
2287
2282
2249
2278
2260
2263
2308
2262
2284
2290
2262
2254
2217
2249
2281
2279
2254
2255
2264
2288
2256
2285
2283
2264
2268
2253
2282
2251
2254
2282
2263
2258
2317
2254
2278
2292
2257
2285
2296
2282
2289
2282
2284
2259
2260
2258
2288
2263
2258
2282
2257
2260
2290
2244
2269
2279
2820
2261
2246
2290
2215
2283
2279
2257
2254
2279
2229
2287
2273
2278
2282
2288
2254
2258
2255
2260
2253
2253
2274
2259
2254
2285
2284
2251
2306
2281
2253
2257
2273
2277
2286
2280
2288
2265
2263
2321
2267
2312
2258
2260
2257
2321
2260
2332
2255
2276
2259
2261
2257
2283
2252
2257
2256
2257
2282
2278
2260
2262
2223
2254
2313
2260
2259
2257
2251
2257
2338
2267
2261
2288
2223
2292
2247
2274
2249
2258
2260
2252
2261
2252
2290
2253
2256
2283
2233
2254
2294
2735
2255
2259
2262
2254
2288
2258
2296
2257
2262
2262
2284
2257
2222
2275
2282
2293
2299
2260
2259
2259
2262
2259
2257
2280
2254
2228
2239
2277
2255
2258
2914
2252
2258
2260
2261
2278
2314
2259
2253
2292
2301
2283
2285
2314
2249
2275
2220
2342
2283
2252
2286
2335
2265
2280
2283
2282
2285
2291
2281
2295
2263
2285
2257
2276
2262
2288
2234
2287
2249
2289
2264
2257
2261
2273
2274
2255
2287
2264
2292
2296
2256
2287
2287
2239
2223
2280
2290
2286
2260
2282
2281
2262
2296
2258
2291
2286
2278
2258
2261
2261
2280
2222
2257
2258
2286
2254
2280
2260
2254
2285
2257
2257
2222
2282
2255
2256
2260
2315
2255
2256
2322
2259
2812
2315
2254
2304
2288
2257
2257
2321
2222
2282
2254
2290
2248
2286
2293
2261
2338
2290
2257
2251
2290
2864
2284
2589
2292
2287
2288
2290
2260
2254
2283
2255
2290
2260
2287
2254
2245
2257
2320
2284
2280
2288
2283
2285
2275
2258
2256
2278
2319
2271
2251
2241
2259
2255
2215
2284
2253
2277
2289
2286
2248
2279
2257
2285
2276
2253
2287
2257
2253
2259
2256
2254
2256
2290
2264
2280
2266
2266
2302
2250
2284
2289
2249
2306
2295
2293
2265
2289
2257
2320
2253
2260
2261
2290
2253
2302
3362
2254
2281
2308
2282
2257
2290
2285
2286
2294
2308
2256
2269
2287
2279
3414
2295
2283
2229
2252
2286
2227
2262
2257
2285
2252
2256
2291
2311
2303
2259
2226
2318
2258
2263
2258
2557
2236
2304
2287
2282
2257
2297
2257
2287
2281
2255
2254
2282
2254
2261
2258
2289
2305
2261
2219
2257
2283
2253
2252
2304
2223
2256
2282
2287
2254
2276
2252
2300
2253
2264
2262
2259
2261
2300
2306
2282
2258
2288
2226
2260
2319
2221
2305
2288
2250
2292
2262
2258
2258
2291
2261
2264
2273
2283
2281
2251
2255
2259
2286
2286
2252
2249
2260
2293
2257
2313
2246
2281
2283
2319
2298
2248
2255
2279
2253
2257
2253
2261
2285
2221
2313
2279
2286
2259
2267
2286
2278
2283
2248
2254
2263
2281
2294
2287
2225
2259
2271
2291
2247
2249
2253
2258
2281
2259
2260
2284
2282
2255
2255
2250
2263
2282
2305
2285
2222
2342
2276
2338
2264
2263
2285
2263
2252
2263
2284
2222
2279
2261
2258
2292
2254
2254
2250
2254
2251
2260
2494
2261
2286
2291
2342
2282
2254
2253
2287
2260
2288
2300
2290
2293
2256
2256
2296
2238
2222
2282
2289
2262
2284
2283
2270
2287
2263
2282
2285
2257
2270
2320
2279
2251
2276
2285
2263
2257
2252
2254
2254
2253
2218
2261
2286
2261
2230
2260
2252
2309
2284
2289
2257
2252
2254
2253
2265
2251
2255
2223
2258
2292
2297
2261
2283
2274
2252
2287
2252
2311
2261
2258
2282
2287
2310
2326
2255
2292
2256
2258
2287
2258
2282
2293
2290
2315
2297
2285
2251
2281
2257
2255
2281
2258
2345
2284
2283
2255
2283
2286
2305
2279
2257
2255
2253
2254
2313
2260
2305
2230
2311
2225
2289
2291
2283
2259
2253
2253
2256
2260
2263
2261
2250
2260
2293
2253
2252
2256
2234
2296
2250
2263
2322
2270
2231
2283
2288
2263
2295
2242
2797
2300
2259
2258
2254
2252
2254
2259
2281
2281
2257
2264
2259
2261
2254
2286
2269
2303
2299
2295
2249
2270
2226
2275
2222
2257
2256
2256
2424
2260
2304
2254
2281
2255
2282
2285
2286
2289
2287
2251
2260
2283
2253
2309
2218
2253
2253
2287
2294
2257
2285
2252
2280
2252
2260
2260
2242
2253
2288
2256
2251
2288
2285
2249
2288
2276
2255
2271
2277
2285
2250
2219
2303
2318
2258
2290
2276
2256
2255
2280
2247
2264
2271
2283
2260
2281
2255
2250
2285
2257
2270
2287
2277
2258
2255
2294
2256
2283
2291
2288
2258
2269
2285
2259
2265
2250
2255
2258
2253
2251
2249
2256
2254
2285
2258
2248
2283
2282
2276
2287
2284
2286
2251
2255
2256
2285
2304
2255
2291
2251
2254
2251
2214
2250
2252
2277
2256
2256
2266
2251
2275
2288
2242
2253
2257
2258
2260
2339
2256
2287
2554
2277
2278
2288
2286
2288
2295
2251
2294
2286
2252
2253
2299
2281
2291
2945
2232
2278
2283
2312
2253
2308
2283
2319
2253
2300
2285
2287
2302
2289
2256
2278
2257
2259
2283
2275
2285
2263
2291
2226
2308
2303
2250
2273
2267
2298
2256
2300
2288
2280
2272
2317
2253
2279
2248
2253
2259
2225
2288
2256
2250
2254
2279
2288
2338
2280
2286
2286
2286
3319
2277
2256
2254
2273
2281
2256
2282
2262
2278
2246
2254
2248
2257
2258
2278
2260
2283
2292
2253
2250
2367
2287
2257
2273
2222
2297
2255
2262
2259
2250
2410
2265
2287
2290
2261
2227
2258
2224
2268
2287
2270
2315
2231
2257
2257
2262
2259
2259
2262
2329
2257
2251
2257
2282
2255
2252
2260
2298
2253
2258
2275
2262
2248
2250
2259
2256
2259
2286
2254
2218
2288
2247
2292
2303
2259
2255
2280
2257
2320
2249
2255
2279
2279
2930
2262
2253
2500
2284
2257
2293
2256
2290
2250
2260
2307
2292
2254
2257
2303
2258
2307
2279
2256
2254
2287
2258
2289
2320
2293
2258
2261
2285
2253
2254
2281
2259
2278
2283
2255
2275
2261
2253
2251
2249
2257
2278
2279
2262
2295
2291
2255
2289
2255
2263
2253
2287
2255
2351
2256
2252
2258
2313
2257
2253
2286
2262
2282
2280
2282
2331
2256
2285
2287
2292
2313
2253
2263
2254
2258
2289
2300
2257
2307
2292
2252
2284
2261
2253
2256
2255
2250
2283
2264
2254
2279
2251
2260
2254
2263
2278
2252
2265
2222
2258
2252
2283
2249
2305
2299
2254
2304
2286
2222
2291
2250
2260
2280
2301
2257
2307
2261
2301
2279
2253
2285
2281
2253
2336
2286
2288
2259
2283
2219
2282
2263
2254
2264
2397
2285
2286
2285
2259
2259
2288
2293
2346
2258
2276
2250
2253
2253
2259
2438
2257
2289
2264
2272
2255
2258
2304
2295
2290
2251
2258
2251
2283
2286
2254
2256
2357
2292
2347
2287
2249
2260
2258
2260
2225
2285
2269
2356
2299
2220
2334
2290
2287
2280
2257
2272
2254
2256
2255
2261
2261
2285
2262
2251
2255
2253
2257
2225
2259
2274
2281
2262
2256
2224
2236
2286
2292
2294
2257
2290
2262
2252
2278
2259
2280
2300
2258
2289
2277
2258
2302
2258
2250
2545
2253
2283
2289
2283
2612
2289
2225
2259
2291
2267
2275
2260
2251
2272
2250
2258
2247
2254
2258
2272
2243
2263
2269
2252
2261
2252
2281
2260
2280
2259
2257
2284
2256
2263
2283
2255
2290
2284
2283
2251
2284
2252
2223
2255
2247
2302
2283
2256
2257
2245
2288
2295
2272
2335
2287
2251
2225
2350
2311
2230
2259
2332
2323
2260
2284
2290
2291
2288
2286
2269
2284
2260
2260
2253
2282
2255
2223
2255
2259
2288
2287
2259
2244
2252
2255
2317
2364
2280
2257
2257
2279
2264
2252
2286
2262
2280
2255
2252
2255
2285
2253
2253
2256
2254
2246
2257
2256
2251
2272
2294
2262
2259
2284
2294
2254
2255
2226
2282
2294
2362
2277
2220
2390
2289
2254
2279
2288
2286
2312
2256
2283
2267
2258
2282
2285
2253
2253
2253
2303
2284
2283
2285
2262
2260
2275
2294
2254
2251
2331
2255
2284
2258
2358
2257
2249
2231
2251
2257
2286
2280
2283
2255
2330
2259
2255
2269
2273
2309
2268
2363
2315
2258
2262
2253
2288
2252
2258
2251
2268
2258
2308
2254
2296
2252
2279
2282
2255
2263
2291
2383
2311
2259
2281
2276
2283
2257
2281
2276
2286
2344
2259
2285
2282
2264
2286
2263
2277
2287
2290
2284
2262
2253
2261
2284
2256
2319
2296
2307
2261
2262
2295
2288
2254
2282
2250
2257
2263
2265
2251
2252
2285
2224
2279
2256
2233
2280
2252
2257
2254
2279
2276
2286
2256
2290
2261
2278
2285
2306
2301
2309
2280
2274
2287
2289
2286
2263
2260
2285
2361
2292
2263
2289
2266
2259
2263
2280
2256
2283
2288
2287
2246
2221
2292
2257
2284
2318
2258
2254
2286
2265
2264
2282
2254
2266
2297
2252
2252
2292
2289
2286
2281
2264
2310
2251
2255
2213
2320
2250
2256
2282
2256
2264
2259
2231
2260
2258
2250
2275
2297
2260
2279
2271
2286
2281
2254
2276
2272
2287
2256
2296
2282
2282
2280
2275
2254
2292
2579
2280
2251
2221
2257
2255
2259
2259
2277
2284
2288
2230
2277
2279
2289
2286
2254
2388
2224
2255
2282
2271
2280
2289
2253
2260
2310
2291
2256
2318
2260
2260
2259
2265
2278
2280
2252
2312
2262
2293
2257
2257
2280
2285
2255
2288
2253
2259
2270
2258
2258
2291
2292
2256
2290
2286
2254
2499
2287
2226
2276
2282
2327
2256
2217
2256
2282
2265
2259
2332
2261
2222
2259
2319
2457
2218
2258
2257
2249
2259
2279
2283
2289
2254
2281
2304
2275
2305
2255
2293
2259
2263
2256
2294
2258
2289
2252
2264
2333
2251
2272
2264
2261
2271
2506
2248
2257
2316
2293
2247
2264
2282
2284
2272
2325
2254
2263
2352
2275
2252
2258
2270
2284
2258
2262
2290
2283
2308
2256
2250
2277
2494
2257
2253
2329
2277
2254
2255
2258
2279
2284
2254
2256
2355
2287
2297
2259
2254
2290
2260
2251
2271
2334
2265
2258
2247
2301
2326
2258
2257
2289
2250
2249
2285
2280
2261
2292
2221
2262
2289
2282
2287
2254
2333
2301
2221
2296
2257
2256
2258
2254
2248
2290
2234
2283
2259
2255
2263
2266
2279
2260
2259
2284
2302
2263
2259
2293
2286
2254
2284
2276
2259
2287
2964
2292
2263
2311
2254
2257
2271
2250
2254
2284
2287
2262
2224
2293
2246
2257
2279
2257
2283
2260
2339
2288
2284
2258
2260
2282
2251
2280
2277
2253
2257
2263
2261
2261
2278
2260
2298
2256
2241
2281
2294
2286
2253
2252
2252
2288
2261
2327
2299
2294
2276
2283
2274
2349
2258
2257
2259
2225
2279
2256
2255
2254
2277
2299
2291
2257
2261
2254
2256
2257
2289
2286
2262
2258
2225
2256
2253
2295
2278
2255
2275
2259
2253
2291
2259
2293
2281
2282
2252
2252
2262
2255
2285
2277
2274
2285
2282
2275
2223
2257
2318
2283
2256
2279
2255
2278
2258
2261
2280
2284
2249
2259
2267
2248
2283
2287
2265
2254
2252
2280
2261
2257
2251
2253
2282
2253
2257
2252
2252
2259
2296
2285
2292
2220
2282
2273
2292
2262
2258
2259
2287
2261
2288
2266
2285
2289
2264
2285
2324
2285
2276
2254
2365
2300
2254
2294
2257
2254
2299
2264
2284
2253
2261
2267
2253
2254
2259
2279
2279
2253
2287
2274
2270
2288
2284
2251
2289
2256
2248
2254
2252
2274
2291
2282
2251
2254
2259
2312
2251
2284
2316
2256
2288
2291
2271
2288
2258
2286
2253
2257
2286
2255
2261
2255
2332
2282
2259
2295
2282
2258
2259
2252
2305
2256
2258
2263
2281
2272
2279
2291
2256
2287
2249
2255
2299
2257
2247
2297
2315
2295
2263
2247
2287
2220
2299
2279
2291
2292
2289
2280
2257
2278
2272
2284
2276
2286
2269
2286
2261
2284
2258
2280
2247
2305
2252
2324
2265
2286
2254
2288
2332
2257
2255
2325
3218
2290
2261
2283
2394
2299
2227
2259
2314
2252
2262
2219
2258
2308
2260
2293
2258
2256
2234
2246
2288
2303
2251
2293
2280
2260
2252
2258
2228
2258
2227
2251
2302
2264
2257
2256
2265
2289
2280
2297
2256
2305
2254
2253
2255
2247
2307
2311
2276
2253
2253
2278
2258
2937
2258
2320
2266
2290
2265
2252
2254
2284
2215
2255
2260
2283
2278
2279
2264
2295
2262
2267
2276
2279
2248
2259
2253
2261
2295
2270
2249
2289
2246
2297
2281
2253
2294
2252
2288
2258
2288
2259
2261
2253
2257
2257
2271
2286
2273
2271
2308
2249
2280
2259
2256
2253
2277
2285
2287
2249
2255
2259
2262
2285
2278
2256
2256
2254
2255
2285
2287
2253
2282
2324
2282
2285
2254
2262
2257
2329
2259
2257
2253
2291
4054
2272
2253
2247
2256
2290
2285
2275
2302
2254
2282
2291
2284
2311
2224
2292
2279
2254
2263
2286
2256
2311
2304
2262
2253
2281
2353
2314
2283
2295
2274
2258
2290
2294
2289
2246
2313
2255
2257
2303
2286
2295
2293
2256
2256
2260
2280
2277
2255
2669
2252
2262
2261
2262
2231
2258
2244
2258
2322
2252
2263
2322
2245
2258
2253
2421
2253
2282
2301
2257
2254
2251
2252
2909
2261
2281
2274
2275
2258
2280
2284
2280
2252
2283
2255
2254
2271
2288
2266
2258
2288
2300
2254
2256
2254
2265
2225
2257
2261
2289
2262
2257
2281
2279
2290
2259
2258
2250
2259
2282
2255
2253
2252
2305
2256
2270
2292
2244
2281
2299
2292
2284
2292
2284
2255
2282
2282
2268
2250
2287
2284
2332
2262
2281
2246
2251
2285
2249
2272
2259
2261
2279
2245
2255
2309
2286
2217
2285
2258
2286
2266
2280
2274
2291
2289
2293
2251
2278
2253
2280
2296
2255
2299
2282
2256
2285
2231
2289
2255
2255
2359
2287
2283
2280
2259
2260
2294
2278
2253
2283
2271
2251
2286
2246
2253
2297
2311
2275
2251
2252
2287
2289
2279
2261
2253
2251
2251
2251
3213
2255
2283
2251
2257
2286
2254
2348
2259
2250
2251
2273
2277
2257
2270
2245
2217
2280
2252
2280
2251
2280
2286
2283
2303
2283
2289
2256
2288
2256
2218
2276
2259
2249
2274
2254
2276
2255
2259
2281
2285
2286
2260
2264
2260
2255
2259
2292
2290
2278
2276
2285
2251
2258
2255
2262
2255
2289
2278
2285
2283
2258
2259
2258
2252
2253
2305
2263
2257
2265
2256
2258
2252
2263
2247
2280
2310
2325
2254
2253
2252
2269
2283
2287
2296
2275
2254
2253
2283
2261
2257
2248
2252
2288
2281
2254
2286
2279
2286
2257
2278
2296
2258
2270
2282
2259
2286
2291
2308
2286
2289
2278
2288
2260
2293
2281
2256
2258
2222
2292
2288
2298
2262
2259
2285
2284
2219
2255
2271
2257
2256
2274
2254
2252
2264
2261
2280
2289
2279
2291
2283
2302
2251
2286
2286
2256
2305
2263
2290
2254
2301
2284
2278
2249
2258
2262
2288
2256
2283
2294
2284
2268
2275
2289
2251
2253
2253
2276
2255
2256
2250
2255
2250
2252
2307
2294
2221
2291
2252
2258
2254
2254
2289
2287
2254
2259
2285
2287
2287
2281
2255
2290
2289
2284
2254
2287
2280
2298
2246
2282
2255
2287
2289
2224
2255
2272
2253
2258
2306
2254
2287
2270
2252
2259
2278
2296
2280
2255
2234
2245
2253
2281
2255
2256
2252
2283
2315
2291
2284
2278
2300
2257
2282
2271
2258
2283
2274
2315
2256
2291
2309
2247
2231
2255
2256
2308
2247
2311
2284
2265
2281
2282
2260
2251
2275
2277
2286
2255
2285
2279
2262
2299
2257
2254
2301
2276
2282
2279
2292
2285
2282
2291
2287
2283
2288
2255
2254
2256
2230
2259
2291
2283
2290
2260
2256
2223
2258
2258
2266
2270
2284
2256
2263
2256
2256
2257
2288
2279
2249
2284
2226
2255
2252
2287
2218
2231
2255
2257
2298
2257
2260
2251
2283
2288
2281
2294
2282
2231
2255
2260
2292
2259
2289
2261
2251
2286
2248
2255
2283
2252
2311
2256
2280
2284
2320
2251
2305
2255
2227
2287
3400
2257
2290
2301
2288
2223
2241
2274
2254
2258
2248
2319
2255
2279
2257
2330
2253
2257
2252
2288
2260
2308
2293
2286
2258
2284
2249
2255
2251
2256
2293
2425
3145
2287
2297
2284
2314
2255
2249
2287
2257
2226
2286
2254
2262
2291
2279
2253
2288
2258
2289
2281
2259
2286
5232
2258
2284
2282
2251
2293
2279
2251
2289
2228
2254
2289
2263
2292
2282
2253
2342
2288
2301
2284
2296
2297
2301
2251
2289
2252
2251
2258
2256
2259
2255
2278
2254
2264
2334
2277
2251
2287
2284
2259
2264
2263
2265
2319
2300
2291
2307
2258
2267
2268
2254
2274
2283
2215
2292
2278
2257
2219
2286
2253
2233
2221
2275
2251
2258
2229
2258
2264
2256
2352
2305
2307
2282
2289
3019
2298
2258
2256
2300
2290
3335
2253
2253
2264
2258
2263
2261
2278
2257
2283
2280
2261
2253
2257
2310
2258
2294
2278
2246
2255
2257
2280
2260
2250
2249
2300
2270
2258
2254
2293
2260
2292
2245
2250
2288
2253
2258
2261
2288
2258
2254
2285
2283
2256
2261
2257
2297
2303
2285
2288
2278
2234
2272
2300
2283
2261
2254
2234
2285
2225
2262
2275
2253
2252
2250
2267
2282
2257
2253
2281
2251
2258
2284
2281
2286
2255
2257
2344
2260
2288
2282
2279
2284
2258
2262
2287
2262
2256
2257
2221
2282
2289
2308
2287
2293
2285
2288
2273
2296
2257
2270
2277
2253
2279
2685
2289
2291
2285
2248
2291
2299
2259
2261
2252
2223
2250
2258
2325
2264
2281
2256
2271
2266
2287
2263
2303
2294
2259
2254
2909
2285
2276
2283
2249
2280
2252
2285
2319
2256
2300
2258
2306
2256
2269
2284
2306
2258
2258
2296
2283
2286
2252
2256
2278
2292
2251
2281
2289
2286
2257
2216
2286
2262
2288
2254
2247
2277
2285
2262
2252
2251
2273
2249
2291
2258
2259
2294
2282
2485
2229
2256
2263
2295
2262
2259
2257
2219
2276
2269
2273
2278
2250
2288
2254
2278
2261
2281
2263
2259
2289
2250
2251
2309
2317
2285
2285
2302
2263
2253
2302
2286
2258
2253
2286
2272
2282
2285
2274
2297
2273
2342
2256
2253
2285
2341
2280
2258
2278
2247
2256
2596
2285
2264
2262
2254
2288
2252
2251
2290
2299
2279
2281
2272
2272
2286
2258
2286
2291
2251
2274
2294
2259
2286
2309
2286
2260
2286
2285
2258
2262
2251
2292
2301
2300
2219
2280
2295
2283
2291
2290
2333
2255
2260
2294
2290
2263
2279
2256
2286
2255
2286
2266
2306
2257
2249
2252
2311
2268
2303
2306
2281
2257
2252
2636
2253
2300
2261
2259
2289
2258
2290
2259
2255
2260
2297
2286
2307
2259
2275
2310
2285
2252
2256
2281
2249
2299
2251
2288
2254
2249
2260
2281
2263
2261
2252
2254
2293
2284
2256
2260
2265
2256
2254
2288
2274
2262
2287
2283
2263
2256
2249
2292
2284
2268
2255
2253
2254
2277
2257
2279
2295
2274
2280
2275
2289
2291
2256
2253
2284
2317
2268
2277
2251
2257
2283
2248
2239
2255
2276
2278
2323
2291
2256
2292
2281
2284
2255
2249
2306
2261
2283
2289
2276
2284
2258
2254
2259
2253
2231
2284
2275
2259
2269
2250
2290
2284
2268
2307
2274
2227
2285
2251
2283
2259
2286
2306
2257
2229
2256
2287
2253
2258
2263
2258
2291
2254
2253
2275
2289
2280
2268
2289
2255
2285
2254
2263
2285
2253
2249
2266
2277
2262
2291
2257
2286
2281
2252
2322
2253
2254
2279
2255
2300
2260
2306
2276
2275
2278
2254
2283
2317
2248
2255
2306
2274
2284
2256
2286
2280
2339
2267
2257
2243
2293
2254
2259
2255
2290
2259
2258
2264
2223
2288
2285
2284
2290
2259
2254
2290
2286
2255
2247
2284
2303
2286
2257
2285
2272
2275
2282
2284
2254
2310
2253
2265
2258
2248
2287
2255
2303
2263
2264
2271
2284
2249
2256
2280
2256
2258
2286
2277
2299
2260
2260
2308
2257
2317
2287
2278
2253
2270
2254
2293
2279
2281
2303
2306
2292
2256
2262
2290
2224
2286
2290
2283
2250
2256
2252
2224
2252
2257
2246
2256
2262
2250
2286
2311
2274
2294
2277
2269
2277
2251
2282
2285
2259
2251
2260
2283
2256
2269
2275
2288
2262
2311
2303
2256
2254
2268
2288
2252
2482
2269
2259
2260
2254
2261
2308
2254
2255
2254
2251
2256
2225
2284
2283
2297
2256
2255
2260
2259
2314
2259
2279
2255
2258
2260
2282
2258
2252
2281
2250
2283
2291
2295
2269
2267
2322
2251
2289
2256
2262
2284
2279
2270
2256
2323
2256
2286
2463
2257
2251
2287
2258
2294
2283
2254
2304
2256
2249
2291
2248
2254
2225
2253
2255
2296
2354
2254
2258
2250
2289
2253
2281
2328
2285
2258
2314
2249
2290
2250
2322
2277
2265
2248
2257
2259
2254
2261
2257
2293
2258
2287
2256
2263
2304
2283
2259
2279
2268
2284
2253
2258
2263
2263
2283
2259
2288
2257
2286
2280
2265
2249
2279
2256
2259
2257
2278
2252
2257
2256
2286
2261
2229
2230
2269
2250
2261
2216
2289
2288
2329
2252
2255
2255
2291
2253
2285
2285
2276
2258
2276
2302
2309
2260
2232
2297
2253
2229
2259
2257
2256
2285
2269
2256
2260
2245
2277
2297
2263
2300
2284
2260
2285
2265
2296
2279
2287
2267
2281
2253
2224
2252
2257
2224
2256
2289
2282
2249
2254
2264
2277
2264
2296
2282
2255
2225
2330
2252
2257
2246
2298
2262
2293
2296
2260
2257
2299
2259
2279
2254
2256
2286
2254
2272
2260
2295
2276
2256
2274
2253
2279
2251
2281
2244
2292
2284
2251
2310
2295
2257
2281
2297
2263
2289
2294
2315
2272
2261
2308
2255
2256
2259
2259
2249
2261
2254
2226
2252
2281
2252
2250
2283
2258
2277
2260
2281
2260
2264
2223
2254
2287
2286
2259
2928
2255
2288
2257
2251
2260
2247
2310
2233
2302
2257
2276
2257
2274
2257
2307
2259
2254
2287
2300
2254
2256
2280
2299
2284
2254
2294
2331
2278
2308
2308
2253
2254
2255
2256
2224
2258
2233
2279
2281
2266
2275
2289
2252
2276
2291
2255
2222
2301
2253
2346
2284
2292
2285
2266
2256
2260
2314
2291
2288
2298
2253
2294
2358
2259
2256
2263
2286
2279
2273
2224
2249
2262
2253
2254
2255
2325
2254
2263
2938
2255
2253
2283
2281
2255
2254
2281
2262
2253
2281
2257
2326
2290
2257
2257
2252
2261
2287
2286
2284
2311
2278
2263
2265
2284
2273
2253
2259
2258
2313
2254
2286
2275
2274
2256
2356
2348
2260
2307
2268
2260
2260
2285
2282
2257
2264
2260
2260
2254
2296
2253
2290
2261
2266
2275
2286
2258
2311
2250
2247
2346
2255
2287
2283
2248
2232
2304
2257
2286
2254
2705
2259
2287
2326
2309
2255
2246
2257
2260
2259
2256
2262
2259
2285
2226
2259
2271
2303
2261
2298
2254
2283
2283
2301
2260
2259
2303
2291
2253
2246
2287
2294
2280
2300
2267
2281
2258
2259
2267
2288
2254
2289
2259
2247
2247
2322
2291
2265
2288
2261
2292
2338
2256
2275
2279
2290
2261
2251
2289
2261
2286
2306
2260
2251
2257
2285
2283
2256
2290
2255
2258
2277
2329
2282
2255
2260
2255
2281
2292
2282
2262
2253
2257
2290
2262
2252
2256
2257
2278
2256
2286
2270
2255
2285
2299
2332
2288
2252
2258
2282
2291
2264
2256
2256
2256
2285
2278
2257
2281
2281
2254
2251
2287
2285
2252
2276
2276
2261
2253
2254
2256
2278
2291
2276
2811
2279
2258
2259
2297
2258
2264
2279
2262
2316
2250
2284
2256
2330
2727
2291
2291
2257
2264
2260
2248
2259
2258
2304
2253
2280
2285
2255
2282
2259
2247
2258
2288
2251
2298
2262
2458
2256
2260
2279
2259
2287
2282
2220
2254
2255
2254
2282
2288
2256
2253
2256
2282
2254
2284
2282
2289
2254
2301
2281
2255
2256
2289
2293
2256
2289
2228
2255
2266
2289
2259
2247
2280
2310
2259
2279
2335
2254
2224
2257
2301
2255
2255
2221
2225
2252
2305
2323
2275
2257
3194
2303
2254
2283
2260
2281
2282
2279
2219
2218
2259
2253
2253
2251
2257
2258
2259
2259
2285
2257
2280
2295
2285
2251
2261
2281
2231
2256
2260
2284
2254
2255
2273
2272
2284
2260
2271
2254
2263
2252
2254
2221
2289
2261
2259
2256
2253
2254
2260
2284
2256
2252
2281
2286
2269
2250
2252
2281
2277
2256
2284
2306
2281
2252
2272
2277
2257
2272
2289
2288
2293
2287
2283
2259
2282
2252
2286
2288
2282
2257
2277
2284
2250
2285
2254
2295
2252
2255
2255
2249
2330
2253
2281
2258
2327
2248
2289
2281
2255
2285
2275
2282
2287
2291
2292
2232
2257
2293
2263
2258
2280
2294
2255
2286
2288
2283
2258
2254
2273
2286
2280
2256
2255
2248
2283
2265
2257
2253
2256
2284
2256
2255
2281
2279
2280
2295
2279
2279
2261
2265
2285
2257
2249
2276
2257
2255
2285
2222
2258
2308
2253
2298
2347
2262
2257
2254
2257
2284
2255
2287
2289
2283
2260
2220
2284
2315
2289
2299
2261
2254
2282
2249
2285
2289
2250
2251
2257
2250
2262
2248
2295
2264
2257
2289
2253
2252
2260
2282
2267
2253
2256
2251
2248
2260
2254
2283
2255
2289
2257
2272
2252
2273
2264
2254
2259
2264
2258
2259
2276
2258
2259
3759
2257
2285
2261
2290
2280
2260
2257
2254
2333
2279
2279
2565
2276
2417
2257
2254
2257
2278
2258
2269
2257
2264
2282
2257
2297
2255
2258
2256
2317
3319
2284
2256
2292
2285
2288
2222
2253
2283
2281
2284
2271
2298
2280
2283
2253
2260
2249
2284
2272
2315
2288
2261
2286
2279
2252
2290
2221
2256
2258
2260
2259
2284
2356
2275
2304
2281
2288
2253
2259
2259
2312
2256
2295
2261
2307
2252
2258
2279
2530
2289
2289
2328
2270
2262
2256
2256
2254
2290
2246
2220
2253
2292
2255
2257
2253
2282
2256
2266
2311
2282
2285
2285
2228
2262
2259
2259
2256
2221
2256
2321
2277
2293
2254
2287
2254
2299
2261
2258
2282
2272
2291
2247
2268
2256
2254
2277
2252
2292
2261
2255
2247
2245
2261
2278
2301
2227
2248
2289
2266
2254
2281
2262
2256
2273
2290
2291
2289
2284
2267
2289
2256
2260
2288
2255
2286
2314
2289
2254
2307
2286
2254
2931
2253
2286
2255
2291
2262
2257
2284
2309
2277
2281
2292
2252
2283
2269
2261
2259
2255
2291
2322
2285
2254
2254
2247
2284
2258
2239
2280
2259
2261
2279
2252
2282
2256
2259
2280
2256
2277
2256
2281
2279
2257
2283
2254
2256
2288
2277
2283
2283
2288
2256
2259
2231
2288
2295
2254
2317
2288
2252
2262
2244
2285
2287
2284
2223
2257
2268
2254
2335
2279
2315
2259
2267
2288
2251
2257
2259
2257
2256
2283
2288
2259
2254
2273
2286
2251
2282
2268
2225
2267
2258
2268
2229
2312
2281
2223
2281
2269
2278
2290
2257
2294
2283
2253
2285
2256
2263
2252
2295
2260
2287
2259
2289
2305
2324
2268
2287
2295
2289
2285
2308
2254
2296
2271
2249
2252
2273
2280
2292
2252
2245
2255
2254
2254
2290
2294
2507
2285
2284
2261
2293
2265
2256
2330
2258
2259
2289
2265
2258
2232
2258
2281
2274
2252
2254
4133
2254
2258
2253
2258
2247
2219
2282
2263
2255
2256
2318
2256
2255
2308
2286
2287
2303
2228
2347
2257
2259
2263
2283
2295
2263
2256
2258
2260
2256
2295
2252
2298
2256
2257
2286
2261
2225
2253
2257
2252
2264
2248
2251
2261
2217
2259
2288
2304
3451
2286
2336
2285
2257
2255
2257
2260
2250
2279
2287
2285
2255
2259
2284
2331
2290
2278
2250
2259
2300
2285
2280
2248
2286
2260
2294
2260
2252
2258
2290
2285
2280
2292
2261
2254
2222
2288
2257
2256
2262
2256
2229
2311
2287
2289
2288
2249
2253
2249
2251
2254
2258
2220
2259
2255
2254
2248
2277
2282
2282
2263
2280
2261
2282
2264
2258
2250
2259
2256
2280
2252
2264
2258
2284
2255
2281
2251
2253
3228
2277
2265
2260
2292
2255
2251
2258
2240
2306
2252
2280
2267
2608
2280
2286
2282
2280
2253
2282
2324
2284
2265
2222
2221
2286
2262
2256
2290
2286
2261
2260
2281
2252
2254
2286
2261
2253
2285
2254
2362
2250
2256
2285
2263
2260
2266
2252
2291
2223
2710
2289
2289
2297
2282
2257
2444
2256
2252
2256
2258
2278
2262
2260
2266
2253
2287
2295
2288
2279
2256
2281
2259
2290
2259
2260
2249
2258
2282
2258
2286
2255
2289
2255
2255
2250
2253
2280
2256
2261
2304
2257
2307
2319
2252
2261
2258
2225
2271
2304
2270
2288
2260
2276
2286
2256
2253
2288
2273
2282
2256
2271
2255
2261
2286
2291
2260
2302
2335
2299
2255
2325
2249
2257
2284
2285
2284
2287
2280
2232
2284
2287
2265
2265
2253
2307
2312
2232
2286
2258
2254
2257
2290
2326
2255
2262
2258
2258
2260
2282
2290
2262
2290
2281
2255
2262
2254
2261
2256
2279
2255
2253
2253
2438
2300
2252
2251
2267
2303
2284
2256
2279
2295
2292
2258
2252
2287
2262
2257
2262
2263
2289
2291
2287
2290
2293
2256
2248
2292
2293
2289
2260
2285
2255
2285
2259
2278
2254
2255
2267
2255
2259
2256
2252
2289
2238
2235
2247
2250
2254
2491
2301
2248
2284
2284
2261
2266
2279
2257
2332
2280
2284
2254
2250
2227
2253
2259
2281
2295
2256
2252
2288
2259
2284
2287
2253
2260
2278
2259
2290
2257
2254
2265
2295
2255
2279
2252
2253
2302
2280
2253
2261
2251
2287
2260
2265
2257
2293
2244
2283
2267
2279
2271
2288
2258
2253
2291
2281
2254
2277
2281
2287
2281
2232
2261
2256
2275
2284
2256
2258
2260
2260
2251
2286
2253
2282
2246
2258
2270
2268
2282
2258
2311
2355
2292
2292
2297
2273
2257
2256
2277
2290
2726
2261
2280
2250
2283
2257
2306
2286
2280
2259
2251
2249
2274
2284
2259
2253
2298
2279
2334
2255
2255
2279
2252
2293
2565
2284
2295
2291
2292
2249
2250
2255
2281
2277
2280
2299
3090
2264
2247
2276
2251
2291
2285
2255
2254
2288
2287
2294
2288
2258
2261
2289
2256
2287
2283
2290
2292
2294
2252
2260
2256
2282
2250
2256
2257
2258
2257
2254
2260
2280
2251
2255
2257
2255
2280
2276
2257
2303
2292
2288
2300
2263
2258
2242
2284
2280
2260
2314
2262
2260
2278
2253
2221
2288
2290
2248
2254
2251
2289
2298
2322
2282
2255
2256
2260
2253
2257
2257
2280
2283
2280
2291
2285
2258
2255
2230
2288
2249
2256
2279
2255
2261
2576
2280
2263
2286
2263
2280
2314
2287
2281
2275
2290
2256
2302
2249
2277
2255
2276
2249
2284
2282
2282
2253
2252
2331
2261
2284
2254
2261
2269
2281
2263
2261
2259
2251
2265
2251
2290
2286
2282
2291
2255
2262
2258
2260
2231
2283
2285
2258
2283
2288
2258
2253
2284
2256
2252
2278
2247
2259
2254
2290
2290
2289
2253
2253
2256
2299
2287
2241
2285
2284
2257
2252
2282
2263
2283
2251
2253
2273
2256
2299
2290
2265
2298
2291
2277
2298
2458
2263
2265
2263
2255
2284
2289
2285
2260
2258
2283
2256
2283
2286
2259
2253
2253
2259
2288
2249
2277
2285
2283
2254
2250
2281
2278
2298
2285
2254
2342
2289
2290
2255
2259
2258
2252
2282
2260
2299
2288
2292
2262
2254
2261
2279
2284
2253
2255
2260
2252
2285
2259
2258
2282
2253
2261
2253
2307
2255
2250
2283
2255
2286
2291
2292
2283
2253
2261
2252
2251
2286
2256
4354
2260
2259
2253
2251
2284
2285
2288
2259
2291
2258
2260
2260
2260
2281
2307
2252
2258
2281
2259
2257
2290
2262
2280
2264
2288
2294
2279
2253
2289
2281
2262
2258
2228
2313
2265
2301
2300
2258
2254
2277
2260
2263
2258
2274
2256
2284
2273
2251
2264
2288
2285
2293
2258
2262
2281
2280
2252
2286
2280
2262
2288
2281
2296
2303
2290
2272
2289
2258
2253
2257
2256
2312
2283
2274
2289
2295
2289
2255
2263
2287
2282
2287
2249
2285
2284
2259
2255
2286
2258
2266
2233
2310
2289
2289
2244
2259
2270
2281
2306
2258
2257
2292
2221
2288
2258
2277
2276
2690
2257
2254
2252
2298
2287
2275
2290
2256
2275
2293
2255
2254
3197
2293
2254
2277
2294
2221
2267
2259
2281
2257
2252
2255
2324
2266
2258
2264
2290
2286
2329
2291
2256
2254
2290
2294
2253
2260
2258
2295
2338
2286
2266
2269
2253
2280
2286
2255
2257
2267
2245
2252
2260
2253
2326
2227
2253
2278
2250
2254
2254
2264
2297
2259
2298
2221
2262
2293
2282
2283
2261
2255
2284
2254
2279
2271
2289
2267
2313
2288
2277
2258
2252
2319
2274
2258
2248
2256
2251
2305
2276
2260
2278
2296
2288
2257
2290
2252
2259
2295
2285
2265
2290
2253
2272
2307
2261
2243
2277
2252
2307
2256
2261
2262
2469
2286
2284
2306
2258
2255
2255
2224
2301
2244
2291
2253
2258
2310
2930
2260
2258
2300
2278
2293
2314
2315
2257
2283
2232
2297
2262
2262
2244
2258
2263
2281
2302
2255
2222
2286
2257
2254
2231
2257
2255
2280
2256
2286
2301
2274
2284
2254
2293
2280
2281
2287
2247
2287
2253
2258
2281
2260
2246
2262
2285
2283
2255
2253
2289
2287
2286
2254
2256
2260
2282
2291
2278
2316
2237
2257
2262
2231
2287
2303
2293
2311
2264
2250
2256
2281
2282
2256
2229
2260
2285
2259
2290
2294
2286
2290
2265
2256
2301
2256
2294
2260
2292
2291
2296
2250
2297
2259
2249
2253
2288
2265
2316
2259
2248
2256
2251
2283
2296
2217
2255
2342
2290
2255
2390
2292
2291
2405
2297
2258
2940
2275
2254
2231
2306
2252
2278
2257
2246
2290
2285
2262
2257
2229
2287
2299
2246
2281
2251
2306
2284
2274
2279
2261
2284
2266
2256
2254
2261
2255
2254
2281
2269
2259
2280
2296
2313
2278
2252
2285
2271
2286
2248
2288
2258
2308
2256
2350
2245
2284
2262
2289
2286
2295
2262
2325
2288
2297
2305
2259
2255
2257
2256
2255
2339
2311
2258
2268
2254
2252
2293
2299
2295
2265
2268
2341
2256
2257
2281
2255
2255
2289
2263
2259
2252
2320
2255
2260
2958
2253
2290
2263
2277
2255
2318
2254
2287
2291
2252
2253
2257
2258
2276
2284
2294
2279
2260
2252
2304
2289
2254
2287
2285
2291
2273
2290
2282
2280
2255
2286
2229
2250
2258
2296
2306
2257
2253
2247
2284
2259
2292
2298
2302
2258
2257
2259
2271
2252
2229
2259
2306
2283
2278
2264
2740
2241
2255
2252
2287
2263
2298
2325
2281
2285
2254
2298
2257
2264
2274
2280
2254
2263
2257
2253
2307
2250
2289
2272
2287
2281
2285
2302
2239
2284
2287
2282
2291
2331
2252
2251
2283
2252
2260
2250
2299
2256
2265
2289
2281
2293
2277
2266
2261
2253
2249
2254
2290
2258
2299
2258
2278
2272
2261
2285
2258
2254
2259
2258
2316
2257
2253
2288
2284
2256
2288
2315
2250
2300
2283
2260
2256
2257
2277
2284
2287
2252
2254
2293
2328
2912
2277
2287
2255
2247
2252
2285
3086
2259
2292
2256
2277
2287
2262
2293
2285
2258
2256
2233
2281
2251
2284
2255
2259
2288
2282
2258
2287
2267
2226
2257
2258
2257
2264
2320
2262
2287
2253
2262
2265
2276
2258
2342
2284
2292
2270
3278
2260
2259
2217
2283
2279
2288
2305
2256
2255
2271
2291
2261
2287
2283
2256
2244
2250
2257
2252
2282
2286
2250
2279
2285
2257
2245
2285
2252
2252
2257
2285
2308
2333
2321
2353
2256
2278
2249
2262
2267
2252
2251
2291
2255
2258
2295
2285
2255
2260
2258
2275
2258
2288
2275
2253
2288
2252
2256
2294
2292
2291
2253
2258
2289
2257
2291
2271
2255
2253
2258
2284
2299
2288
2257
2276
2258
2294
2278
2255
2454
2252
2260
2256
2309
2281
2281
2291
2356
2285
2258
2283
2262
2256
2310
2279
2258
2286
2255
2287
2250
2259
2256
2259
2256
2252
2280
2272
2300
2310
2260
2272
2262
2258
2253
2264
2291
2285
2261
2280
2282
2260
2254
2280
2289
2255
2289
2326
2255
2252
2251
2265
2285
2250
2284
2229
2278
3125
2262
2259
2266
2253
2262
2262
2250
2258
2278
2282
2257
2305
2256
2257
2293
2253
2288
2254
2448
2261
2282
2251
2282
2250
2233
2257
2258
2284
2452
2288
2259
2245
2283
2284
2255
2282
2289
2280
2253
2294
2253
2256
2260
2284
2316
2273
2258
2260
2259
2263
2298
2256
2286
2619
2286
2319
2314
2279
2269
2248
2249
2265
2225
2251
2283
2256
2283
2397
2256
2257
2295
2261
2259
2263
2250
2257
2250
2260
2256
2313
2260
2261
2250
2250
2251
2978
2288
2294
2286
2286
2259
2284
2279
2291
2282
2252
2286
2284
2256
2252
2295
2258
2304
2285
2258
2267
2310
2260
2258
2280
2275
2258
2252
2256
2253
2258
2293
2259
3118
2289
2259
2286
2280
2284
2702
2292
2252
2247
2280
2276
2257
2269
2251
2259
2677
2277
2262
2259
2287
2301
2259
2228
2295
2254
2288
2253
2254
2282
2307
2262
2256
2263
2297
2294
2290
2258
2297
2255
2249
2292
2311
2250
2216
2259
2256
2214
2286
2291
2290
2261
2256
2256
2253
2286
2284
2285
2278
2284
2251
2282
2278
2283
2283
2538
2270
2283
2284
2280
2263
2249
2285
2257
2255
2292
2284
2261
2284
2252
2285
2277
2284
2258
2258
2259
2260
2263
2286
2293
2283
2259
2251
2255
2255
2253
2253
2288
2279
2288
2258
2285
2256
2287
2263
2268
2270
2290
2280
2252
2284
2262
2270
2264
2259
2309
2250
2282
2254
2283
2288
2264
2285
2246
2261
2262
2250
2283
2289
2296
2267
2254
2257
2233
2290
2256
2345
2228
2288
2279
2291
2252
2254
2305
2262
2263
2258
2291
2325
2255
2274
2323
2256
2261
2257
2290
2301
2261
2301
2283
2286
2253
2253
2257
2255
2284
2285
2280
2295
2264
2252
2256
2271
2258
2289
2251
2289
2258
2255
2282
2260
2268
2256
2256
2285
2256
2257
2258
2259
2227
2285
2288
2289
2252
2259
2309
2290
2256
2249
2256
2508
2289
2253
2260
2795
2291
2297
2295
2257
2281
2287
2255
2297
2256
2257
2281
2250
2261
2262
2278
2249
2283
2261
2257
2262
2287
2257
2279
2257
2258
2294
2251
2262
2260
2258
2252
2256
2252
2281
2291
2289
2291
2286
2285
2255
2323
2262
2256
2252
2281
2290
2287
2268
2285
2289
2273
2291
2265
2298
2223
2268
2256
2231
2253
2344
2271
2256
2288
2263
2292
2258
2348
2286
2259
2293
2283
2287
2251
2288
2247
2251
2255
2300
2253
2255
2256
2262
2287
2258
2294
2282
2225
2309
2247
2258
2258
2254
2257
2247
2256
2287
2254
2252
2253
2259
2294
2262
2293
2303
2280
2260
2282
2265
2268
2281
2264
2286
2283
2259
2287
2288
2305
2389
2249
2247
2262
2259
2250
2288
2256
2265
2228
2253
2252
2252
2333
2256
2281
2252
2249
2264
2348
2512
2306
2286
2216
2286
2257
2720
2246
2266
2257
2277
2272
2223
2257
2235
2275
2229
2248
2278
2281
2277
2277
2253
2255
2292
2286
2297
2295
2262
2218
2303
2264
2306
2253
2282
2290
2281
2259
2252
2290
2272
2279
2273
2292
2281
2285
2234
2282
2294
2263
2264
2258
2280
2287
2294
2281
2258
2282
2286
2354
2277
2300
2255
2259
2280
2255
2276
2296
2256
2304
2257
2259
2256
2267
2251
2329
2253
2284
2304
2279
2253
2253
2284
2253
2252
2253
2287
2284
2282
2296
2252
2260
2261
2254
2280
2284
2219
2284
2256
2254
2882
2278
2258
2225
2285
2286
2280
2264
2287
2250
2254
2265
2267
2280
2266
2250
2287
2289
2260
2255
2264
2258
2269
2280
2264
2246
2287
2283
2261
2259
2282
2287
2258
2291
2283
2289
2277
2249
2259
2292
2297
2291
2280
2280
2273
2254
2256
2260
2258
2295
2360
2249
2265
2289
2309
2255
2280
2258
2289
2265
2286
2257
2252
2287
2301
2279
2255
2274
2265
2276
2252
2277
2290
2261
2286
2296
2283
2253
2263
2225
2287
2286
2260
2287
2258
2285
2263
2252
2289
2282
2255
2279
2294
2279
2281
2275
2222
2307
2258
2453
2259
2258
2286
2254
2294
2260
2260
2282
2284
2288
2252
2259
2281
2259
2272
2257
2284
2279
2277
2338
2297
2311
2261
2278
2280
2290
2257
2259
2282
2298
2296
2275
2286
2283
2270
2282
2289
2254
2283
2256
2285
2256
2249
2253
2279
2283
2257
2249
2257
2265
2257
2260
2281
2315
2283
2333
2262
2267
2257
2250
2264
2276
2258
2263
2284
2250
2293
2260
2314
2941
2253
2257
2311
2281
2280
2255
2262
2262
2282
2283
2309
2261
2262
2285
2289
2284
2293
2266
2288
2257
2288
2288
2287
2292
2290
2257
2229
2405
2258
2276
2254
2295
2273
2269
2251
2301
2285
2285
2258
2324
2279
2253
3395
2260
2907
2292
2258
2259
2270
2311
2267
2254
2309
2255
2251
2235
2263
2287
2290
2292
2260
2278
2245
2252
2296
2255
2289
2258
2259
2260
2295
2318
2257
2271
2294
2258
2264
2259
2259
2287
2298
2298
2251
2260
2281
2262
2259
2283
2280
2279
2258
2256
2268
2288
2249
2284
2255
2251
2304
2221
2254
2293
2261
2266
2249
2293
2282
2256
2254
2256
2288
2257
2288
2278
2278
2271
2261
2253
2338
2284
2284
2265
2257
2275
2261
2254
2254
2283
2330
2284
2294
2288
2263
2261
2252
2257
2253
2292
2337
2253
2261
2284
2257
2319
2225
2284
2260
2250
2277
2274
2252
2261
2255
2256
2320
2256
2283
2253
2290
2247
2293
2282
2283
2246
2264
2261
2316
2253
2261
2260
2255
2305
2260
2226
2314
2287
2287
2261
2279
2261
2272
2280
2254
2257
2309
2258
2267
2257
2283
2274
2282
2227
2256
2246
2316
2250
2286
2282
2251
2262
2292
2265
2258
2288
2257
2259
2227
2251
2258
2284
2288
2257
2256
2269
2259
2292
2291
2279
2253
2254
2254
2320
2270
2304
2259
2282
2253
2262
2254
2278
2439
2252
2255
2312
2278
2274
2285
2274
2276
2249
2280
2308
2288
2296
2284
2257
2282
2285
2253
2257
2263
2260
2248
2283
2281
2262
2253
2981
2249
2254
2291
2259
2262
2331
2252
2257
2258
2252
2258
2255
2255
2254
2258
2259
2260
2255
2275
2260
2250
2253
2259
2249
2247
2254
2254
2253
2256
2256
2319
2290
2281
2276
2251
2257
2289
2288
2283
2286
2255
2262
2293
2262
2268
2252
2257
2255
2272
2231
2264
2303
2301
2264
2262
2256
2286
2254
2255
2280
2253
2251
2258
2257
2258
2251
2255
2233
2265
2267
2256
2255
2260
2256
2252
2254
2258
2283
2346
2289
2281
2258
2260
2285
2300
2257
2286
2296
2285
2274
2278
2283
2252
2262
2285
2252
2253
2295
2252
2309
2279
2276
2280
2288
2300
2250
2260
2255
2256
2318
2261
2310
2255
2254
2250
2252
2283
2288
2266
2292
2219
2277
2256
2255
2257
2294
2252
2282
2275
2291
2286
2272
2278
2250
2274
2279
2281
2290
2316
2836
2258
2263
2261
2270
2291
2260
2281
2301
2254
2252
2255
2262
2254
2258
2283
2288
2250
2258
2261
2296
2252
2257
2286
2294
2290
2260
2295
2252
2311
2283
2292
2277
2273
2308
2266
2255
2220
2299
2289
2283
2263
2262
2284
2291
2271
2285
2260
2253
2251
2302
2277
2272
2260
2283
2250
2259
2253
2285
2335
2257
2285
2284
2261
2264
2283
2322
2287
2288
2268
2257
2263
2274
2283
2253
2264
2297
2314
2293
2272
2287
2253
2269
2278
2246
2250
2248
2285
2256
2260
2261
2261
2253
2255
2254
2300
2294
2252
2277
2281
2264
2255
2256
2279
2258
2277
2260
2252
2262
2257
2294
2256
2256
2271
2285
2288
2257
2250
2287
2255
2252
2280
2281
2259
2290
2286
2287
2253
2248
2272
2219
2283
2280
2287
2289
2260
2264
2254
2284
2277
2274
2254
2254
2255
2261
2258
2299
2286
2261
2247
2253
2311
2299
2258
2281
2258
2257
2280
2279
2259
2287
2288
2286
2284
2290
2252
2280
2287
2254
2258
2251
2296
2254
2308
2262
2254
2258
2336
2258
2252
2278
2256
2287
2282
2285
2286
2287
2341
2277
2282
2263
2259
2277
2322
2286
2251
2255
2279
2255
2249
2243
2266
2256
2257
2233
2289
2251
2279
2294
2220
2252
2261
2256
2282
2253
2292
2290
2284
2287
2256
2256
2282
2276
2283
2284
2256
2283
2254
2301
2259
2259
2260
2251
2251
2257
2798
2250
2254
2245
2267
2857
2290
3349
2287
2224
2308
2280
2260
2285
2257
2257
2287
2252
2250
2292
2270
2251
2281
2290
2251
2296
2246
2279
2293
2259
2256
2292
2285
2280
2261
2289
2285
2263
2287
2267
2280
2259
2258
2251
2256
2281
2262
2264
2283
2265
2262
2256
2258
2291
2337
2293
2275
2296
2261
2255
2260
2246
2252
2271
2252
2250
2251
2251
2259
2259
2292
2281
2249
2306
2267
2264
2251
2291
2261
2302
2285
2280
2283
2288
2284
2281
2260
2284
2254
2261
2295
2253
2295
2276
2255
2256
2284
2293
2253
2284
2275
2259
2310
2247
2255
2263
2292
2253
2263
2301
2288
2288
2286
2252
2259
2252
2252
2252
2281
2307
2256
2291
2292
2277
2279
2250
2283
2259
2658
2289
2259
2521
2256
2290
2250
2299
2248
2256
2356
2297
2356
2255
2255
2255
2253
2279
2289
2293
2328
2252
2256
2252
2255
2258
2254
2249
2289
2329
2297
2308
2271
2276
2284
2293
2258
2261
2257
2286
2261
2250
2257
2275
2260
2265
2265
2284
2257
2249
2250
2272
2252
2296
2295
2524
2287
2278
2296
2288
2258
2289
2290
2232
2257
2258
2285
2255
2280
2339
2243
2260
2258
2248
2259
2262
2252
2282
2263
2295
2259
2285
2254
2257
2313
2258
2251
2261
2283
2305
2246
2254
2284
2278
2275
2267
2263
2260
2262
2281
2272
2256
2254
2664
2260
2278
2259
2296
2302
2277
2287
2263
2283
2286
2283
2247
2253
2285
2214
2255
2287
2253
2260
2280
2258
2264
2257
2253
2297
2255
2261
2296
2255
2290
2282
2260
2231
2280
2257
2254
2281
2250
2254
2277
2259
2282
2289
2252
2254
2221
2669
2257
2306
2340
2256
2263
2256
2261
2286
2257
2259
2275
2276
2265
2257
2287
2287
2262
2254
2255
2433
2254
2220
2247
2274
2274
2252
2283
2292
2294
2291
2253
2219
2253
2252
2291
2298
2601
2260
2288
2285
2285
2254
2255
2261
2302
2256
2291
2282
2319
2251
2286
2246
2257
2252
2257
2288
2297
2255
2244
2232
2289
2250
2284
2262
2276
2283
2284
2257
2268
2310
2263
2253
2250
2251
2299
2262
2255
2258
2282
2260
2256
2247
2287
2258
2291
2283
2283
2280
2261
2285
2246
2225
2300
2283
2285
2296
2257
2257
2256
2256
2342
2279
2292
2262
2263
2231
2255
2268
2288
2259
2250
2273
2306
2283
2255
2308
2264
2315
2228
2257
2256
2275
2300
2256
2257
2251
2251
2262
2261
2284
2284
2285
2251
2255
2288
2286
2255
2261
2290
2259
2277
2293
2259
2283
2249
2278
2278
2281
2250
2258
2276
2284
2275
2284
2279
2257
2286
2284
2307
2280
2290
2279
2284
2261
2284
2295
2288
2281
2252
2265
2261
2284
2289
2284
2256
2256
2300
2279
2260
2256
2321
2292
2282
2264
2294
2255
2264
2278
2963
2269
2255
2248
2282
2289
2223
2251
2287
2259
2236
2286
2296
2256
2259
2288
2253
2293
2280
2284
2276
2260
2259
2253
2250
2263
2278
2251
2286
2280
2263
2256
2285
2256
2258
2290
2265
2284
2259
2279
2260
2289
2264
2252
2281
2283
2292
2255
2280
2278
2255
2258
2255
2266
2251
2255
2275
2289
2533
2254
2297
2258
2257
2277
2267
2256
2260
2285
2256
2248
2270
2254
2259
2252
2279
2249
2290
2260
2285
2255
2266
2311
2257
2252
2287
2255
2258
2420
2255
2264
2284
2282
2289
2310
2302
2287
2259
2296
2249
2287
2279
2279
2261
2286
2262
2294
2281
2284
2256
2276
2258
2259
2252
2255
2283
2256
2262
2257
2268
2258
2251
2257
2282
2290
2255
2282
2361
2261
2277
2285
2347
2261
2290
2258
2265
2279
2261
2292
2290
2254
2252
2258
2257
2254
2221
2285
2256
2291
2306
2295
2282
2278
2284
2294
2287
2256
2263
2293
2224
2282
2269
2286
2256
2228
2274
2293
2263
2268
2253
2288
2251
2264
2246
2286
2300
2255
2294
2256
2282
2285
2254
2257
2293
2342
2311
2299
2262
2260
2252
2261
2257
2293
2270
2254
2261
2285
2275
2281
2261
2280
2285
2284
2287
2262
2707
2290
2258
2257
2255
2260
2256
2256
2292
2261
2280
2257
2292
2282
2312
2288
2285
2262
2258
2256
2279
2254
2254
2286
2290
2283
2259
2227
2261
2254
2254
2267
2260
2256
2256
2277
2287
2255
2256
2285
2284
2253
2273
2286
2259
2259
2257
2287
2253
2262
2297
2259
2286
2285
2485
2256
2256
2298
2313
2254
2275
2250
2251
2281
2254
2291
2254
2256
2258
2255
2247
2300
2290
2259
2264
2291
2286
2259
2287
2254
2258
2262
2291
2339
2258
2248
2249
2253
2252
2297
2290
2252
2280
2268
2282
2258
2224
2282
2286
2223
2260
2235
2255
2281
2257
2280
2255
2265
2275
2257
2260
2249
2229
2309
2289
2222
2299
2294
2265
2259
2253
2259
2230
2257
2260
2363
2266
2283
2227
2301
2270
2282
2260
2259
2251
2249
2252
2248
2257
2286
2292
2258
2304
2257
2256
2261
2342
2414
2255
2258
2289
2256
2257
2287
2276
3374
2263
2275
2277
2289
2221
2254
2300
2217
2271
2261
2258
2257
2292
2289
2287
2280
2291
2250
2288
2287
2253
2285
2255
2256
2269
2274
2283
2255
2253
2251
2301
2255
2251
2305
2247
2285
2292
2242
2297
2290
2323
2255
2286
2259
2459
2252
2298
2254
2290
2262
2259
2297
2285
2259
2260
2296
2284
2257
2312
2297
2293
2298
2259
2261
2330
2220
2286
2225
2297
2301
2253
2253
2286
2262
2275
2287
2256
2288
2258
2293
2260
2256
2268
2282
2295
2271
2287
2260
2255
2292
2256
2250
2285
2228
2288
2285
2251
2257
2286
2261
2281
2254
2254
2309
2264
2254
2287
2257
2220
2284
2431
2282
2280
2288
2273
2265
2287
2243
2253
2285
2273
2287
2224
2647
2272
2267
2256
2254
2286
2251
2256
2255
2252
2255
2281
2262
2258
2291
2256
2291
2290
2286
2282
2301
2262
2257
2252
2255
2279
2251
2258
2252
2257
2283
2278
2283
2258
2283
2285
2257
2251
2258
2292
2253
2295
2278
2252
2259
2281
2258
2312
2292
2286
2266
2221
2318
2254
2323
2280
2244
2280
2275
2263
2284
2286
2344
2259
2256
2257
2284
2310
2257
2257
2228
2272
2282
2288
2262
2254
2287
2253
2247
2253
2278
2277
2282
2294
2257
2285
2249
2273
2258
2295
2228
2282
2269
2252
2267
2300
2287
2265
2287
2263
2251
2254
2283
2285
2257
2284
2292
2258
2265
2304
2250
2256
2286
2243
2288
2274
2278
2253
2252
2277
2283
2255
2288
2231
2337
2296
2252
2287
2303
2278
2254
2260
2245
2280
2278
2253
2281
2284
2259
2256
2255
2253
2228
2289
2255
2254
2267
2255
2248
2289
2256
2263
2257
2280
2262
2250
2291
2281
2291
2250
2251
2264
2254
2256
2255
2251
2289
2289
2259
2254
2263
2294
2248
2309
2259
2259
2288
2275
2252
2256
2264
2261
2254
2230
2257
2249
2258
2284
2320
2257
2260
2249
2260
2270
2255
2257
2294
2256
2254
2276
2255
2885
2264
2256
2286
2320
2288
2260
2265
2287
2250
2289
2257
2257
2284
2257
2299
2289
2299
2289
2258
2254
2337
2262
2305
2261
2291
2260
2283
2222
2251
2288
2283
2219
2261
2259
2287
2254
2309
2278
2230
2283
2288
2255
2323
2259
2280
2280
2258
2291
2260
2289
2263
2247
2285
2252
2287
2302
2256
2256
2258
2291
2258
2228
2279
2271
2259
2937
2279
2269
2287
2262
2258
2290
2303
2294
2262
2319
2285
2285
2257
2261
2307
2262
2282
2301
2265
3161
2262
2277
2303
2381
2287
2289
2250
2298
2257
2226
2302
2310
2292
2256
2277
2297
2286
2256
2284
2278
2258
2266
2261
2300
2260
2224
2285
2258
2300
2289
2277
2296
2293
2264
2258
2249
2308
2292
2301
2287
2251
2266
2262
2278
2259
2260
2314
3427
2253
2255
2298
2286
2259
2285
2296
2285
2267
2233
2592
2257
2283
2289
2253
2280
2255
2298
2278
2287
2255
2253
2278
2277
2285
2286
2284
2297
2289
2282
2251
2251
2253
2255
2275
2289
2254
2260
2256
2277
2254
2276
2911
2288
2259
2282
2268
2254
2260
2296
2286
2221
2257
2259
2253
2282
2252
2659
2293
2253
2284
2284
2283
2286
2283
2283
2287
2265
2361
2260
2316
2254
2280
2254
2252
2271
2252
2248
2259
2253
2256
2287
2289
2260
2297
2253
2254
2282
2257
2286
2252
2255
2262
2282
2289
2262
2291
2301
2259
2282
2287
2274
2284
2273
2251
2260
2288
2255
2286
2252
2258
2335
2259
2277
2292
2254
2288
2251
2262
2297
2296
2287
2226
2262
2256
2222
2287
2251
2283
2251
2248
2254
2280
2256
2297
2289
2258
2291
2257
2280
2280
2222
2254
2299
2263
2289
2255
2311
2278
2257
2274
2263
2259
2265
2291
2286
2282
2264
2281
2293
2260
2250
2284
2282
2258
2290
2282
2251
2260
2286
2299
2287
2266
2270
2259
2285
2257
2220
2259
2275
2280
2219
2274
2254
2256
2260
2256
2260
2253
2260
2286
2259
2257
2252
2221
2283
2287
2309
2281
2255
2278
2282
2284
2251
2250
2249
2250
2256
2288
2265
2289
2298
2256
2255
2291
2253
2259
2295
2249
2288
2293
2258
2264
2254
2297
2279
2288
2261
2236
2272
2278
2291
2285
2286
2255
2276
2297
2310
2261
2260
2295
2256
2644
2291
2281
2258
2259
2254
2247
2259
2314
2283
2301
2259
2332
2289
2310
2288
2256
2262
2259
2259
2252
2259
2214
2286
2260
3941
2736
2261
2256
2257
2263
2310
2259
2284
2256
2339
2258
2277
2256
2248
2259
2257
2256
2287
2261
2350
2245
2255
2284
2253
2229
2255
2256
2252
2277
2259
2256
3000
2287
3152
2259
2296
2262
2250
2255
2292
2286
2261
2286
2256
2293
2250
2269
2307
2295
2260
2253
2248
2283
2259
2254
2221
2285
2267
2256
2258
2286
2290
2291
2256
2287
2259
2255
2267
2280
2279
2277
2299
2225
2267
2250
2255
2260
2303
2294
2302
2251
2285
2252
2254
2267
2290
2273
2280
2281
2256
2289
2261
2262
2263
2232
2246
2285
2250
2285
2259
2255
2267
2265
2292
2259
2281
2293
2255
2254
3737
2334
2282
2255
2250
2256
2260
2258
2291
2288
2250
2297
2254
2285
2256
2261
2283
2298
2257
2260
2249
2283
2287
2288
2251
2233
2284
2258
2286
2266
2289
2255
2240
2258
2294
2257
2286
2286
2262
2258
2260
2291
2276
2282
2256
2276
2292
2257
2261
2535
2258
2259
2254
2282
2258
2254
2282
2284
2248
2243
2257
2287
2250
2297
2253
2224
2261
2285
2302
2259
2226
2255
2276
2256
2223
2331
2260
2283
2257
2253
2255
2258
2287
2256
2253
2254
2260
2326
2259
2289
2258
2282
2282
2268
2313
2346
2281
2307
2280
2250
2257
2294
2283
2262
2291
2283
2256
2256
2281
2292
2277
2255
2254
2245
2294
2288
2259
2279
2291
2288
2283
2265
2253
2227
2281
2296
2248
2257
2253
2297
2285
2254
2245
2359
2278
2285
2273
2259
2258
2258
2247
2256
2258
2262
2284
2251
2256
2259
2292
2292
2248
2256
2261
2260
2257
2300
2345
2263
2283
2250
2289
2292
2324
2307
2252
2259
2264
2262
2287
2261
2260
2283
2251
2285
2259
2253
2256
2257
2282
2293
2276
2290
2346
2252
2293
2254
2253
2284
2311
2282
2260
2254
2251
2289
2287
2286
2285
2317
2287
2252
2252
2226
2305
2258
2258
2290
2398
2258
2251
2260
2267
2255
2282
2280
2282
2289
2257
2269
2283
2307
2286
2258
2258
2256
2295
2266
2261
2279
2252
2305
2252
2282
2294
2261
2247
2271
2250
2285
2262
2256
2261
2253
2353
2257
2297
2259
2263
2281
2282
2251
2276
2284
2285
2288
2254
2274
2257
2253
2257
2252
2274
2515
2230
2250
2261
2247
2254
2281
2290
2284
2314
2249
2260
2257
2270
2254
2251
2290
2286
2273
2295
2290
2261
2262
2255
2260
2258
2257
2260
2284
2262
2284
2281
2258
2250
2255
2255
2282
2257
2262
2281
2283
2289
2287
2295
2249
2285
2256
2247
2283
2264
2275
2275
2253
2266
2261
2258
2282
2257
2249
2283
2231
2254
2278
2294
2254
2326
2281
2281
2272
2323
2256
2296
2260
2283
2255
2251
2256
2277
2262
2296
2284
2279
2280
2253
2307
2249
2254
2251
2244
2260
2228
2260
2250
2250
2252
2252
2267
2291
2256
2279
2285
2253
2284
2290
2263
2256
2294
2278
2259
2282
2247
2253
2292
2254
2294
2301
2254
2265
2265
2256
2259
2280
2284
2268
2273
2335
2299
2255
2288
2282
2248
2291
2251
2254
2296
2288
2280
2250
2357
2306
2305
2286
2249
2253
2255
2264
2290
6525
2251
2257
2287
2275
2305
2262
2260
2282
2281
2252
2254
2291
2233
2258
2282
2283
2248
2226
2254
2287
2285
2251
2279
2224
2251
2293
2286
2256
2256
2252
2269
2264
2264
2258
2259
2284
2263
2254
2257
2289
2252
2290
2257
2285
2292
2353
2291
2332
2263
2255
2321
2245
2275
2289
2256
2252
2314
2258
2260
2272
2251
2280
2260
2273
2254
2262
2259
2255
2284
2253
2482
2251
2290
2253
2257
2293
2257
2246
2286
2286
2316
2258
2256
2279
2249
2306
2248
2259
2259
2255
2282
2260
2290
2260
2253
2274
2258
2255
2282
2279
2282
2281
2280
2250
2278
2255
2255
2291
2214
2254
2291
2288
2285
2284
2255
2258
2294
2246
2258
2284
2258
2290
2264
2307
2284
2272
2280
2259
2287
2285
2289
2290
2234
2255
2301
2299
2287
2282
2259
2353
2283
2283
2280
2252
2284
2257
2258
2252
2283
2255
2285
2299
2293
2252
2251
2296
2294
2249
2300
2312
2258
2220
2258
2255
2276
2269
2250
2257
2247
2256
2254
2256
2255
2293
2257
2284
2278
2263
2256
2263
2241
2287
2265
2254
2281
2250
2263
2252
2285
2290
2286
2256
2260
2282
2227
2284
2290
2256
2279
2252
2250
2273
2251
2266
2262
2264
2277
2248
2254
2222
2243
2291
2315
2251
2253
2306
2284
2273
2281
2266
2285
2285
2303
2284
2253
2282
2291
2259
2282
2262
2280
2255
2285
2258
2281
2258
2255
2371
2252
2283
2305
2255
2254
2263
2257
2257
2268
2290
2259
2264
2259
2256
2273
2289
2294
2282
2252
2230
2270
2276
2283
2246
2225
2287
2250
2289
2255
2293
2260
2254
2282
2257
2281
2282
2256
2286
2298
2252
2250
2259
2283
2252
2285
2282
2281
2260
2257
2257
2232
2447
2291
2290
2281
2280
2255
2251
2279
2257
2254
2252
2527
2257
2260
2260
2275
2253
2253
2218
2254
2265
2286
2303
2230
2288
2289
2314
2219
2290
2313
2283
2254
2288
2257
2281
2251
2230
2298
2253
2296
2302
2322
2257
2250
2254
2223
2359
2216
2312
2284
2254
2256
2253
2258
2292
2258
2296
2253
2256
2284
2307
2256
2256
2305
2305
2281
2238
2258
2257
2256
2285
2289
2226
2258
2256
2286
2254
2291
2279
2280
2290
2257
2265
2283
2296
2286
2283
2292
2263
2255
2255
2259
2281
2266
2253
2263
2252
2280
2255
2255
2259
2255
2252
2259
2262
2267
2255
2297
2254
2286
2247
2291
2276
2289
2252
2273
2258
2252
2259
2271
2258
2250
2278
2252
2265
2260
2257
2261
2283
2256
2287
2283
2250
2258
2302
2283
2250
2256
2249
2255
2272
2247
2250
2252
2260
2257
3119
2524
2301
2249
2228
2280
2297
2317
2291
2280
2279
2254
2259
2257
2258
2256
2259
2255
2256
2255
2283
2259
2265
2279
2279
2226
2247
2253
2223
2253
2255
2280
2255
2251
2260
2255
2284
2252
2226
2261
2289
2256
2261
2261
2254
2258
2286
2264
2255
2290
2258
2263
2255
2282
2251
2249
2253
2284
2259
2248
2284
2288
2291
2256
2255
2280
2253
2254
2262
2243
2256
2255
2281
2301
2295
2309
2246
2253
2333
2256
2284
2258
2255
2259
2282
2263
2254
2252
2283
2260
2320
2320
2275
2284
2271
2288
2252
2274
2252
2276
2279
2305
2265
2252
2287
2255
2328
2299
2268
2252
2289
2254
2256
2260
2257
2259
2290
2286
2262
2978
2258
2289
2253
2260
2256
2264
2273
2287
2223
2261
2319
2279
2250
2260
2251
2274
2281
2224
2259
2279
2249
2256
2256
2281
2247
2285
2288
2260
2253
2258
2283
2298
2255
2261
2248
2337
2904
2256
2293
2248
2220
2267
2252
2280
2249
2263
2281
2281
2282
2287
2257
2255
2239
2258
2287
2300
2264
2291
2251
2256
2284
2258
2259
2251
2263
2250
2261
2278
2258
2293
2227
2281
2286
2250
2281
2274
2251
2274
2269
2274
2260
2258
2257
2290
2287
2262
2284
2261
2278
2277
2298
2253
2271
2259
2277
2222
2285
2255
2284
2284
2256
2260
2284
2293
2316
2260
2289
2255
2251
2256
2290
2257
2293
2275
2468
2256
2276
2296
2262
2253
2283
2284
2271
2287
2290
2287
2246
2275
2252
2254
2250
2229
2287
2230
2279
2256
2288
2276
2288
2310
2256
2256
2252
2283
2285
2282
2320
2253
2255
2283
2251
2256
2268
2273
2319
2305
2287
2283
2299
2347
2259
2249
2232
2256
2286
2258
2284
2264
2286
2288
2255
2255
2291
2253
2258
2429
2256
2261
2259
2307
2273
2282
2255
2259
2230
2260
2302
2256
2314
2262
2252
2308
2247
2254
2259
2253
2254
2264
2264
2258
2257
2285
2286
2283
2296
2253
2279
2252
2254
2287
2299
2279
2257
2270
2249
2313
2257
2257
2271
2295
2231
2248
2222
2288
2280
2287
2297
2265
2264
2255
2278
2256
2255
2254
2300
2294
2294
2262
2281
2255
2278
2251
2263
2286
2262
2289
2259
2247
2256
2287
2264
2255
2279
2276
2282
2290
2258
2282
2291
2290
2290
2254
2270
2217
2256
2256
2261
2274
2288
2289
2265
2280
2248
2279
2252
2297
2257
2259
2294
2253
2282
2254
2286
2253
2290
2255
2286
2262
2290
2273
2274
2253
2313
2254
2283
2256
2260
2256
2328
2261
2281
2248
2257
2274
2246
2254
2284
2258
2257
2278
2288
2257
2279
2290
2253
2258
2260
2258
2294
2338
2306
2253
2281
2293
2254
2251
2259
2297
2263
2284
2302
2337
2248
2229
2258
2282
2261
2273
2225
2257
2224
2247
2287
2253
2255
2289
2255
2286
2254
2287
2281
2255
2292
2256
2256
2288
2259
2260
2288
2256
2253
2277
2289
2264
2260
2217
2280
2249
2290
2301
2271
2249
2253
2294
2291
2248
2254
2265
2286
2260
2288
3404
2287
2291
2267
2286
2261
2251
2260
2285
2290
2286
2256
2232
2259
2265
2264
2260
2248
2281
2257
2283
2276
2258
2283
2252
2276
2279
2254
2281
2268
2282
2258
2280
2291
2257
2281
2256
2924
2279
2253
2855
2286
2286
2274
2286
2260
2271
2255
2285
2282
2253
2286
2295
2223
2256
2294
2249
2305
2250
2314
2276
2296
2287
2256
2255
2275
2267
2260
2255
2256
2258
2291
2279
2278
2244
2255
2257
2287
2262
2279
2279
2279
2309
2280
2282
2286
2256
2260
2265
2280
2292
2254
2259
2259
2281
2259
2256
2252
2279
2254
2282
2252
2252
2301
2259
2262
2271
2255
2276
2280
2295
2216
2258
2264
2279
2286
2258
2258
2264
2261
2309
2269
2282
2250
2255
2268
2253
2260
2263
2258
2256
2289
2260
2256
2281
2257
2263
2258
2283
2333
2259
2251
2254
2265
2253
2258
2272
2261
2297
2325
2254
2322
2298
2317
2255
2282
2257
2254
2490
2263
2259
2290
2326
2229
2252
2261
2289
2274
2274
2261
2258
2258
2286
2261
2260
2263
2305
2259
2253
2254
2301
2277
2286
2220
2252
2299
2284
2260
2261
2292
2254
2257
2256
2285
2283
2258
2263
2282
2263
2268
2292
2299
2260
2282
2253
2260
2252
2252
2285
2256
2280
2283
2257
2262
2284
2295
2261
2281
2258
2249
2250
2286
2284
2290
2217
2258
2288
2254
2255
2248
2287
2283
2255
2281
2281
2286
2285
2255
2251
2252
2245
2249
2276
2338
2252
2253
2283
2280
2287
2294
2282
2257
2263
2261
2256
2248
2278
2285
2310
2279
2229
2277
2282
2345
2258
2259
2281
2254
2254
2258
2254
2281
2293
2251
2256
2284
2282
2284
2311
2272
2255
2256
2283
2292
2263
2262
2280
2246
2287
2249
2292
2254
2276
2280
2280
2295
2218
2276
2258
2265
2272
2255
2258
2257
2287
2287
2276
2289
2583
2295
2257
2257
2253
2286
2252
2277
2254
2276
2260
2257
2222
2273
2257
2256
2267
2257
2277
2253
2258
2257
2277
2281
2253
2290
2248
2265
2289
2291
2242
2301
2258
2262
2253
2267
2257
2290
2255
2254
2282
2253
2262
2288
2283
2282
2245
2287
2323
2303
2281
2262
2296
2253
2251
2258
2228
2293
2255
2291
2281
2251
2260
2257
2285
2251
2360
2310
2252
2290
2256
2250
2280
2291
2250
2266
2260
2252
2295
2256
2252
2253
2321
2266
2260
2384
2307
2278
2255
2284
2258
2258
2263
2277
2289
2260
2267
2267
2272
2261
2276
2264
2252
2283
2287
2328
2330
2619
2289
2253
2259
2262
2283
2259
2289
2264
2257
2338
2249
2252
2256
2270
2280
2286
2256
2286
2252
2267
2252
2282
2255
2261
2257
2286
2258
2218
2258
2269
2294
2280
2258
2259
2276
2256
2256
2288
2289
2255
2289
2256
2225
2235
2286
2256
2263
2298
2260
2256
2286
2287
2269
2257
2250
2295
2259
2253
2298
2261
2260
2302
2258
2319
2253
2288
2262
2266
2288
2282
2286
2261
2316
2253
2272
2261
2256
2247
2284
2284
2288
2278
2258
2278
2278
2259
2322
2283
2246
2276
2278
2254
2258
2259
2257
2256
2289
2259
2282
2257
2252
2298
2255
2241
2251
2254
2284
2258
2279
2256
2254
2287
2288
2258
2293
2256
2264
2258
2260
2257
2256
2262
2260
2281
2284
2257
2300
2258
2257
2303
2296
2258
2256
2550
2277
2261
2258
2286
2252
2260
2285
2276
2255
2284
2238
2218
2274
2267
2286
2259
2299
2284
2279
2281
2255
2281
2259
2258
2255
2224
2294
2261
2294
2291
2287
2281
2258
2253
2258
2299
2284
2255
2253
2259
2297
2295
2257
2286
2262
2229
2279
2292
2226
2306
2255
2253
2295
2251
2290
2321
2315
2289
2334
2262
2255
2278
2265
2286
2255
2253
2285
2256
2260
2280
2280
2272
2279
2250
2259
2245
2287
2255
2291
2256
2264
2258
2309
2253
2322
2284
2258
2257
2287
2293
2253
2250
2261
2256
2290
2299
2258
2283
2255
2286
2275
2284
2286
2285
2256
2276
2259
2295
2252
2279
2279
2251
2256
2235
2259
2289
2252
2255
2255
2291
2282
2284
2279
2287
2252
2255
2256
2279
2257
6439
2254
2283
2249
2284
2254
2281
2254
2233
2281
2258
2250
2248
2287
2249
2271
2285
2283
2257
2249
2225
3702
2249
2340
2256
2265
2288
2287
2292
2257
2289
2253
2260
2248
2248
2255
2706
2258
2262
2303
2255
2283
2297
2283
2279
2255
2259
2295
2262
2254
2259
2311
2287
2290
2281
2257
2259
2256
2276
2252
2257
2260
2280
2289
2256
2285
2250
2306
2331
2255
2260
2256
2282
2256
2258
2229
2291
2283
2284
2266
2224
2256
2306
2296
2282
2303
2288
2257
2285
2259
2291
2252
2278
2254
2259
2254
2255
2254
2297
2247
2287
2291
2288
2256
2295
2455
2280
2284
2256
2303
2282
2250
2249
2293
2259
2257
2289
2282
2255
2228
2278
2258
2252
2312
2266
2254
2256
2257
2256
2260
2283
2264
2286
2260
2285
2259
2279
2259
2256
2255
2258
2251
2301
2260
2255
2262
2252
2262
2289
2297
2255
2278
2256
2278
2258
2257
2288
2261
2256
2256
2335
2271
2299
2264
2290
2283
2263
2287
2279
2261
2284
2247
2282
2265
2257
2261
2294
2230
2262
2286
2251
2319
2310
2282
2310
2220
2258
2284
2257
2278
2289
2251
2259
2257
2315
2267
2263
2250
2277
2287
2285
2254
2290
2287
2287
2328
2254
2312
2299
2283
2276
2223
2273
2252
2282
2282
2248
2256
2331
2258
2277
2284
2259
2255
2301
2262
2292
2285
2311
2288
2290
2357
2262
2254
2281
2302
2284
2280
2249
2334
2229
2285
2341
2259
2250
2224
2281
2286
2287
2259
2289
2251
2271
2290
2252
2280
2264
2260
2256
2286
2254
2253
2252
2220
2299
2255
2253
2289
2290
2262
2267
2281
2257
2310
2283
2286
2282
2264
2251
2289
2259
2257
2269
2251
2286
2266
2257
2256
2246
2304
2259
2258
2258
2262
2284
2255
2298
2257
2317
2259
2248
2257
2260
2257
2250
2285
2245
2280
2249
2250
2274
2263
2284
2271
2323
2293
2253
2269
2264
2283
2284
2317
2253
2285
2282
2257
2287
2258
2278
2319
2294
2262
2303
2337
2258
2259
2258
2257
2255
2260
2260
2246
2309
2251
2286
2259
2261
6253
2257
2287
2320
2261
2288
2256
2255
2269
2345
2296
2265
2296
2287
2251
2252
2248
2252
2296
2280
2263
2253
2254
2254
2248
2293
2292
2291
2293
2304
2257
2291
2249
2573
2282
2271
2294
2285
2328
2269
2257
2260
2231
2276
2251
2302
2249
2258
2311
2281
2258
2224
2256
2281
2261
2257
2282
2285
2230
2259
2253
2283
2259
2259
2286
2289
2293
2261
2279
2262
2282
2288
2258
2256
2308
2297
2234
2326
2296
2281
2333
2261
2310
2283
2230
2303
2277
2288
2222
2255
2249
2263
2226
2574
2254
2289
2256
2278
2279
2931
2275
2258
2285
2261
2243
2255
2257
2279
2254
2255
2282
2263
2298
2260
2260
2272
2255
2290
2256
2312
2258
2299
2225
2292
2250
2304
2255
2254
2294
2254
2252
2281
2278
2286
2254
2280
2292
2257
2256
2277
2315
2331
2283
2249
2248
2228
2638
2298
2282
2300
2256
2302
2259
2256
2256
2261
2288
2318
2253
2253
2289
2257
2255
2272
2265
2292
2290
2311
2252
2255
2227
2246
2284
2293
2278
2291
2291
2290
2294
2227
2247
2294
2280
2298
2285
2290
2259
2299
2465
2247
2287
2255
2259
2251
2277
2262
2282
2292
2295
2282
2277
2258
2283
2308
2253
2214
2258
2266
2290
2297
2286
2288
2278
2264
2279
2258
2264
2280
2285
2280
2262
2261
2276
2289
2259
2276
2249
2259
2261
2261
2257
2259
2228
2277
2260
2301
2300
2260
2256
2302
2290
2282
2261
2248
2263
2277
2272
2250
2290
2231
2292
2285
2353
2302
2256
2223
2255
2289
2283
2284
2281
2261
2288
2315
2281
2251
2285
2254
2258
2256
2253
2281
2250
2308
2252
2252
2273
2263
2286
2260
2289
2331
2293
2316
2248
2283
2237
2286
2284
2252
2255
2283
2248
2256
2250
2255
2858
2261
2315
2286
2258
2263
2304
2255
2289
2287
2255
2285
2277
2264
2582
2266
2273
2282
2259
2327
2262
2251
2284
2246
2245
2257
2304
2277
2277
2289
2288
2264
2250
2288
2257
2259
2253
2268
2296
2245
2247
2259
2277
2326
2291
2257
2289
2255
2251
2260
2254
2279
2259
2318
2257
2254
2259
2283
2298
2285
2257
2260
2253
2295
2251
2280
2279
2285
2252
2280
2284
2317
2281
2306
2260
2253
2293
2296
2263
2262
2282
2279
2247
2279
2248
2301
2286
2281
2291
2252
2251
2253
2255
2296
2299
2330
2310
2251
2286
2264
2258
2259
2262
2298
2252
2287
2288
2297
2298
2255
2256
2256
2281
2253
2256
2287
2280
2258
2259
2297
2280
2285
2325
2253
2256
2257
2250
2257
2257
2257
2261
2293
2248
2257
2279
2252
2257
2293
2295
2311
2295
2256
2254
2250
2256
2339
2255
2268
2260
2215
2253
2262
2256
2255
2255
2278
2253
2255
2250
2285
2260
2256
2289
2255
2288
2296
2277
2679
2280
2259
2326
2277
2286
2254
2317
2262
2291
2278
2256
2285
2268
2253
2289
2262
2267
2283
2255
2303
2295
2287
2288
2254
2286
2283
2283
2312
2310
2300
2252
2282
2285
2286
2257
2254
2249
2256
2298
2306
2263
2255
