603
614
592
610
608
602
606
608
587
587
557
614
587
621
617
625
610
612
1270
619
616
656
613
605
606
609
610
615
593
612
617
619
610
593
638
560
594
618
658
613
583
567
617
617
615
613
616
613
595
919
607
617
607
618
611
706
614
611
612
607
612
606
589
615
612
611
616
611
618
609
618
609
594
559
610
680
557
623
618
591
676
615
591
605
594
590
644
596
619
608
617
574
615
607
597
587
614
610
591
560
644
611
588
660
587
585
610
681
587
689
614
597
617
617
614
613
614
566
1361
615
611
620
693
624
584
587
607
607
586
562
614
617
594
613
661
621
611
592
652
619
597
576
614
592
562
671
616
613
592
620
616
587
615
556
555
627
620
614
674
559
616
620
563
613
555
620
1099
621
617
671
586
587
613
612
611
618
608
612
592
556
610
615
667
615
690
615
616
606
613
622
594
593
619
591
621
612
611
616
585
612
637
614
596
607
612
618
608
609
611
593
611
612
616
615
634
608
587
618
590
592
589
610
583
616
610
639
615
584
615
616
618
609
605
656
611
615
583
583
614
585
660
617
579
612
632
615
619
616
587
664
590
591
584
587
592
591
808
674
616
608
609
1293
592
592
619
675
611
586
615
625
616
683
623
647
607
614
614
641
595
685
615
616
557
605
610
592
623
584
613
612
608
661
1232
589
649
585
615
611
608
558
612
810
632
620
590
589
655
587
613
616
592
607
646
569
609
613
618
595
590
613
645
588
589
592
583
609
630
618
571
615
615
612
590
616
615
634
586
615
617
615
609
582
576
612
613
589
604
561
610
609
557
589
618
613
614
589
595
587
625
620
610
606
616
619
613
617
612
596
592
681
605
701
616
585
596
621
615
605
618
613
612
672
605
618
611
644
614
607
674
614
667
585
619
603
636
556
618
596
595
588
591
556
556
588
592
611
610
672
594
608
654
584
607
584
608
620
613
609
613
721
617
613
592
612
610
607
615
585
598
613
617
613
609
597
648
622
584
561
567
863
585
614
592
611
606
611
617
615
577
589
614
598
627
589
613
612
591
612
592
613
586
623
624
620
613
615
582
587
590
606
614
588
555
617
613
619
594
668
563
609
557
609
613
583
590
586
603
596
613
597
584
618
612
558
609
684
596
612
594
592
1111
1712
583
702
612
591
563
586
974
594
616
589
587
613
594
616
674
609
609
607
583
588
618
612
589
682
584
609
610
610
585
609
591
609
618
613
613
610
614
617
590
584
590
617
676
610
661
608
594
609
616
592
585
609
616
622
589
621
616
681
613
608
617
723
611
585
637
582
613
648
674
608
615
609
591
562
613
591
593
561
576
621
617
619
617
617
576
613
587
605
613
611
588
704
585
621
619
621
610
610
615
615
616
590
616
696
607
601
615
607
618
620
621
590
628
622
587
565
667
593
618
590
609
599
610
608
588
591
596
607
625
609
590
663
617
613
614
616
612
612
619
619
667
608
1014
612
606
608
615
607
593
591
612
617
586
620
606
654
586
607
587
598
606
608
586
611
596
683
612
614
588
616
611
589
599
824
664
583
595
613
612
606
611
609
609
609
608
676
610
700
591
607
587
615
610
593
591
618
617
611
605
613
608
610
958
588
612
611
873
618
594
615
563
620
637
611
727
614
627
581
675
660
613
606
600
613
609
660
614
609
591
608
614
593
595
831
658
585
1217
617
617
672
615
610
611
606
607
584
618
615
661
635
641
639
607
593
958
605
595
587
669
613
567
612
593
621
613
675
627
593
615
622
609
1419
607
1067
619
616
615
588
989
610
1502
680
594
598
591
608
614
612
609
589
608
616
607
589
607
607
590
615
686
607
1202
651
589
586
611
583
621
616
616
611
622
619
617
620
591
612
623
640
642
593
619
607
610
587
616
583
588
614
719
590
611
613
609
659
614
654
555
622
621
579
555
610
619
584
622
599
592
612
615
609
608
624
589
593
612
615
616
595
594
614
590
616
649
561
614
616
613
588
613
611
622
587
606
613
618
615
617
602
612
615
608
614
609
614
613
589
616
586
598
648
638
610
612
616
613
607
590
612
595
612
611
614
618
617
642
617
617
611
612
586
564
611
596
812
619
607
588
593
616
624
625
617
583
617
703
614
613
610
592
568
606
586
611
666
667
611
615
604
603
565
607
673
587
636
584
610
576
558
622
933
618
620
641
596
681
607
608
614
585
555
652
611
616
560
613
558
667
589
621
612
562
597
616
606
613
607
612
610
597
616
608
592
610
616
613
615
584
613
653
587
616
617
582
661
610
593
610
607
612
617
610
622
671
623
608
588
615
596
616
596
592
569
590
615
594
697
616
619
617
586
621
613
596
610
621
623
613
672
663
673
623
615
662
591
618
586
856
1418
674
611
616
613
584
555
812
586
615
614
704
786
683
617
613
618
617
624
617
617
616
555
594
606
614
662
602
607
591
613
681
660
608
615
589
615
610
611
555
589
596
668
609
584
606
613
617
655
611
613
615
597
617
621
616
587
608
588
619
668
596
612
610
630
763
557
614
614
588
589
609
612
615
608
557
612
608
616
683
622
624
587
613
612
592
614
659
621
616
610
595
619
609
608
608
614
586
591
608
654
559
617
609
613
583
589
589
588
591
718
665
613
608
614
659
611
606
557
616
608
587
654
613
610
588
588
595
687
616
557
641
593
624
684
619
611
594
620
589
588
561
598
591
608
594
618
616
612
610
608
595
609
611
571
622
613
611
613
695
615
613
619
612
614
616
618
599
589
594
589
617
617
595
562
617
671
669
609
589
613
588
611
651
593
614
590
661
617
1011
614
606
607
590
612
667
613
555
587
621
615
593
620
595
590
605
585
584
614
592
610
589
591
610
607
586
582
614
614
606
593
609
592
616
620
621
611
611
606
589
582
643
581
612
652
613
585
608
612
606
663
556
613
620
618
619
587
619
594
615
617
615
589
615
587
609
587
592
588
611
612
587
614
660
616
614
613
562
624
556
613
637
617
613
585
609
613
620
587
600
562
620
590
583
561
610
614
616
614
592
618
593
653
622
599
588
808
607
612
616
612
608
557
593
612
614
613
622
610
619
637
594
621
616
613
587
616
644
590
593
593
594
556
592
601
608
590
615
566
613
696
615
610
607
600
587
668
612
559
616
615
615
595
598
613
594
612
621
618
622
643
614
659
590
622
613
608
592
613
617
612
613
586
595
614
557
625
619
623
614
666
782
587
614
611
611
613
619
607
851
609
612
565
605
585
613
614
654
610
585
606
585
644
646
612
608
595
590
617
597
617
617
616
562
610
572
617
607
654
593
612
608
558
670
615
694
605
585
646
608
588
586
606
586
586
590
616
616
687
582
585
615
612
614
617
614
563
591
619
615
558
611
616
611
617
593
611
615
717
588
657
815
609
611
592
649
680
618
609
611
617
592
562
560
593
616
617
610
611
584
622
636
666
616
612
607
672
607
561
615
683
621
587
584
1428
616
612
596
621
618
613
581
585
606
618
607
593
556
620
597
620
614
608
620
612
587
608
611
621
617
607
604
631
610
590
1406
555
584
616
612
588
582
613
616
609
587
614
592
613
606
614
606
609
579
616
619
648
611
615
593
556
589
610
586
608
587
617
616
606
592
557
612
620
578
1429
619
612
620
1610
622
622
593
615
609
596
570
679
612
612
560
598
584
589
607
584
607
606
587
595
611
610
619
610
612
637
613
610
771
611
583
642
617
611
585
590
561
612
592
674
584
617
644
560
587
619
620
568
598
586
615
619
599
610
672
611
615
681
616
590
616
614
586
593
611
592
607
600
592
615
576
607
613
594
610
614
582
584
608
611
587
639
618
611
613
609
618
616
609
584
611
611
607
583
612
615
615
1751
648
622
615
611
615
692
613
610
618
609
567
556
585
610
583
582
613
608
587
618
622
620
590
617
615
612
633
619
588
614
608
616
581
592
617
619
611
612
606
614
613
610
613
610
608
604
607
589
597
610
594
610
590
611
608
611
588
615
668
612
612
590
619
605
605
616
612
655
586
594
590
674
587
607
619
614
619
618
613
603
593
642
621
619
559
615
612
613
594
556
616
561
617
617
614
586
586
616
587
585
609
588
607
612
586
557
611
608
607
621
664
616
592
592
612
607
661
611
601
622
1775
556
612
642
592
593
591
608
614
616
619
616
618
606
591
606
611
602
614
608
617
622
584
617
618
602
594
679
613
615
609
610
590
585
597
616
586
625
616
613
620
621
615
611
1255
616
612
589
609
589
620
676
669
617
593
613
618
593
586
1590
593
592
611
614
588
613
608
612
609
610
586
608
613
617
654
616
614
612
615
614
555
611
612
608
615
588
607
565
625
617
668
662
621
616
613
613
619
618
614
617
560
620
594
588
601
594
609
608
607
588
667
621
612
813
659
670
603
621
645
613
618
561
609
610
608
611
555
617
566
608
607
612
613
635
588
590
617
613
614
618
595
606
677
609
622
581
605
611
610
617
615
645
608
612
611
674
639
556
610
592
583
612
602
557
641
621
566
617
607
588
592
618
621
612
590
591
811
617
646
614
618
585
609
614
616
585
607
617
590
662
616
616
564
590
621
648
589
615
588
592
556
587
617
617
608
616
607
593
590
610
733
613
603
591
624
583
588
587
620
578
617
610
607
593
615
616
605
610
733
587
598
588
613
607
608
598
608
589
588
622
614
599
563
624
615
611
613
624
617
591
590
590
594
608
810
619
677
608
594
593
1311
621
616
607
605
656
590
618
617
617
591
587
596
594
611
668
609
612
651
676
587
589
583
614
610
615
594
645
608
611
569
709
587
626
606
598
671
595
608
585
613
613
614
612
588
666
614
583
610
587
603
592
611
687
611
590
607
663
608
590
589
608
614
624
594
617
608
586
621
613
611
557
617
601
613
955
614
618
596
593
621
612
616
589
617
610
612
587
556
615
557
616
659
611
966
619
877
595
651
587
614
583
588
555
675
614
615
617
590
657
620
610
588
595
610
611
611
618
593
622
654
612
615
613
615
560
619
615
613
609
622
593
610
589
593
671
592
615
582
610
611
623
613
611
586
612
555
562
619
558
609
618
617
663
615
612
674
719
622
586
609
613
1293
594
587
613
606
608
627
616
613
612
607
613
663
616
585
566
616
670
660
583
589
682
636
610
651
611
664
616
591
611
614
591
613
612
618
595
555
616
610
619
621
1667
624
594
606
619
598
568
615
616
679
656
591
591
650
613
572
615
608
657
614
693
587
620
608
608
596
596
660
614
593
621
611
605
588
586
592
587
606
618
611
614
608
610
620
656
590
611
623
607
611
614
664
613
627
612
582
637
613
613
609
602
709
606
585
587
615
622
625
620
662
592
607
689
593
611
597
610
614
686
598
589
672
613
585
614
608
614
592
608
591
598
589
611
674
711
590
613
607
589
557
613
585
612
589
804
583
597
615
655
594
603
616
620
667
617
584
619
625
619
569
606
567
604
588
620
584
607
688
621
591
618
619
587
618
585
623
617
612
595
608
596
619
612
609
610
619
617
621
614
584
611
589
659
561
617
582
559
594
623
615
616
647
708
617
615
584
616
673
593
624
616
619
621
612
607
675
608
605
606
609
591
585
563
619
587
607
629
796
555
592
610
623
586
613
583
570
587
614
619
614
612
587
607
619
615
611
587
606
609
614
594
611
610
610
612
614
611
675
622
556
588
611
678
802
593
614
617
585
589
614
661
584
610
557
617
612
617
616
591
614
616
672
616
583
613
949
611
610
588
583
586
633
596
566
616
589
613
1569
561
615
558
620
617
596
637
576
611
618
618
620
556
585
616
618
597
622
612
612
589
597
663
646
608
603
662
619
613
616
594
587
607
585
587
588
662
587
608
612
614
576
612
624
595
595
628
614
644
629
1087
1212
615
660
605
612
605
609
644
608
660
619
580
608
588
615
613
618
584
611
609
596
611
586
562
612
616
587
612
594
615
618
577
632
624
593
615
589
747
590
613
608
556
597
617
558
555
611
667
583
612
585
656
582
586
587
664
587
591
617
620
585
606
618
606
611
617
668
675
596
555
590
613
609
609
590
592
677
613
583
614
677
614
615
580
616
612
666
618
618
592
590
615
589
617
581
616
588
620
589
608
615
555
614
587
583
621
609
613
597
586
585
795
725
672
611
620
658
613
608
634
595
583
652
615
616
593
564
583
614
611
606
607
662
658
612
556
590
620
555
620
594
882
621
585
593
665
664
610
669
828
674
668
614
646
619
658
612
615
624
589
590
642
588
610
669
612
614
615
589
610
609
1064
626
618
638
589
615
609
618
616
667
659
613
667
617
596
610
616
611
608
587
559
607
645
609
607
685
591
623
617
589
592
660
621
589
619
610
586
585
617
606
608
594
590
612
555
615
617
622
619
657
597
610
622
612
607
616
617
619
610
611
616
589
557
596
612
611
622
611
693
608
613
672
618
623
612
589
591
600
588
616
612
613
611
606
616
608
588
629
631
595
614
619
613
584
611
611
585
609
619
609
619
1323
615
574
591
609
614
616
619
614
612
656
586
613
618
617
619
616
616
600
611
557
593
611
591
617
559
621
610
610
618
593
645
613
605
679
612
673
607
606
613
592
608
610
594
617
610
591
688
594
609
615
620
591
617
559
594
588
617
616
610
608
591
590
593
642
592
613
557
621
594
614
604
594
618
616
638
617
594
626
594
621
611
592
668
616
598
617
562
585
606
611
701
591
607
615
585
618
613
613
611
586
612
686
613
607
611
611
662
655
616
615
609
608
612
611
586
583
616
611
612
617
617
583
555
616
592
599
617
561
649
590
562
610
591
617
618
583
555
620
594
620
555
620
608
606
611
613
621
582
594
656
594
607
608
613
613
608
677
586
588
617
596
604
608
614
608
658
605
614
618
592
613
612
590
584
612
585
614
609
589
618
588
610
1531
606
621
615
615
611
609
591
594
615
593
559
588
575
558
596
613
723
614
560
624
617
621
562
594
598
620
595
559
589
561
560
615
614
618
584
612
590
613
1327
613
591
680
619
610
614
614
613
652
617
584
599
590
610
610
616
618
591
581
588
586
557
558
610
608
596
590
609
561
593
660
619
616
614
613
616
585
615
609
610
605
589
619
614
606
609
585
607
617
621
623
616
595
555
620
613
614
670
718
617
608
607
583
673
645
655
611
653
652
616
607
622
610
655
613
585
607
617
698
617
607
715
617
611
616
620
605
588
690
590
613
614
609
609
587
667
587
623
609
584
613
614
616
660
623
619
1719
610
617
588
566
617
590
615
615
581
609
590
656
605
674
672
618
634
595
613
617
607
585
617
592
613
611
583
585
615
777
592
608
614
613
616
1730
639
611
591
606
646
612
601
670
612
900
588
614
611
594
619
668
590
609
610
616
612
606
609
618
623
615
589
585
588
703
610
584
613
606
588
607
585
585
555
619
605
596
587
589
591
614
618
592
600
608
607
595
621
598
593
616
607
617
582
586
613
587
623
621
608
611
597
624
596
615
592
610
614
620
618
585
615
609
617
607
590
630
585
613
616
610
606
1377
612
614
613
610
594
566
616
592
618
610
621
707
632
611
618
611
626
617
595
585
630
597
616
618
597
617
607
609
611
608
619
627
616
610
593
591
616
586
590
590
609
611
588
612
612
606
584
610
687
585
594
586
568
606
700
614
648
596
653
615
616
595
613
714
582
587
681
621
613
594
610
588
611
612
609
678
607
611
613
609
584
590
617
652
605
591
620
618
592
615
615
559
585
594
620
587
615
616
586
589
620
616
557
595
614
577
555
617
591
612
616
594
587
615
595
618
687
676
619
621
613
622
588
670
608
614
602
609
616
728
615
587
588
682
583
610
620
594
615
613
608
591
594
593
619
590
594
575
687
596
575
815
592
565
603
622
587
674
610
618
556
607
615
605
625
614
612
616
609
593
611
592
609
587
592
588
589
561
618
597
585
582
591
634
593
613
612
585
582
614
610
690
596
611
605
615
585
588
589
613
618
585
626
615
608
592
617
594
1780
604
587
613
555
596
620
610
673
623
621
594
873
622
591
1604
618
614
649
649
618
618
613
581
613
655
606
654
616
606
608
587
665
587
607
615
588
614
593
606
613
589
593
587
619
593
677
610
618
622
617
609
595
612
658
570
687
613
590
606
556
611
617
593
555
593
619
588
593
610
607
588
694
638
615
621
622
616
620
713
617
611
592
612
610
606
626
1231
614
610
612
586
584
619
613
607
616
570
615
595
592
615
588
612
615
605
669
608
611
605
555
657
623
609
607
588
590
584
610
613
591
617
591
608
613
594
597
609
601
609
609
598
617
616
611
570
610
613
582
618
584
1173
617
612
617
621
611
620
590
592
585
659
556
645
555
606
611
615
613
606
616
585
592
588
609
589
606
616
612
586
589
618
671
600
613
613
608
592
638
613
585
593
593
616
590
614
611
589
607
628
1206
590
613
608
613
584
614
605
589
609
596
559
613
590
590
556
812
622
592
611
607
611
610
611
661
620
613
613
611
594
1354
724
660
616
590
578
596
614
614
614
591
593
618
619
589
584
569
610
610
585
637
588
594
619
634
584
593
616
585
613
591
595
611
593
558
595
583
620
615
654
589
582
614
590
596
587
621
617
617
609
1097
604
623
606
614
586
591
666
614
597
587
708
609
589
614
607
583
616
598
588
615
590
649
617
673
595
622
617
618
590
593
585
613
614
612
611
668
607
627
615
612
871
618
591
605
674
663
625
556
555
595
599
595
677
622
608
681
610
621
611
612
612
617
609
611
611
606
592
590
580
583
615
614
583
610
619
611
585
623
591
595
589
583
561
608
582
615
659
605
585
612
555
594
645
595
638
585
561
635
672
593
637
622
593
674
588
612
610
586
608
609
592
612
596
619
585
620
620
610
621
610
593
626
593
674
679
585
617
673
599
666
612
624
606
634
588
591
615
618
617
620
591
596
619
591
588
589
587
609
615
587
674
615
616
615
594
575
619
613
765
609
608
620
674
618
591
616
610
611
621
590
615
623
612
613
556
618
616
590
614
618
613
615
621
685
572
606
560
617
649
619
615
605
613
683
613
582
652
615
617
624
614
611
561
619
605
610
598
1563
612
561
669
611
611
608
623
583
615
643
615
612
612
616
616
613
608
612
588
612
608
632
607
615
615
672
564
615
591
662
616
609
617
591
614
561
1734
595
573
612
576
611
595
583
610
610
610
605
560
612
618
590
1086
589
606
619
613
587
587
625
612
616
586
593
592
612
605
613
613
620
616
616
612
588
596
584
611
595
610
615
615
609
585
598
621
589
696
618
1213
611
573
618
611
657
606
584
661
606
596
625
606
584
616
666
606
591
619
594
595
659
658
660
591
617
620
610
682
618
624
586
675
607
595
610
584
606
590
617
592
558
620
557
621
611
617
593
614
615
625
567
622
611
617
587
610
653
568
616
585
587
675
610
618
612
636
641
584
611
586
572
556
607
612
606
612
593
648
585
607
592
658
602
594
625
620
681
632
619
556
622
585
572
613
1001
608
610
623
615
556
595
613
560
1272
595
593
662
591
583
672
608
612
593
556
616
584
611
618
616
617
594
663
560
616
621
557
594
588
606
588
613
592
621
590
1222
613
585
603
616
605
617
560
614
612
620
610
677
618
625
613
618
593
589
616
606
597
612
619
599
562
617
672
621
620
611
618
593
679
587
582
622
591
594
617
605
607
590
614
607
609
603
616
583
589
584
614
620
584
666
609
612
585
582
607
612
613
607
593
654
592
595
592
612
616
675
589
556
590
591
607
617
612
595
609
557
627
584
595
615
593
612
716
617
587
613
612
1010
615
590
591
617
583
668
611
617
616
592
614
620
612
587
609
620
593
612
619
612
608
608
589
590
612
563
556
606
610
620
596
598
588
607
611
616
616
621
559
610
592
611
612
611
606
555
658
1634
608
617
617
608
606
611
585
622
585
611
593
612
612
591
811
614
609
615
589
608
610
652
608
613
584
622
617
690
589
596
624
726
613
612
608
590
661
610
613
583
608
614
607
612
586
615
614
611
672
566
605
594
663
619
557
616
592
591
620
613
616
616
613
585
622
556
590
597
588
587
592
591
557
617
589
593
621
618
611
617
598
615
620
618
611
591
615
594
592
616
611
623
637
671
595
652
615
594
587
608
689
595
587
610
612
584
615
612
611
607
606
594
1598
611
610
650
611
608
608
588
611
610
607
606
613
584
668
617
591
606
587
607
617
590
590
606
667
610
615
610
613
603
607
651
611
613
606
615
619
618
612
614
691
597
588
595
594
619
588
623
612
1310
613
570
613
625
584
644
620
609
619
588
560
565
616
608
593
615
614
614
621
609
594
588
611
609
611
622
585
582
612
615
592
672
617
594
556
678
563
602
556
619
607
623
624
622
590
618
595
602
614
609
616
618
588
618
684
613
628
594
614
611
589
679
613
599
572
666
559
617
596
557
619
661
612
586
628
607
595
595
615
609
557
600
613
555
558
614
591
611
566
612
853
584
607
592
588
587
612
609
595
604
612
656
587
610
608
616
612
617
634
671
597
609
608
588
613
600
612
612
626
612
612
580
587
607
597
590
859
677
590
557
584
619
587
569
589
608
610
616
617
621
592
621
608
1339
588
606
619
616
611
586
592
614
614
605
608
589
615
586
612
610
607
608
653
587
608
609
611
591
610
588
583
612
674
608
592
704
610
557
615
604
698
591
615
617
590
610
607
614
616
564
621
616
587
619
605
657
615
612
613
591
616
605
610
611
608
619
608
614
605
618
617
664
643
635
603
562
611
612
609
588
586
618
587
608
613
617
637
625
582
617
616
608
618
611
592
610
666
594
613
614
632
614
604
586
598
620
612
812
612
617
561
593
588
593
617
612
555
615
590
620
586
611
621
1616
611
619
605
599
611
613
616
616
588
608
611
582
590
674
609
596
613
597
609
702
611
620
618
614
583
605
605
606
581
608
613
618
612
690
598
619
612
618
648
617
616
585
588
591
584
586
653
610
652
557
612
597
723
588
616
593
612
613
585
613
613
617
587
609
616
629
592
619
618
613
613
613
585
583
613
589
615
608
613
614
608
648
687
597
586
616
586
593
619
587
610
582
620
603
608
585
649
609
586
616
640
584
613
623
589
612
602
612
592
613
610
595
1540
638
693
660
612
555
617
592
622
609
557
668
622
617
617
585
586
593
607
615
584
670
617
608
616
615
586
613
619
614
1356
620
615
612
607
590
642
616
605
613
582
612
593
611
611
588
612
617
661
619
609
589
615
610
618
616
557
662
593
608
583
614
611
615
608
611
592
623
619
568
620
611
614
661
595
621
635
622
607
614
588
653
608
616
620
586
599
616
616
811
1616
609
589
614
589
619
619
602
609
559
612
613
646
609
617
620
568
621
610
619
585
619
589
1181
619
564
589
597
617
608
611
718
611
614
623
613
591
594
613
588
606
611
671
589
593
607
584
556
556
696
688
617
600
591
618
590
592
616
590
617
561
606
613
611
620
606
614
588
584
608
676
594
555
587
594
613
620
611
611
613
613
611
610
620
610
613
585
585
588
560
593
616
612
612
593
608
593
591
617
593
586
1709
592
1257
605
565
593
586
609
622
618
608
588
612
634
590
602
594
666
590
590
555
586
717
635
558
587
615
591
596
592
597
608
599
587
646
617
608
593
590
639
594
613
627
555
617
593
591
622
620
619
619
620
614
617
609
610
609
584
609
607
614
606
607
586
660
606
585
617
608
617
595
672
592
659
609
607
590
615
610
605
616
588
608
675
677
611
616
598
617
585
685
618
612
613
613
610
617
610
618
593
609
586
585
616
612
592
610
559
609
611
617
615
604
604
659
688
670
587
620
614
619
614
1297
560
590
612
606
608
611
604
611
614
1233
608
609
582
655
593
589
614
595
718
615
608
611
556
615
598
613
587
612
609
587
614
591
614
620
590
615
593
712
613
614
584
586
584
609
619
613
619
593
588
594
618
611
611
585
616
613
589
607
587
686
1371
589
608
593
614
616
609
615
677
559
615
649
615
610
600
591
610
618
620
613
555
611
621
610
614
587
678
621
620
606
612
592
655
621
591
611
619
611
608
621
615
585
613
612
590
608
622
614
597
613
621
591
616
620
656
583
607
613
610
594
613
614
675
595
651
611
590
617
615
583
619
587
1144
607
585
613
594
560
611
604
659
623
609
604
612
617
613
584
1113
615
608
557
561
670
620
619
615
617
608
613
615
612
588
614
573
571
593
592
592
621
605
614
612
611
611
605
591
643
612
612
616
613
556
653
612
616
616
609
607
613
620
611
584
615
613
608
615
621
613
611
559
657
615
617
618
676
634
656
557
616
669
617
621
618
561
596
591
706
614
595
614
652
617
617
617
653
622
617
618
613
623
616
653
589
583
594
663
588
620
619
659
608
611
652
597
613
591
646
1125
620
620
593
609
608
742
609
589
586
616
608
618
595
590
621
614
647
652
615
590
591
611
588
593
613
557
615
619
612
618
616
624
609
612
609
588
610
685
613
670
621
607
612
589
614
588
616
615
614
606
612
611
618
590
608
619
679
608
616
592
587
616
650
568
583
605
594
583
561
561
1105
686
557
557
586
555
610
595
608
618
593
619
589
616
611
614
583
662
654
613
611
616
589
591
682
613
595
612
584
618
613
621
614
561
571
654
555
587
583
608
608
613
605
614
619
586
613
666
658
614
596
612
620
583
611
593
615
593
666
612
606
615
684
614
585
616
596
608
612
615
618
606
559
612
678
592
613
613
617
608
562
597
621
662
621
586
585
614
613
611
607
617
557
593
574
614
615
609
593
595
622
588
617
612
610
582
570
564
607
591
608
562
612
609
557
587
592
591
589
591
611
609
609
611
610
619
614
616
615
623
614
599
637
618
619
595
584
582
584
586
587
585
611
663
588
616
586
679
613
590
610
667
614
623
614
616
1629
594
613
618
610
585
617
585
608
594
604
622
618
595
615
673
588
617
613
609
614
580
615
606
587
609
606
619
556
588
619
611
616
614
610
581
613
558
614
586
591
589
623
617
612
608
606
557
590
615
610
612
591
557
622
582
587
617
688
584
696
610
612
611
611
615
612
612
608
598
615
613
608
626
613
589
569
1136
614
618
586
640
620
622
616
612
583
615
595
593
609
591
611
608
589
608
618
620
597
590
616
615
617
590
610
610
608
587
622
620
621
619
612
608
657
592
588
612
695
583
585
621
722
613
614
615
619
592
596
590
596
592
615
653
622
593
558
621
618
604
621
612
617
682
556
585
566
610
608
589
713
617
618
589
661
593
616
605
618
611
658
612
618
610
592
616
645
612
618
610
612
557
588
610
612
620
595
596
610
595
585
605
611
608
618
570
593
612
598
614
621
583
555
652
617
621
661
591
596
585
595
587
575
709
613
607
616
610
587
617
763
617
589
590
591
590
591
586
615
584
597
929
614
593
609
608
614
614
618
624
690
612
617
618
615
811
615
592
612
613
612
616
621
597
592
665
585
616
618
555
619
590
1118
590
593
658
616
618
610
611
630
611
583
723
613
608
611
616
608
617
594
589
590
583
611
589
616
591
619
618
610
661
606
603
609
607
608
585
611
583
608
680
586
612
612
612
593
636
612
584
574
594
616
611
557
570
589
604
620
637
586
614
668
585
585
615
637
608
587
614
610
608
612
557
615
617
587
591
591
661
610
615
618
596
616
563
594
614
622
599
860
584
618
615
608
588
620
617
614
575
593
599
620
594
613
927
595
616
605
618
613
619
563
615
683
607
616
591
590
621
610
610
589
565
585
617
619
600
586
621
615
621
585
607
611
590
615
587
616
605
609
585
617
612
586
617
676
618
584
612
613
593
589
595
613
602
618
612
585
658
904
583
558
636
617
590
619
611
587
598
611
610
611
585
589
608
616
589
611
591
617
591
640
594
585
559
592
610
612
606
574
682
592
595
557
584
663
592
623
576
610
621
659
663
561
611
656
1040
584
606
590
613
974
619
598
608
612
606
612
607
677
605
604
590
617
619
663
587
595
594
616
622
609
609
590
611
586
620
594
619
587
615
585
594
657
587
584
616
615
608
624
581
617
613
901
590
610
614
560
619
620
947
615
584
596
692
582
615
618
591
594
609
614
618
584
616
624
595
583
581
607
612
613
591
649
608
649
690
584
617
615
584
586
613
588
1108
613
585
607
614
611
567
666
609
615
585
608
581
611
612
608
607
680
611
589
611
656
618
613
617
615
617
586
557
685
595
588
621
600
610
589
608
664
616
583
704
595
607
612
586
614
609
614
610
611
608
588
611
663
613
590
617
591
597
616
664
615
612
593
616
624
593
654
639
619
587
679
589
591
634
697
591
623
690
617
587
618
605
672
677
609
608
608
656
608
594
620
587
614
583
612
592
584
611
612
646
608
618
609
608
592
604
619
625
586
613
598
610
616
617
616
611
593
614
617
615
611
593
614
609
587
608
599
614
616
609
607
658
675
621
611
592
588
608
1406
595
591
609
968
596
622
611
617
1540
607
667
654
585
596
585
608
583
612
609
608
608
587
670
589
611
665
614
562
592
612
622
586
617
614
593
653
608
586
613
594
617
608
588
617
614
661
618
598
602
617
615
812
588
594
617
619
612
613
663
555
589
559
556
596
660
559
700
618
619
615
616
558
592
617
616
586
560
619
608
615
584
612
615
608
619
618
591
608
595
615
614
591
561
602
610
617
591
613
584
615
618
616
595
621
559
619
620
612
623
612
617
673
588
617
611
615
586
624
557
621
607
593
609
623
617
618
611
613
582
618
592
619
618
620
616
608
586
597
597
591
611
584
606
686
611
616
611
590
583
607
564
592
606
653
615
651
713
563
620
636
615
586
648
591
611
620
589
610
622
608
616
613
586
614
615
608
587
610
595
591
668
658
622
615
610
666
596
617
592
619
619
585
612
562
1048
623
616
611
591
624
613
620
785
591
597
610
587
614
611
617
582
593
614
616
612
678
607
617
589
699
656
608
615
590
611
586
588
594
614
624
591
616
608
612
606
607
589
555
618
618
585
611
615
585
589
590
588
591
589
563
619
613
608
731
619
592
615
653
589
612
604
607
589
607
591
657
589
602
607
591
619
613
699
615
614
608
617
582
607
607
686
590
603
599
651
583
739
611
614
619
611
610
593
648
614
641
613
606
616
596
594
619
586
591
621
590
601
851
616
584
612
617
597
1146
630
593
564
555
600
586
587
591
642
612
557
595
562
568
573
613
624
589
591
592
1030
585
611
603
620
613
612
607
609
592
608
555
615
613
593
606
619
585
618
614
611
586
612
614
635
666
617
682
613
592
589
559
615
648
588
585
608
590
614
617
598
619
611
593
623
613
617
618
704
1421
585
588
611
615
621
623
610
873
589
585
612
617
722
682
616
610
617
614
613
587
585
604
593
607
575
616
589
587
650
585
609
557
651
614
610
571
663
615
620
606
618
619
589
557
612
555
615
612
612
611
555
613
559
596
591
619
612
611
651
608
591
607
617
583
608
608
587
606
612
611
593
613
617
612
615
606
588
610
589
612
585
630
620
614
588
687
587
672
683
593
584
607
592
609
613
605
683
607
583
594
589
584
617
612
615
614
595
610
608
592
607
560
618
615
561
622
670
618
598
586
619
613
608
617
608
671
607
618
593
620
615
561
618
595
662
587
617
558
612
586
611
584
611
590
607
605
617
616
606
585
586
614
664
664
618
619
592
1373
701
594
583
616
665
608
611
612
621
616
619
615
584
563
607
619
564
612
647
614
643
1330
608
617
593
608
588
607
612
693
664
585
584
561
618
615
607
614
584
612
619
564
585
613
588
660
618
605
612
608
635
673
615
608
608
607
607
616
559
572
609
650
621
593
612
620
608
617
612
612
615
616
620
614
608
624
613
662
585
585
589
609
591
613
613
611
612
591
617
587
572
555
605
608
601
617
615
591
611
609
586
632
614
590
619
620
629
561
588
608
605
617
587
615
611
619
611
619
595
618
559
614
708
611
605
615
591
611
613
614
611
621
596
588
587
611
622
594
611
612
614
557
607
614
655
586
589
589
607
586
613
590
588
614
611
590
617
602
613
614
601
659
588
649
613
627
617
607
618
619
610
617
613
588
615
610
707
608
588
620
608
613
636
607
614
614
605
620
592
558
611
661
591
614
608
618
565
617
593
564
614
585
592
611
621
622
614
593
610
619
608
615
668
613
608
569
613
620
620
623
616
1194
609
605
605
588
614
618
669
557
613
610
610
606
608
593
616
596
668
608
612
677
593
555
615
616
617
613
619
609
609
618
691
663
588
579
593
612
587
609
619
616
619
591
611
620
583
607
668
594
614
589
611
611
634
586
613
611
613
616
615
607
596
1704
613
572
584
614
614
828
615
592
608
594
602
592
594
567
611
590
593
588
606
584
589
589
661
618
987
592
621
609
607
619
618
614
610
590
606
556
656
967
585
608
567
610
596
618
611
601
594
651
595
619
611
616
618
604
655
608
611
586
612
615
613
609
584
612
616
619
618
616
609
582
604
588
607
689
613
591
614
611
596
612
556
588
592
731
613
612
612
608
616
629
612
607
608
606
615
606
614
589
589
608
613
619
586
608
620
606
637
610
676
616
615
615
619
619
670
589
619
569
667
565
615
609
590
604
610
587
614
608
655
594
616
593
611
589
670
607
623
714
606
568
615
556
593
611
556
620
611
613
589
669
617
614
591
606
608
667
607
585
605
614
607
583
555
587
616
673
614
609
612
586
612
615
608
609
631
618
605
606
618
581
617
594
617
590
628
613
611
619
695
586
616
655
610
617
622
611
617
593
588
609
661
617
594
1330
712
648
592
672
593
620
609
591
597
611
619
615
619
617
619
609
598
593
609
620
590
593
635
620
610
619
622
615
588
588
611
610
615
608
618
617
594
620
588
561
620
586
594
807
557
610
615
582
613
615
594
612
610
588
610
593
608
613
593
588
609
605
658
583
607
614
613
607
609
583
605
612
635
615
613
617
616
613
660
612
607
650
608
615
616
599
598
611
616
618
621
591
618
616
674
589
613
609
616
614
586
610
617
605
606
590
614
615
591
591
619
631
615
600
592
591
591
612
600
593
588
1074
669
606
610
723
588
610
583
615
623
589
585
556
610
586
597
602
613
1723
584
678
611
679
591
580
619
667
613
614
617
591
612
609
592
615
613
621
608
612
616
608
610
611
613
612
610
610
615
616
589
584
586
592
590
592
608
595
615
612
608
610
668
612
617
674
615
594
588
611
611
610
609
613
612
603
592
612
613
605
607
609
618
661
622
617
617
589
607
611
617
596
582
667
597
589
1621
597
610
618
613
583
611
590
613
599
604
609
662
583
609
622
585
588
654
587
618
617
595
611
618
619
651
592
616
611
621
619
620
617
611
597
618
557
576
619
617
616
612
611
673
597
617
594
619
612
615
608
607
566
590
656
620
615
611
618
693
616
616
873
589
557
593
573
606
590
612
617
590
557
1270
611
561
555
589
654
590
619
613
618
598
618
617
614
607
559
611
628
612
614
621
656
614
605
618
615
588
619
644
614
587
584
559
593
610
595
594
616
617
622
611
671
611
609
556
568
613
619
621
619
948
555
619
612
613
616
615
609
585
615
590
612
613
556
616
678
617
555
616
607
619
619
559
555
608
612
612
598
594
595
584
652
613
607
586
587
684
591
624
586
615
586
591
614
583
613
612
620
618
585
588
618
593
589
612
616
667
668
607
614
586
589
601
591
611
614
610
607
597
663
621
585
556
619
614
612
611
595
613
594
592
584
622
613
669
622
590
612
608
616
610
588
597
619
586
585
692
677
614
591
615
613
597
617
618
613
584
614
592
619
610
625
609
685
599
620
612
613
616
615
623
619
582
612
615
589
617
556
619
614
610
589
610
615
582
612
585
591
609
591
614
611
585
623
588
588
579
619
615
618
613
616
609
589
615
611
587
709
586
614
606
613
556
610
556
797
556
944
712
661
607
617
569
589
616
588
617
618
602
591
612
607
612
645
617
586
607
613
582
612
581
614
594
618
610
613
613
623
571
619
592
585
613
606
556
612
614
587
592
612
589
590
614
670
584
620
613
590
614
1606
616
583
588
606
648
588
595
616
609
605
592
592
610
693
591
561
662
559
591
617
671
620
572
1207
584
629
557
618
616
613
584
608
618
617
611
588
591
616
586
615
593
591
734
565
617
614
557
586
619
596
670
613
619
584
611
593
608
590
561
619
620
613
612
594
606
614
611
609
614
619
620
590
611
557
621
597
586
615
596
565
608
616
606
608
610
606
563
642
613
616
590
608
630
557
614
590
648
613
612
684
614
616
613
586
586
678
612
623
588
591
594
598
617
594
622
598
608
609
605
605
611
608
616
612
614
621
660
617
612
589
1098
611
610
611
623
634
1706
587
691
595
606
623
617
612
613
586
621
618
596
589
621
587
590
592
633
614
559
618
627
609
613
610
598
598
620
595
611
605
608
693
660
613
621
619
608
614
616
595
611
574
611
590
613
561
621
592
613
610
1624
589
657
587
588
609
604
623
611
584
617
556
578
593
592
611
613
609
615
617
619
652
614
557
706
557
622
608
662
578
610
620
609
584
1246
615
670
579
617
613
616
606
583
607
596
611
591
616
692
589
608
589
615
615
561
593
846
656
612
596
613
616
660
613
612
596
591
623
612
617
674
612
592
622
613
619
621
618
586
607
592
592
593
618
609
608
585
612
610
615
583
653
583
595
611
620
609
583
606
607
608
629
614
608
609
610
591
590
616
609
782
607
592
613
604
607
614
608
555
598
590
611
586
590
599
684
673
653
586
608
608
612
614
586
609
613
588
586
595
615
575
657
585
559
589
609
614
617
594
586
588
609
686
620
615
606
611
614
600
589
613
614
583
588
617
611
616
621
592
610
613
590
609
749
614
607
609
607
585
620
609
606
610
613
1664
595
586
595
673
610
584
592
587
585
589
617
599
581
614
609
607
640
657
562
613
618
612
618
621
591
619
621
632
663
616
610
610
618
588
614
593
618
614
591
620
671
616
619
588
616
691
614
595
593
619
620
616
626
589
582
663
593
586
562
610
607
614
585
584
632
759
614
616
621
611
610
607
611
615
607
612
591
591
596
612
590
594
617
610
592
654
587
669
589
619
613
615
614
619
600
611
699
573
574
617
618
590
612
576
616
621
621
671
615
615
605
611
584
612
609
610
589
613
585
613
617
614
723
627
633
595
618
820
558
687
614
591
607
578
590
619
589
613
589
613
617
610
584
590
613
1569
614
610
596
585
593
612
619
613
589
611
617
615
607
606
608
590
589
607
591
612
609
584
603
593
615
593
616
1039
589
602
592
617
651
693
591
612
664
609
611
568
596
586
562
604
612
584
614
614
607
650
638
610
1705
611
674
620
613
620
707
621
607
676
613
617
594
616
623
595
588
1009
617
598
591
582
617
605
613
592
623
592
597
618
662
562
672
622
588
598
624
607
615
590
619
708
591
607
614
611
613
622
590
619
610
608
609
559
618
613
616
627
609
611
593
597
617
593
594
617
615
555
683
590
616
609
592
595
593
608
619
1601
682
601
585
593
619
614
619
612
617
616
610
706
609
614
604
622
613
603
608
611
609
617
598
636
617
608
611
619
621
605
614
584
614
609
612
610
617
616
610
610
612
613
618
613
614
588
624
587
593
612
593
671
562
665
593
598
618
607
586
609
611
599
617
607
615
592
610
592
623
621
612
594
615
613
592
557
617
588
611
584
607
1379
561
610
614
635
616
608
618
555
596
677
666
608
616
621
589
651
612
588
607
591
609
604
676
595
612
584
809
619
630
587
588
623
617
613
585
606
607
567
609
618
622
609
650
593
556
668
615
619
602
590
587
588
608
608
608
606
592
612
653
607
611
609
607
613
620
614
652
616
582
612
700
652
611
594
614
608
614
617
1101
614
590
589
622
613
619
622
608
585
620
655
593
589
619
622
588
611
583
610
613
607
587
637
613
616
603
586
646
609
607
590
581
612
615
614
612
621
618
594
587
700
591
557
557
614
613
609
607
589
616
613
610
590
588
620
670
583
616
605
580
615
682
556
594
585
616
588
559
604
562
633
572
614
611
584
616
589
616
616
613
609
588
594
622
612
607
606
670
613
584
661
610
609
592
607
608
576
557
620
617
621
623
615
555
584
608
584
574
603
616
620
652
559
597
617
588
605
613
612
595
617
613
612
617
596
559
612
593
585
589
855
603
680
612
648
607
591
583
621
612
589
622
667
584
616
664
636
622
562
587
646
612
593
594
593
589
613
613
584
612
605
592
596
594
613
617
592
608
639
615
589
611
611
605
612
556
590
575
588
611
681
613
616
615
603
605
609
690
575
624
609
610
614
567
930
618
591
652
705
588
614
593
609
612
1576
617
593
674
615
590
613
616
616
586
618
571
614
614
586
607
589
617
612
592
1218
617
623
617
654
619
587
615
621
593
616
614
648
610
586
616
594
594
618
592
687
612
616
591
584
594
612
1300
588
675
612
701
623
589
611
618
584
617
612
613
607
619
571
653
609
645
607
610
609
610
619
587
612
612
614
585
589
618
560
614
588
610
617
608
613
617
626
586
611
580
607
592
592
608
597
610
610
615
692
619
591
619
617
624
619
588
583
600
611
608
612
613
618
613
1331
608
624
1260
963
615
566
594
591
607
608
653
588
617
608
622
618
620
607
641
612
609
615
613
589
592
620
617
588
621
618
618
612
618
616
591
638
592
614
560
633
619
587
614
609
610
585
679
608
608
636
606
625
602
622
587
587
587
592
594
618
621
691
612
561
585
557
662
591
601
556
592
595
614
594
589
615
557
593
617
596
613
595
616
594
609
620
610
594
682
613
641
589
590
623
617
657
620
595
588
620
587
610
608
566
556
617
610
616
613
613
587
617
618
613
592
620
607
608
616
611
619
589
615
588
586
613
607
608
606
687
608
618
555
586
615
589
614
613
620
689
591
614
613
586
589
619
615
613
586
587
615
614
607
557
588
614
566
653
654
618
607
620
624
561
599
622
598
612
613
599
555
658
592
604
584
557
591
601
612
614
662
617
587
590
619
598
614
616
563
591
659
617
932
617
588
590
617
593
595
618
638
660
624
615
582
608
614
612
613
1183
1303
590
620
618
619
638
616
1130
591
591
610
611
621
628
591
628
608
655
558
586
561
586
669
607
606
593
620
612
622
587
600
615
619
578
676
585
593
652
612
563
618
619
616
616
611
595
617
641
608
624
614
612
613
589
613
590
779
622
589
613
614
586
555
590
638
606
589
607
615
612
596
587
651
612
611
641
610
615
595
675
555
618
613
592
610
590
602
623
612
615
614
590
607
608
584
666
635
776
610
613
612
606
610
586
600
606
589
616
616
623
564
601
613
612
608
609
613
661
586
595
605
607
923
609
593
614
611
612
611
615
607
615
585
618
681
611
593
621
813
612
590
588
596
559
588
622
621
571
576
612
654
619
612
590
617
588
620
608
609
637
619
597
605
607
603
616
605
605
624
616
607
611
593
588
593
593
636
597
594
613
622
596
592
590
613
620
659
669
614
615
611
591
585
599
611
671
590
596
604
615
607
567
611
618
620
596
615
605
554
612
609
784
606
641
613
597
606
610
611
612
614
588
615
607
590
556
613
620
561
623
599
737
662
606
703
612
589
616
584
631
613
600
617
620
590
611
609
610
610
616
611
616
611
606
584
601
608
590
615
612
587
592
607
591
617
613
605
616
619
619
607
588
565
584
618
637
610
612
614
613
615
617
589
590
591
611
618
607
611
607
608
593
612
607
592
611
583
586
616
593
598
610
586
701
608
1045
616
615
606
614
612
620
615
608
583
607
615
618
571
591
612
583
613
636
609
613
619
590
587
615
595
607
607
617
593
614
619
594
615
598
608
610
613
558
559
611
610
582
587
609
622
955
617
611
616
799
664
588
585
666
633
614
606
585
668
612
561
587
613
617
617
621
652
589
610
695
604
605
608
609
604
609
608
615
665
609
611
586
609
613
616
615
686
616
611
606
615
593
608
611
657
613
608
591
614
674
612
612
614
611
561
656
617
1719
638
622
586
607
615
596
615
590
619
620
608
610
557
615
618
592
620
618
610
587
609
609
584
589
612
612
590
611
612
589
608
859
585
592
612
610
616
587
614
612
611
601
612
623
587
601
1262
657
615
611
613
616
610
593
613
584
617
612
590
622
585
608
608
635
615
638
1297
611
624
592
661
611
579
611
557
613
555
584
610
608
611
615
614
618
614
618
612
591
612
609
608
605
616
615
618
655
944
591
584
582
674
625
613
622
593
613
592
612
616
591
584
615
612
675
612
668
596
584
591
608
617
612
624
611
609
618
590
590
613
617
608
614
555
610
654
615
615
613
610
607
614
589
594
621
633
557
597
675
617
595
611
603
619
613
585
622
614
663
620
616
612
656
607
616
621
620
614
616
586
590
613
604
611
616
594
586
611
608
1423
612
614
559
595
616
584
613
601
612
608
625
612
655
617
617
587
585
592
594
617
613
624
592
594
621
618
612
587
617
618
609
668
614
587
588
818
590
608
668
587
617
582
583
609
613
618
585
617
668
591
585
604
612
650
614
589
594
611
607
564
594
589
608
585
614
618
615
587
612
592
593
614
592
580
623
616
592
610
620
671
670
607
585
590
613
630
612
615
610
593
583
594
860
623
614
591
590
618
598
674
583
613
606
613
588
589
685
615
584
559
597
620
595
618
614
611
617
616
590
616
677
606
611
610
592
612
562
616
672
555
613
616
622
597
623
617
587
606
609
655
621
614
615
665
607
620
608
611
594
643
655
599
617
591
590
609
616
556
616
616
606
614
610
614
630
613
590
621
613
591
617
590
680
614
652
584
592
685
585
595
619
610
591
590
607
618
615
607
568
579
619
615
621
611
612
614
590
622
621
623
615
619
590
660
587
559
597
585
607
615
614
604
612
612
615
592
617
611
592
593
584
614
613
613
615
669
614
613
612
591
613
611
559
585
588
608
614
611
586
615
606
590
587
594
614
614
590
615
614
587
591
667
611
583
669
591
569
607
588
596
613
586
609
614
598
613
672
612
607
616
610
616
588
608
588
593
615
614
616
592
609
686
591
1290
662
615
619
584
588
620
610
616
611
607
587
617
654
606
585
611
617
596
594
618
614
745
623
615
594
644
615
697
591
585
608
611
606
617
599
659
588
616
588
610
609
613
614
591
609
620
592
610
587
587
609
583
608
597
613
582
585
591
609
615
611
610
617
615
620
593
613
607
615
588
617
618
593
606
589
589
608
584
618
582
616
615
617
619
656
596
612
609
610
606
612
610
593
647
614
593
609
594
611
615
659
587
627
607
600
609
611
614
614
611
643
613
594
617
615
612
610
587
615
615
611
611
625
625
581
562
628
609
587
584
608
614
608
611
609
620
607
677
617
684
620
588
616
658
596
610
612
613
611
614
626
699
605
612
555
608
615
581
610
668
593
613
615
613
607
608
609
590
609
582
592
608
610
613
621
615
558
620
592
566
615
664
626
672
613
613
614
617
607
589
611
683
611
610
616
617
616
607
611
610
670
615
604
613
618
617
619
614
594
611
555
614
674
673
607
612
592
610
615
604
605
587
609
611
609
610
620
612
606
612
623
584
642
611
609
615
568
614
620
589
612
618
586
611
614
584
608
611
676
589
617
616
591
614
588
1014
634
612
610
594
616
613
621
615
583
615
614
563
613
607
615
589
652
616
613
612
617
619
633
601
621
588
583
608
670
616
617
559
711
611
646
608
611
617
608
620
612
587
585
1768
587
613
619
606
587
616
587
608
593
612
661
588
614
668
596
620
611
595
617
556
611
621
617
610
587
611
614
555
591
611
586
592
619
624
609
611
582
617
585
620
621
593
671
678
616
621
585
608
610
680
611
651
611
609
615
615
586
587
624
583
619
620
613
558
654
613
617
592
590
620
588
667
575
620
590
589
615
785
612
607
559
590
618
599
562
617
615
612
620
612
595
584
587
649
592
614
621
660
618
623
591
593
558
653
614
589
610
586
679
871
620
612
620
624
590
617
589
619
607
586
588
613
622
580
613
616
596
614
606
595
607
555
617
676
588
670
614
609
587
590
585
567
593
576
618
594
589
617
610
617
592
586
607
615
597
616
658
608
1740
607
586
595
591
613
622
623
595
600
610
617
613
594
564
585
608
611
612
612
613
555
557
558
590
617
915
610
586
614
615
611
611
613
613
625
589
606
623
596
556
609
610
610
582
597
608
617
587
622
612
617
611
614
583
595
592
612
609
589
639
610
596
591
608
616
590
641
598
586
593
608
607
588
604
589
559
591
611
596
558
633
618
617
585
590
592
618
618
604
594
600
617
660
557
621
655
589
584
654
587
612
612
594
614
585
610
919
617
629
625
615
599
611
607
590
596
581
611
586
618
649
611
607
614
649
623
556
590
595
607
598
617
617
606
589
562
594
613
630
592
595
664
654
612
618
589
610
612
711
590
683
590
940
703
653
565
622
687
630
558
596
592
585
611
589
607
610
612
618
617
620
588
613
616
614
615
555
612
588
671
613
609
606
561
620
586
557
651
611
592
614
564
560
618
587
616
607
599
613
592
616
612
653
620
586
611
617
588
608
618
593
1141
611
646
620
589
614
612
609
617
567
614
608
612
589
614
617
584
598
616
590
591
585
588
603
588
588
619
618
586
690
616
611
593
611
607
597
612
613
612
597
557
610
596
566
611
583
556
593
595
608
618
585
613
610
586
610
582
559
596
618
614
655
593
590
596
631
583
610
611
614
588
605
697
655
609
562
616
937
617
591
617
611
624
586
642
592
612
589
595
583
614
558
686
617
592
613
587
589
611
617
616
588
597
585
668
612
600
615
650
586
612
1725
612
594
613
612
641
609
610
589
606
607
608
588
594
982
643
590
567
613
615
612
612
614
588
614
655
614
613
615
592
590
612
614
665
597
592
584
609
585
612
592
612
624
608
604
617
583
592
591
591
664
617
607
599
590
613
617
586
610
640
555
610
607
608
592
620
682
603
859
611
614
593
669
612
556
594
618
592
612
582
610
612
586
610
614
622
615
612
606
615
613
608
609
615
607
621
616
559
612
595
588
587
673
591
592
616
594
560
591
591
616
592
618
619
609
605
605
612
614
614
614
621
609
585
610
608
606
565
622
616
606
614
647
585
619
586
639
614
597
588
614
587
557
584
644
618
625
591
613
617
591
613
597
612
575
588
598
612
613
562
614
594
605
583
610
616
596
614
611
613
588
615
611
594
590
620
616
611
590
589
615
615
1216
614
618
609
614
607
605
609
607
633
613
594
611
589
612
586
594
609
592
606
614
608
623
588
612
618
705
620
619
622
584
621
589
612
612
608
623
611
616
609
585
615
971
583
593
620
555
610
587
594
616
585
615
612
612
611
614
613
614
607
652
586
613
583
609
657
612
607
613
623
588
597
616
617
616
563
608
585
608
614
583
563
618
587
654
611
593
762
600
611
592
582
607
609
556
620
555
614
606
609
590
611
587
583
586
606
557
610
612
588
614
605
591
612
618
618
665
586
607
584
611
599
610
728
614
592
660
613
618
616
620
584
616
593
606
613
614
608
614
621
556
612
709
612
612
585
612
587
612
827
680
617
610
594
595
616
588
658
614
617
586
617
590
610
612
561
598
619
590
595
615
590
607
597
590
616
589
607
591
593
618
593
594
606
611
616
594
589
607
590
614
583
590
1176
612
592
622
618
594
610
596
598
644
607
607
586
610
611
611
568
604
676
598
620
623
659
638
612
584
587
613
585
606
615
615
607
585
601
614
621
691
608
593
591
612
684
629
588
612
618
1241
594
745
586
588
613
619
582
583
583
606
612
613
616
593
592
593
586
651
616
596
663
583
626
589
613
661
614
616
610
623
618
609
613
623
612
616
610
582
614
613
597
594
591
619
1194
610
587
613
595
621
605
612
614
609
613
629
598
593
610
618
620
619
592
649
590
590
579
613
738
585
608
609
611
591
607
616
594
585
613
564
591
612
607
593
588
585
606
610
600
608
584
620
614
556
670
594
614
614
617
701
615
612
587
612
588
611
712
621
611
612
1603
611
591
649
596
612
622
644
595
617
586
613
612
609
614
618
655
618
669
685
592
591
617
613
587
616
613
681
622
584
613
610
618
618
611
611
609
617
593
616
612
592
602
609
614
650
606
612
610
668
615
585
670
611
585
585
642
662
681
585
617
612
612
611
611
612
650
614
612
592
619
625
613
596
592
591
619
1570
586
616
611
608
607
612
623
590
617
616
676
587
615
608
559
608
607
614
639
597
618
614
611
582
610
649
593
620
610
610
591
610
666
620
673
586
1663
557
618
628
623
611
616
612
583
607
577
611
622
609
621
593
675
594
589
587
609
617
608
562
614
556
623
592
611
683
614
584
610
610
555
590
612
614
610
559
586
611
594
664
618
612
614
611
593
610
557
595
576
555
610
613
594
596
614
613
584
612
607
667
1166
607
676
614
613
589
668
621
652
607
620
623
619
620
616
618
606
586
613
605
623
558
617
587
607
614
595
615
614
608
612
607
613
583
592
614
655
611
596
615
614
595
610
602
606
587
584
617
592
714
608
606
589
615
592
715
589
616
617
595
650
618
614
615
613
560
598
620
614
1542
611
610
612
590
610
624
607
612
616
612
593
668
618
665
612
607
638
614
664
664
611
655
1368
663
611
616
608
1295
581
610
673
612
610
605
592
610
608
620
613
615
612
619
608
631
593
566
728
611
585
615
565
584
585
588
610
583
618
613
618
615
622
611
598
615
669
614
623
620
654
622
594
619
684
613
621
611
585
587
617
616
610
615
608
609
594
586
616
619
611
609
591
607
596
614
619
613
666
615
614
555
614
590
584
607
664
610
608
613
617
672
615
587
587
605
609
587
612
610
609
617
612
611
612
594
614
614
591
558
604
613
654
622
586
588
555
613
589
594
586
612
609
608
606
668
617
612
606
607
611
613
595
608
605
585
674
593
587
608
608
598
619
563
591
616
659
609
615
613
609
610
613
597
619
627
615
602
598
616
614
610
665
617
596
614
600
606
588
680
610
597
607
614
590
613
586
713
589
611
614
586
592
616
608
615
590
608
586
1263
613
620
677
616
586
586
641
613
620
607
608
618
621
616
587
658
613
608
590
610
593
618
675
577
606
617
617
599
612
602
614
586
610
685
557
613
613
614
613
592
615
612
587
611
610
611
1034
1473
588
596
589
592
609
616
591
616
650
588
623
614
607
614
614
615
609
621
613
610
619
611
618
618
672
613
623
620
621
585
595
617
589
584
582
617
607
614
619
611
613
611
588
616
592
598
620
612
674
611
593
607
1068
723
616
591
615
611
587
614
589
653
580
595
609
617
618
607
586
613
840
593
591
591
591
556
590
586
611
608
614
618
847
612
651
559
615
617
664
616
612
606
611
585
993
589
614
593
615
614
613
611
595
648
605
612
606
610
608
613
583
608
617
608
706
607
662
619
586
650
613
609
592
618
631
602
556
623
624
609
608
613
589
611
636
655
609
615
611
621
621
585
598
606
613
605
626
589
595
593
589
608
610
1260
609
608
602
613
653
617
617
612
584
613
583
592
648
603
613
617
609
610
597
615
608
607
589
608
613
608
587
613
566
616
660
630
598
1423
618
633
589
612
590
619
614
616
592
597
555
616
613
583
624
596
614
675
616
615
607
607
607
589
608
607
615
583
616
646
611
609
594
586
614
582
654
607
658
608
1232
600
591
616
595
593
658
590
609
611
680
609
616
621
615
559
621
619
604
661
635
589
623
616
635
612
585
616
620
615
663
608
609
619
606
617
586
615
614
613
616
612
612
588
612
555
608
613
613
610
586
611
565
619
668
611
585
589
584
605
598
593
607
672
685
596
617
633
672
591
614
617
595
614
603
584
590
610
581
587
654
614
595
602
667
622
1310
589
620
621
607
607
870
599
664
608
608
592
597
609
675
608
593
615
607
621
597
587
611
610
615
589
587
589
608
622
593
669
608
618
594
617
555
659
668
668
598
619
622
619
615
621
611
617
618
617
624
615
590
607
563
617
618
612
626
617
591
617
595
592
593
617
640
665
557
585
606
612
615
616
654
611
609
612
666
620
582
582
654
617
614
588
650
585
584
589
614
594
612
613
617
612
633
577
614
614
587
616
609
619
600
697
583
613
602
657
584
591
612
608
564
613
615
594
591
703
583
622
610
595
587
620
618
594
623
590
591
618
578
586
617
612
616
610
613
594
614
616
711
679
620
588
599
614
612
658
619
608
1203
610
614
616
613
607
616
588
586
609
675
616
597
624
567
586
616
587
611
604
588
606
615
661
639
584
606
611
616
668
991
618
634
618
616
613
619
619
608
619
591
613
588
611
620
592
687
660
658
608
613
622
1280
609
606
634
610
588
596
600
829
597
612
675
625
581
587
662
555
606
612
614
620
617
622
592
584
621
614
618
616
621
620
589
657
615
585
593
616
616
606
652
616
613
591
595
619
616
556
613
613
605
613
612
585
588
615
610
585
594
618
618
610
614
624
618
615
607
611
614
612
614
612
610
588
615
584
609
556
596
595
619
612
574
611
614
610
583
610
618
591
584
555
611
674
622
616
619
555
650
627
595
587
623
592
585
557
598
595
668
555
596
587
679
617
596
611
617
572
587
613
592
608
604
618
611
614
667
593
610
592
607
617
642
616
598
619
616
614
668
617
618
623
592
612
623
620
617
617
619
617
567
622
616
585
698
585
618
592
589
606
612
576
613
587
618
620
583
614
613
613
607
593
674
601
606
622
610
611
616
589
622
617
590
615
639
588
610
615
582
617
616
587
661
596
616
590
594
584
609
595
640
612
612
618
555
654
598
616
614
613
601
609
610
609
590
618
585
608
618
607
662
606
565
617
557
615
596
589
614
606
649
587
609
631
608
583
614
591
812
583
607
613
559
585
619
591
594
664
614
660
612
595
612
591
590
642
614
611
584
619
578
613
612
596
591
979
612
588
558
613
585
589
586
618
596
612
677
618
586
613
641
614
618
782
595
590
592
617
592
624
607
616
614
648
610
557
610
614
613
617
613
617
668
611
600
610
607
611
614
607
613
613
602
612
587
616
611
581
617
612
608
609
615
587
583
638
612
605
610
590
613
611
607
612
596
587
680
612
610
727
610
622
589
617
610
558
556
612
587
614
597
640
594
587
591
615
609
605
609
617
615
594
588
613
593
619
610
610
608
613
654
684
690
588
614
857
619
568
710
612
612
612
600
613
611
597
617
587
614
660
629
673
611
620
698
598
612
594
564
585
649
556
592
609
591
616
612
609
586
596
613
613
594
612
591
588
601
615
594
623
694
605
588
556
585
582
661
588
611
612
613
615
620
594
622
612
612
619
594
598
617
587
667
612
606
605
610
615
652
614
608
613
584
613
591
608
606
666
611
607
608
609
612
608
616
611
607
612
593
613
680
613
662
606
581
591
615
583
612
613
614
606
610
623
614
609
612
621
596
614
615
613
612
616
613
585
609
688
664
590
607
592
608
608
588
616
607
879
611
588
655
666
669
589
607
625
612
594
612
613
590
616
611
681
587
616
1068
611
612
612
614
590
611
613
607
564
611
675
587
1592
609
617
608
594
561
585
587
617
613
607
610
607
634
611
665
620
1404
614
613
610
1176
617
611
610
652
614
616
607
903
620
616
589
608
585
587
612
585
556
586
604
560
622
611
587
612
642
591
588
623
601
590
614
611
618
616
618
618
611
590
651
614
584
586
612
674
608
587
609
615
592
610
597
614
618
600
607
614
612
616
585
613
618
617
590
634
610
623
611
587
623
592
617
617
618
612
613
637
607
609
567
607
612
629
611
615
587
581
607
605
614
610
591
555
596
590
584
612
615
588
613
657
590
608
607
589
591
587
617
611
595
613
619
587
614
653
606
559
620
609
610
612
600
587
561
611
668
613
654
582
584
677
592
613
619
617
621
612
609
615
610
612
620
593
584
612
610
591
622
617
607
609
589
619
582
616
617
616
618
593
595
612
606
619
594
652
557
615
611
596
582
589
587
585
590
614
562
629
620
607
584
668
562
592
612
613
585
612
556
670
613
614
610
608
589
615
707
555
656
623
612
618
614
587
615
598
582
607
616
586
614
615
612
598
569
606
614
587
555
608
608
616
591
618
653
620
613
555
619
616
614
590
586
964
625
623
605
613
618
617
619
616
593
605
643
617
615
608
617
559
608
599
592
616
594
627
603
620
557
618
715
585
555
614
621
589
600
613
591
637
594
621
632
611
988
562
596
616
610
596
617
671
612
587
617
611
609
618
593
616
609
613
592
683
673
586
656
621
612
559
611
739
617
614
682
606
617
613
657
587
624
633
617
615
626
620
587
676
610
594
588
592
605
608
610
609
592
614
615
555
617
614
594
616
615
607
614
637
637
645
613
612
614
611
557
557
588
661
617
607
607
615
591
607
619
620
615
617
608
611
586
590
587
593
605
586
615
595
607
655
605
612
604
613
613
611
646
608
612
588
619
619
616
611
589
611
616
594
600
611
612
612
610
590
612
612
591
584
612
651
674
612
605
601
597
662
722
597
574
616
606
613
556
622
620
610
697
582
591
567
616
613
567
611
613
587
614
616
622
618
584
658
621
608
619
618
610
671
618
622
585
612
614
575
597
574
589
606
619
618
615
607
612
590
591
607
587
584
715
620
614
608
607
555
588
622
620
616
587
590
643
633
612
584
572
589
613
614
624
594
586
617
619
614
606
623
615
588
586
588
612
594
622
618
590
620
622
611
590
556
616
609
584
579
560
556
611
646
592
622
654
598
622
591
609
614
585
618
605
594
558
1389
621
614
663
668
607
587
608
593
589
612
596
595
611
616
607
812
727
955
592
614
594
616
614
611
618
617
584
614
613
613
619
616
608
612
613
592
584
617
617
611
608
610
631
587
1720
613
1210
612
557
613
615
613
615
612
614
656
584
555
617
613
677
593
596
594
591
591
607
614
619
614
604
615
703
589
614
608
611
584
1390
722
623
611
641
614
632
607
614
621
564
671
611
591
614
665
816
618
610
576
681
596
616
615
608
605
608
606
588
619
609
603
624
609
614
611
616
615
555
584
606
594
661
613
593
597
592
595
623
610
614
613
653
657
592
618
613
613
607
605
613
613
594
586
673
608
609
615
592
618
595
587
605
612
606
613
603
797
592
642
590
586
608
586
1256
610
610
614
609
585
613
603
624
613
593
576
613
584
605
595
587
616
600
616
606
613
619
612
671
608
613
612
616
566
711
612
590
594
636
612
665
662
608
611
607
607
615
617
608
586
585
609
606
606
607
615
590
615
614
613
620
556
620
612
585
612
613
614
615
607
588
623
615
602
573
594
615
618
617
588
612
614
609
663
607
595
590
652
615
615
657
613
589
608
590
608
604
659
611
606
590
607
616
643
593
663
661
653
585
613
585
648
697
617
608
612
621
589
1355
592
608
614
606
703
586
618
586
615
611
615
618
556
615
611
620
594
615
660
583
646
586
584
614
584
818
589
643
611
611
645
607
606
612
612
607
607
614
614
557
567
642
607
609
609
591
623
614
584
612
659
611
591
684
831
617
607
614
585
588
613
610
608
612
586
595
588
559
556
592
610
587
591
611
611
594
608
593
611
637
583
622
587
609
588
585
624
588
617
646
615
609
620
618
615
616
587
615
655
613
585
612
611
612
589
615
610
612
591
603
594
615
603
617
619
618
656
666
598
621
613
588
609
619
593
1378
608
650
583
624
559
728
618
615
599
619
616
610
612
584
659
559
617
611
615
663
616
658
613
615
614
610
587
609
596
615
612
610
618
612
611
613
609
607
655
592
612
616
618
891
607
606
677
616
596
600
599
555
592
614
587
623
615
673
614
625
607
673
608
615
672
588
584
595
587
617
616
616
590
683
592
661
557
613
611
614
672
609
667
591
614
619
592
614
615
582
613
596
612
608
683
618
615
614
609
682
619
619
594
608
608
908
614
611
600
597
611
598
617
611
612
614
609
606
607
606
610
616
573
608
617
606
588
607
608
607
593
595
613
613
585
584
582
608
609
605
613
615
593
586
611
588
612
608
592
594
574
613
613
615
604
614
608
625
606
599
612
614
592
593
599
611
640
621
593
615
612
585
626
650
583
676
609
610
618
591
628
608
617
589
609
555
613
583
608
588
608
591
607
607
608
608
620
611
620
594
622
613
611
599
613
591
618
582
590
588
613
616
657
613
614
605
613
620
614
1650
616
596
616
619
616
612
617
690
608
593
608
613
608
620
619
593
613
585
616
1360
612
606
585
646
608
587
617
610
644
614
617
588
618
610
613
604
586
594
613
618
600
1520
616
612
605
619
586
618
607
592
590
619
617
606
596
611
611
584
612
613
592
610
664
593
607
663
609
608
671
654
616
610
609
609
613
612
565
613
610
587
585
611
616
592
588
619
685
583
616
617
610
613
595
556
632
612
593
620
587
585
591
617
586
581
585
608
616
610
588
608
587
671
622
590
609
558
608
616
612
678
607
615
617
593
557
644
588
587
676
611
614
613
610
590
608
593
584
614
609
608
615
618
619
587
609
608
608
613
616
659
621
614
608
612
604
666
612
643
611
616
617
590
629
606
612
640
707
623
683
676
609
645
614
598
591
607
618
561
611
630
612
613
611
623
615
593
616
589
609
670
612
616
607
621
604
611
618
619
594
607
659
618
589
614
612
648
608
614
589
589
604
605
583
608
614
559
1429
614
615
652
605
589
612
591
613
671
612
612
612
583
584
607
572
612
633
609
590
617
619
617
596
597
607
588
614
609
608
595
556
621
589
619
613
616
613
594
563
612
624
591
607
608
614
610
598
615
594
616
611
561
611
587
589
623
620
606
605
608
608
621
591
674
618
555
584
596
612
611
656
617
618
611
591
644
611
613
612
614
648
615
590
557
611
614
585
612
614
610
619
564
561
585
617
587
611
618
612
615
592
621
589
620
616
681
614
615
609
612
610
563
611
591
651
622
619
608
594
1455
587
628
620
655
588
616
605
614
588
620
599
592
616
612
617
611
616
586
613
611
596
881
612
1303
583
656
597
583
612
612
606
613
615
612
591
609
605
611
614
619
592
584
624
569
621
655
1045
610
591
592
625
609
655
556
611
612
571
615
593
621
614
618
610
616
617
588
633
589
615
614
614
612
619
643
615
620
888
563
590
584
661
591
666
593
585
612
590
604
598
611
809
590
615
617
606
584
614
606
597
594
611
594
620
555
615
591
607
615
614
613
594
650
581
606
617
627
565
587
596
620
612
639
600
660
611
607
608
587
561
586
605
586
616
613
573
591
620
613
617
589
629
726
675
589
620
589
588
615
614
614
590
615
598
596
593
577
587
618
593
622
607
611
613
609
658
619
615
586
611
616
597
607
596
587
613
589
588
608
793
595
592
594
587
618
584
660
608
616
646
617
610
612
606
611
587
657
616
587
620
615
575
555
588
659
622
608
704
609
615
611
612
613
583
713
589
613
585
649
612
607
616
608
591
610
605
591
619
615
610
656
616
587
615
583
594
585
619
613
588
607
592
597
586
666
615
618
586
590
556
623
592
618
616
610
611
618
609
608
613
607
615
590
616
582
648
616
584
618
593
618
592
612
695
617
865
653
587
592
589
610
660
592
615
609
558
607
617
618
612
583
612
610
660
607
586
611
586
581
643
566
604
621
602
612
621
615
626
619
609
591
692
599
616
612
617
611
692
555
615
556
595
616
584
617
595
616
606
585
593
609
592
592
611
586
585
610
636
613
615
588
616
621
610
667
593
623
717
587
669
716
612
592
587
593
616
615
585
613
591
618
586
612
594
608
609
611
666
616
606
584
587
610
614
615
589
617
607
615
616
589
614
585
614
594
620
596
610
585
597
585
607
616
607
585
585
614
622
623
586
613
611
622
613
614
586
610
612
583
616
626
556
625
589
629
591
587
670
561
620
615
590
582
617
617
590
578
616
622
593
650
590
618
607
607
612
603
699
618
611
567
591
592
587
592
661
616
584
607
567
593
658
1264
557
625
627
602
618
615
584
613
606
606
606
614
587
607
606
641
609
601
614
605
617
612
623
612
609
589
595
615
610
592
585
608
608
638
607
603
609
586
621
620
616
586
617
591
613
584
664
610
613
614
607
614
619
609
587
589
599
619
615
617
600
696
609
628
675
680
637
615
599
611
609
691
657
610
585
607
594
622
594
588
591
626
585
555
590
583
611
583
611
584
608
611
613
593
617
587
588
593
558
616
622
590
594
592
592
584
593
662
615
598
665
612
610
559
614
595
618
609
593
613
582
659
610
661
664
618
681
612
644
586
593
631
617
614
614
609
614
615
662
603
612
676
615
611
606
674
611
653
708
595
618
607
618
609
659
586
617
622
584
585
620
615
605
621
616
598
620
586
619
595
596
608
611
618
616
614
583
589
596
675
607
678
594
614
704
615
607
587
614
621
585
614
607
625
709
1312
1315
620
672
596
828
607
616
610
589
710
610
607
655
667
611
589
586
618
589
646
607
623
622
619
657
616
593
590
589
614
669
593
622
589
660
663
586
612
589
617
613
672
667
642
586
615
580
609
655
651
613
558
621
616
580
557
586
619
589
719
601
613
607
612
586
614
595
561
591
589
574
619
616
612
587
615
609
666
609
590
612
615
708
559
589
612
589
607
611
620
606
607
608
615
619
607
587
618
588
610
589
611
648
617
616
594
615
614
621
672
611
564
615
596
634
609
609
587
611
618
607
589
725
617
592
598
619
582
607
589
605
637
612
623
590
610
614
616
587
589
612
587
583
559
621
612
619
579
607
645
622
593
588
674
617
614
615
661
606
609
613
567
619
612
595
616
593
610
595
659
614
595
614
614
619
611
616
678
652
612
613
655
607
647
615
609
614
589
566
656
589
615
675
607
607
561
617
588
609
590
586
611
621
557
558
588
614
620
585
590
606
613
586
606
614
606
590
614
605
594
611
647
610
586
609
851
586
617
612
610
608
679
594
595
809
588
1335
621
584
610
589
619
594
616
596
598
591
618
616
613
607
588
611
610
587
596
622
617
592
616
589
617
608
584
618
590
608
610
612
557
585
592
591
607
612
1263
613
591
589
655
582
606
584
659
630
612
689
608
613
614
605
620
599
614
1380
672
638
625
696
614
613
667
595
595
589
608
616
608
617
614
629
614
608
636
1575
611
608
607
608
611
609
616
612
556
584
615
660
615
596
624
594
618
557
586
618
617
617
631
616
622
592
556
587
588
621
656
614
623
644
591
683
611
616
613
661
607
614
585
615
618
599
593
613
612
593
611
608
605
614
659
590
677
612
589
661
591
597
587
613
608
613
615
609
608
613
619
587
622
616
587
663
618
597
608
609
593
603
617
664
614
614
607
618
587
613
610
613
618
616
656
590
636
981
607
610
607
595
608
633
592
584
621
619
610
608
606
608
615
615
612
670
616
561
619
606
564
612
611
609
1135
653
588
618
619
620
624
616
584
558
608
617
613
664
612
662
613
598
619
664
606
586
614
691
671
611
614
612
620
618
609
605
608
613
616
608
617
606
620
613
583
591
592
708
612
590
586
618
612
587
609
613
616
621
613
608
613
618
564
621
719
587
591
587
593
613
594
619
612
817
612
609
585
622
594
609
612
593
616
606
598
591
618
613
676
597
607
607
670
555
608
588
557
597
587
583
592
582
625
610
1537
611
615
589
580
615
588
590
618
617
611
613
592
589
614
615
612
608
613
617
613
613
588
676
671
593
611
605
589
591
638
591
590
582
657
584
608
604
587
612
587
614
584
606
608
587
617
668
612
591
590
614
609
578
597
618
592
592
654
594
586
609
613
621
611
609
612
620
613
589
649
586
614
616
577
613
558
588
611
619
620
588
614
591
556
614
610
612
615
610
615
561
608
617
582
712
591
611
618
557
611
557
609
605
607
685
595
619
610
586
556
617
616
619
586
615
592
581
1284
602
586
615
587
589
616
589
619
586
868
591
616
671
612
616
633
622
609
618
611
587
616
603
592
593
584
612
593
585
564
592
603
614
587
591
615
613
611
611
603
610
612
657
608
608
670
613
612
673
588
671
642
621
585
589
615
610
609
588
614
589
617
614
592
583
614
636
614
616
592
616
586
616
609
612
623
617
589
616
668
923
1037
607
611
617
614
610
608
584
611
608
611
611
612
608
613
681
609
610
623
589
591
615
608
614
593
704
607
634
634
558
609
810
559
585
608
590
614
611
583
606
615
588
659
659
615
591
585
614
625
617
602
589
615
629
588
583
613
614
620
609
610
587
612
615
588
721
613
595
669
590
614
586
615
634
615
618
606
610
615
592
564
579
622
617
637
617
613
608
613
613
619
612
592
663
594
588
615
619
617
594
585
611
555
640
618
618
647
621
658
612
596
619
601
595
613
612
617
611
607
603
596
589
587
619
661
611
619
618
576
591
617
681
607
604
613
635
608
664
618
625
669
616
620
613
668
612
592
608
587
636
608
583
612
604
617
592
560
612
584
591
593
611
615
587
615
612
615
614
616
614
618
613
622
586
618
634
588
613
616
556
608
613
615
655
593
608
581
557
610
631
620
814
599
607
611
615
612
613
628
594
615
691
613
612
606
608
617
622
610
571
593
609
618
593
617
556
616
683
591
619
614
618
595
596
616
588
613
605
567
588
617
616
614
594
610
617
613
615
587
617
611
617
610
590
610
584
583
590
609
613
616
593
608
620
589
620
586
616
620
616
657
698
610
591
595
618
614
615
611
593
685
589
593
616
616
608
606
583
592
612
704
609
616
594
587
557
588
615
614
580
595
619
619
616
610
591
620
623
587
616
589
595
593
609
615
606
639
609
595
587
591
616
615
580
612
586
667
609
592
590
589
613
618
606
612
592
615
616
610
613
663
613
616
584
637
593
612
609
610
592
612
592
590
646
586
658
619
597
620
611
618
613
559
584
614
623
613
596
615
584
612
611
619
615
609
607
615
608
608
606
660
585
587
582
608
707
593
613
712
607
615
610
615
617
667
570
591
635
617
610
607
583
593
600
613
608
612
612
609
707
639
586
606
597
608
606
624
610
617
569
617
601
614
689
615
660
662
663
602
612
607
612
607
589
615
613
672
585
614
610
619
669
595
613
618
612
589
614
642
610
592
616
618
629
558
618
631
611
614
592
615
586
612
592
609
614
611
603
621
683
613
648
607
616
600
1280
587
623
617
604
614
590
586
591
615
613
621
593
617
614
664
622
593
662
610
614
616
616
584
610
614
660
662
584
617
585
592
607
618
613
613
592
585
614
618
611
587
612
614
605
583
619
623
623
614
616
616
645
616
613
607
618
621
589
582
614
607
585
589
610
609
618
610
618
583
611
609
592
608
584
615
605
587
605
607
613
612
633
587
596
610
615
615
612
942
599
573
555
591
669
618
593
622
612
618
616
592
613
608
587
595
622
615
684
622
622
670
643
619
616
591
576
619
614
682
612
624
617
557
612
606
613
617
588
608
616
610
589
615
610
685
640
612
624
614
713
591
617
588
616
616
684
607
608
589
608
589
609
591
589
617
620
589
618
578
602
608
593
562
596
578
663
611
617
589
615
611
621
661
617
608
608
611
583
561
597
660
619
603
607
656
611
592
594
585
614
609
609
591
610
610
587
587
587
612
617
809
617
556
627
586
661
674
590
587
610
611
617
619
583
608
597
646
556
694
612
817
618
616
609
625
613
609
593
610
661
564
618
587
614
594
607
620
612
650
613
662
616
661
614
615
613
585
612
584
591
611
570
565
620
596
663
613
618
609
683
583
613
592
598
647
594
605
607
613
613
613
592
591
591
628
617
586
611
590
628
589
589
650
606
592
610
621
623
610
558
627
585
594
596
612
607
615
684
590
600
624
555
617
609
587
588
613
605
605
582
584
616
607
630
613
623
594
614
588
611
613
675
593
612
613
603
1661
588
616
592
608
606
721
624
620
615
611
613
589
615
596
612
604
614
676
679
638
589
594
582
559
614
622
617
587
590
610
610
617
590
612
610
614
599
615
558
640
619
592
588
561
596
615
616
614
617
601
595
620
611
584
611
593
607
613
612
610
557
617
642
611
613
563
705
617
612
709
831
598
590
608
591
617
682
590
636
595
603
612
560
610
642
612
638
609
613
620
587
594
650
614
636
582
622
587
615
624
662
612
613
613
597
811
707
616
592
621
611
613
590
587
591
618
588
588
629
566
617
608
621
591
608
608
613
591
650
584
680
652
659
592
589
619
617
555
606
589
593
592
590
605
611
613
611
672
620
558
615
613
650
591
649
587
589
594
610
612
606
603
693
587
617
618
589
605
608
589
620
701
611
607
611
590
614
607
614
607
610
609
589
583
618
589
616
590
611
585
591
621
592
608
612
607
615
615
593
613
616
608
621
615
612
615
602
559
612
619
653
607
608
609
618
617
610
592
602
617
613
593
642
607
615
613
592
614
613
590
607
615
613
617
585
648
609
592
589
586
614
584
610
589
558
614
606
742
597
613
617
613
613
624
589
613
612
613
560
700
634
614
625
555
555
617
629
594
664
610
569
622
606
564
1069
604
612
