272
263
324
280
287
259
283
280
260
331
280
280
279
282
279
283
275
280
280
281
279
282
269
282
280
283
296
284
276
258
346
288
369
283
368
258
281
284
284
282
274
280
279
355
293
280
280
281
279
272
258
288
259
293
274
282
293
283
279
278
281
344
285
279
279
284
280
347
279
283
283
278
278
283
259
288
294
287
259
287
258
285
281
275
282
617
254
258
339
258
271
280
258
274
839
330
283
280
284
280
280
277
350
288
285
281
270
279
287
280
280
284
330
283
280
282
288
259
258
279
279
279
280
298
280
278
258
283
281
282
279
262
285
287
286
280
285
273
284
284
259
280
280
281
280
339
278
279
280
271
291
280
294
286
288
280
280
284
283
282
289
302
280
278
258
280
262
281
278
279
257
284
286
359
279
265
283
291
281
283
279
267
257
261
286
258
290
286
275
258
282
283
280
280
288
263
290
268
280
275
280
259
284
705
279
280
284
339
289
290
438
279
278
272
283
287
285
271
281
329
286
285
354
280
331
267
259
281
279
281
280
280
269
332
280
292
281
281
280
287
282
330
258
281
280
281
281
273
301
280
281
278
280
288
280
269
280
293
288
280
299
279
288
280
277
359
279
280
258
280
279
284
259
279
283
350
290
285
272
289
269
280
269
274
320
282
658
280
280
283
280
290
259
279
280
638
283
280
285
257
284
280
325
280
279
275
262
280
292
278
284
270
609
279
262
280
284
280
280
280
280
287
281
258
258
286
287
280
260
280
280
290
284
260
280
282
279
279
280
282
280
287
279
280
285
258
280
285
281
325
283
281
280
287
280
292
285
281
292
281
614
279
280
292
270
289
277
280
269
280
281
285
280
271
288
288
285
336
280
284
275
280
280
280
258
283
284
289
287
284
421
284
280
268
280
279
280
288
454
374
272
258
287
280
352
280
258
258
291
258
286
259
281
286
295
283
281
284
258
280
283
278
277
280
280
284
270
284
281
282
282
282
781
283
284
280
280
447
279
284
347
283
281
262
272
322
286
274
359
259
279
262
287
289
357
281
281
279
279
280
290
283
271
281
283
346
258
258
273
284
348
279
273
271
279
259
258
280
280
280
280
298
279
279
279
280
280
282
280
352
278
283
280
321
283
287
279
280
281
259
323
280
280
279
279
285
280
281
287
281
280
280
280
288
282
279
280
270
284
286
280
258
278
279
287
318
284
285
284
280
283
294
290
280
258
275
258
350
279
281
278
280
285
280
281
286
283
321
282
346
279
280
288
291
282
280
281
289
284
291
279
257
280
283
279
283
606
280
279
285
280
260
280
280
259
279
622
264
280
281
280
279
279
280
281
290
281
291
269
278
281
280
280
290
281
281
284
283
284
281
283
283
289
285
258
284
281
280
295
326
280
275
342
286
517
258
279
371
280
626
355
257
278
279
287
279
280
280
280
290
288
278
299
262
279
281
281
284
275
280
291
275
270
280
739
280
258
280
279
284
295
284
278
285
290
277
271
280
283
280
280
280
271
282
280
269
282
281
280
290
277
280
273
285
280
280
282
333
280
281
286
294
279
284
263
508
281
283
284
292
285
281
282
258
280
270
284
280
259
281
284
269
283
280
280
283
280
271
280
280
284
295
283
372
283
281
279
269
274
329
279
283
285
339
287
279
285
283
286
288
279
284
259
279
281
291
280
293
345
281
280
281
283
324
280
326
284
280
279
281
284
290
280
281
281
280
280
285
281
273
280
286
282
280
283
280
280
281
280
280
287
279
272
290
280
279
279
414
275
269
280
280
301
284
289
354
414
281
283
287
283
281
282
267
279
279
281
283
292
323
289
280
258
280
283
288
280
280
286
281
279
280
280
350
267
280
279
280
283
278
280
283
258
259
279
281
279
280
326
290
283
343
279
280
289
282
280
258
288
281
284
279
258
268
281
279
279
281
593
259
279
284
259
287
280
279
282
522
291
275
279
280
280
260
284
280
273
280
280
281
279
280
281
261
285
280
284
340
285
262
291
279
278
278
280
280
280
287
281
294
279
282
280
275
281
283
279
282
288
274
280
268
281
280
281
282
278
280
346
281
280
280
280
280
280
257
281
258
286
281
343
262
284
258
281
279
284
330
287
280
279
570
280
258
280
284
280
284
260
281
281
263
281
282
258
356
260
282
281
269
259
280
286
287
284
283
258
281
258
273
279
259
337
279
281
273
261
284
279
280
359
282
279
280
290
279
279
284
280
280
285
280
280
279
281
292
280
280
280
269
731
282
280
265
295
281
279
282
280
280
284
288
281
292
282
323
287
283
258
271
280
280
259
280
284
289
280
289
716
279
286
279
279
289
259
344
287
281
281
280
280
258
285
283
284
275
290
284
281
352
291
690
279
327
290
284
284
280
290
282
295
283
280
280
290
280
274
280
268
258
279
280
282
280
280
280
289
280
285
280
273
281
282
290
279
280
280
258
339
272
259
258
278
282
281
282
288
283
283
349
316
279
280
280
271
281
279
280
290
280
286
282
270
273
259
280
287
258
273
280
349
329
290
262
275
280
285
287
282
280
262
280
279
279
273
258
284
258
259
295
281
254
279
282
284
280
258
291
271
296
280
258
280
281
297
267
295
345
284
258
279
280
280
292
281
285
284
257
280
285
279
286
272
262
279
288
295
280
279
296
258
293
291
272
280
359
280
287
281
279
276
259
280
261
286
739
280
283
271
279
281
257
280
280
281
257
279
288
283
280
259
281
281
280
280
280
281
289
266
279
280
282
327
283
276
279
280
279
287
290
284
279
280
284
280
280
281
282
258
281
282
279
279
268
280
262
259
281
271
281
281
259
285
280
284
282
279
349
287
270
291
258
281
267
258
276
284
279
352
280
278
279
283
279
281
280
280
290
287
276
282
259
258
280
282
284
279
279
262
281
288
291
291
262
283
279
285
279
283
283
286
259
281
281
258
284
286
338
287
284
281
279
287
283
279
294
280
279
279
282
273
286
288
272
282
280
280
281
290
279
281
279
354
334
285
281
708
286
285
289
258
281
282
257
291
264
358
285
280
279
286
280
280
280
301
282
279
322
338
281
285
281
281
284
282
280
279
275
259
281
275
259
257
280
259
291
280
281
761
334
284
284
285
281
280
280
291
259
279
280
289
284
258
282
278
349
317
274
277
284
284
278
283
280
384
297
269
286
283
282
283
283
280
282
270
259
279
283
280
279
766
275
279
283
273
280
282
258
286
259
281
281
257
280
283
331
288
269
258
279
291
281
341
280
283
269
296
352
280
279
280
279
272
270
280
282
271
258
280
269
281
288
281
280
279
258
281
354
280
281
280
280
286
259
280
286
283
278
286
363
280
279
271
280
280
258
342
280
279
285
276
279
279
290
280
332
280
275
280
287
280
271
284
280
258
443
280
276
280
284
280
279
280
282
281
289
258
262
258
283
282
280
258
284
353
624
262
282
280
282
292
281
280
280
268
279
336
281
284
280
280
271
280
275
282
280
281
280
286
275
279
287
776
286
280
283
284
271
283
322
268
280
287
342
281
269
339
282
284
288
271
269
280
283
291
313
294
281
279
293
283
259
283
258
279
284
284
279
286
279
351
258
283
279
279
747
273
280
260
279
549
281
280
279
281
280
284
280
280
279
280
273
335
279
285
285
282
281
284
279
280
271
281
281
275
278
283
286
259
280
282
282
281
280
315
283
281
286
281
270
270
276
280
280
280
282
279
279
258
289
262
258
284
270
279
279
283
350
279
280
284
281
281
294
259
258
280
283
279
279
280
285
280
258
280
258
285
285
290
282
258
258
280
280
280
273
259
291
279
280
280
280
331
289
323
286
278
285
280
280
281
279
279
280
286
335
274
287
280
571
286
283
280
281
258
258
279
291
282
280
273
282
282
259
272
281
287
342
316
280
288
280
290
280
288
279
293
279
293
275
261
279
280
279
280
280
274
279
297
279
262
273
280
422
278
284
288
284
279
279
280
282
281
281
330
279
272
280
279
280
286
280
339
280
290
282
281
279
287
262
259
281
280
273
360
279
279
259
287
351
283
273
303
267
254
283
282
280
280
279
290
276
284
281
258
327
280
280
282
281
284
261
285
345
284
258
280
280
271
286
293
279
262
280
279
322
259
279
258
285
284
280
283
280
258
280
284
289
279
281
369
280
280
270
294
332
276
292
281
280
278
281
292
273
283
284
449
280
286
278
257
283
284
258
279
281
283
258
281
279
262
279
278
258
272
280
280
258
270
281
284
295
282
283
280
258
286
645
287
377
281
276
344
282
279
258
280
339
274
280
283
283
283
286
279
280
280
283
279
291
291
322
333
280
276
279
287
280
279
329
258
281
258
280
258
280
281
263
287
285
271
279
280
281
286
280
279
280
280
281
280
280
345
281
281
348
375
272
259
336
280
281
258
279
282
288
258
283
284
280
279
269
281
279
766
282
348
258
279
279
279
279
261
262
279
331
257
280
280
281
284
280
281
290
280
279
280
284
277
260
283
279
307
320
280
287
281
281
279
289
279
289
282
279
280
281
280
290
281
268
284
281
281
276
283
279
279
281
280
346
281
489
275
258
258
262
274
279
280
290
281
320
285
281
294
327
259
288
292
787
282
283
280
280
280
281
287
280
283
281
346
279
284
313
258
280
280
305
286
279
279
279
281
279
258
279
281
284
292
292
283
289
281
281
286
272
266
285
292
455
281
292
280
280
279
280
284
279
280
281
340
274
303
287
284
276
283
276
275
279
283
259
280
281
280
279
279
287
286
279
253
280
280
281
293
279
291
280
276
577
280
343
279
279
279
285
301
282
280
279
275
279
284
270
281
258
269
280
283
291
281
285
258
270
331
280
281
276
615
280
281
258
461
280
279
285
282
279
259
280
272
758
281
289
258
290
765
280
279
280
279
275
280
279
280
332
280
275
286
285
283
326
279
350
280
259
283
285
280
284
259
279
259
280
288
280
279
335
279
281
279
283
275
281
267
279
280
293
274
332
253
291
286
283
346
286
308
282
283
286
289
288
280
286
281
385
287
284
283
287
282
279
277
275
280
312
258
282
282
278
279
279
276
796
284
283
281
290
262
291
280
280
295
281
257
280
282
279
295
262
283
279
258
284
281
318
275
258
279
259
288
289
280
287
349
273
288
262
280
288
280
279
280
268
281
286
279
279
258
280
267
280
347
358
284
344
279
258
283
288
279
286
279
276
288
280
280
344
272
280
280
280
279
285
279
254
280
281
280
258
257
280
286
381
281
279
283
281
258
279
285
281
279
289
279
279
259
280
291
280
278
280
279
295
282
280
285
257
257
260
361
291
270
766
508
277
279
280
280
281
333
292
286
280
282
280
277
282
270
280
279
280
280
280
280
284
280
281
283
262
286
290
284
280
280
282
268
275
288
333
265
284
273
258
287
266
290
279
334
281
280
283
262
279
259
254
284
280
283
258
279
276
279
280
331
279
286
272
279
281
279
280
280
301
323
276
285
267
259
278
258
283
281
272
272
283
281
503
280
281
280
282
369
280
282
287
279
280
279
281
279
286
277
278
283
278
279
258
275
280
283
279
280
275
284
278
281
280
269
258
279
280
280
280
259
279
284
283
269
280
268
280
283
280
285
279
281
292
259
283
331
281
281
280
258
295
293
281
287
258
283
279
262
258
335
279
372
259
278
266
283
282
282
803
258
290
271
281
287
283
294
283
281
280
279
280
281
258
295
281
258
287
280
262
295
283
284
275
280
279
258
284
258
283
280
289
283
288
259
280
279
287
282
287
283
280
285
285
282
293
280
343
280
277
284
260
279
280
281
326
279
268
280
279
287
284
257
284
285
280
281
284
280
280
280
263
280
279
280
279
575
279
283
280
287
281
281
282
280
281
281
290
280
285
279
282
279
285
282
280
276
284
283
279
278
274
283
280
286
285
279
279
284
281
260
258
268
280
283
281
288
282
295
336
280
286
284
344
280
284
283
284
280
353
286
289
280
280
283
280
279
280
281
280
280
279
320
283
280
282
280
281
285
279
284
279
258
279
279
286
285
287
257
280
288
260
272
282
280
280
259
282
284
279
280
258
273
279
279
283
283
280
267
280
323
284
280
283
279
275
284
281
284
280
280
279
281
283
280
282
280
259
281
281
290
336
286
341
287
284
286
279
280
279
285
283
272
280
274
282
279
282
334
281
258
279
259
280
283
284
652
280
259
281
280
275
284
258
262
279
259
287
279
281
280
283
280
286
280
334
259
279
281
284
286
280
451
279
282
291
258
280
553
356
279
280
280
283
282
281
349
291
280
280
274
283
286
286
283
258
260
281
280
338
279
280
280
285
286
281
275
258
279
278
262
285
281
281
291
284
298
268
279
290
281
284
278
270
258
274
259
258
280
260
262
279
257
284
258
284
334
284
281
280
283
280
279
281
340
279
289
259
280
282
281
259
284
286
287
279
279
273
285
280
297
289
281
279
281
280
285
280
280
258
281
282
276
283
279
288
287
281
283
260
292
283
285
281
287
282
281
279
271
286
258
293
332
275
281
280
281
289
263
259
284
270
280
287
287
279
280
286
279
284
289
283
287
283
268
260
275
283
268
280
283
283
283
678
259
297
280
287
258
259
334
280
284
273
280
280
285
257
280
279
295
290
291
258
287
285
285
283
286
290
285
281
278
290
284
290
275
269
282
279
280
291
285
280
258
271
283
280
259
279
280
259
286
280
270
262
289
280
281
334
286
280
279
269
330
281
280
287
281
289
281
288
274
282
282
278
280
280
291
258
280
289
284
258
282
279
262
280
285
346
282
284
280
287
258
274
282
283
259
259
284
283
280
280
280
280
280
284
280
285
279
281
281
280
280
349
280
282
280
280
279
286
282
282
258
280
279
280
280
280
284
285
279
298
355
279
279
283
280
294
273
278
281
280
267
279
284
280
280
280
280
280
425
281
279
282
280
279
816
280
280
678
287
280
280
269
281
280
279
282
283
279
280
283
258
280
290
282
280
285
262
283
282
259
595
282
280
259
280
285
306
283
294
278
278
281
286
284
288
290
278
330
286
286
280
286
289
283
281
281
279
280
281
282
281
279
281
360
280
258
280
283
281
281
280
286
280
294
290
288
280
270
279
279
293
289
285
279
279
283
281
282
278
279
283
286
290
267
311
279
280
286
281
258
276
284
290
281
279
257
280
280
534
346
280
279
258
283
280
279
284
571
286
281
283
279
281
284
280
276
269
281
348
280
292
279
271
290
284
280
280
285
337
340
285
282
280
281
279
279
280
281
281
282
292
281
272
279
281
258
278
259
283
284
280
280
275
279
280
281
338
279
280
280
263
358
269
285
279
279
280
282
282
281
289
280
282
262
284
281
257
282
280
279
273
279
281
284
280
280
280
279
271
280
285
280
261
280
346
282
284
294
258
283
283
279
258
276
278
280
260
263
279
280
257
281
278
283
283
278
258
280
420
281
258
301
271
280
274
337
289
282
286
288
284
279
274
286
280
292
279
261
280
285
284
284
279
287
259
295
279
286
258
289
286
284
259
280
285
283
283
285
276
291
278
280
294
279
260
286
280
259
282
292
281
377
279
288
257
292
288
278
280
281
258
279
280
284
278
280
281
279
281
283
280
280
284
279
287
258
280
283
259
286
292
280
278
258
267
340
258
284
280
281
279
285
259
280
287
272
271
287
283
269
280
283
286
277
279
286
274
280
280
259
279
351
356
284
286
287
281
279
279
280
279
279
286
280
283
287
258
259
279
275
280
284
280
283
279
270
280
280
280
274
278
281
283
422
280
292
280
281
281
285
280
279
374
282
283
332
341
282
280
269
281
259
279
270
280
715
288
283
279
279
263
280
283
283
258
280
325
272
283
281
284
287
284
289
279
279
280
281
280
291
280
280
290
279
282
273
281
279
280
281
280
299
283
284
279
284
280
269
287
284
271
283
279
293
280
258
280
268
281
289
280
341
281
281
280
280
278
283
290
283
281
289
281
291
281
281
276
278
269
291
275
283
279
280
283
279
281
276
284
280
280
292
286
282
259
259
262
521
281
275
280
279
258
281
279
359
285
279
345
283
279
292
284
279
283
295
279
282
274
258
280
421
374
275
598
286
288
279
280
287
281
258
355
283
281
280
280
284
280
280
268
280
281
288
282
283
280
294
280
282
279
276
285
283
286
280
272
287
280
287
280
289
280
257
290
283
290
353
280
279
280
280
281
279
280
284
259
282
275
281
279
285
279
280
280
280
282
281
258
307
279
280
259
280
287
283
285
319
280
274
270
280
281
279
292
287
259
283
316
573
259
296
282
279
283
280
349
291
280
274
280
284
280
280
281
280
284
279
287
280
279
279
274
284
259
292
283
280
275
281
282
284
262
272
275
280
258
285
280
281
280
344
279
281
280
461
280
279
281
280
286
280
271
289
280
283
280
273
283
258
279
280
365
284
280
270
812
282
283
283
282
285
348
281
283
279
283
279
280
268
270
281
283
276
351
273
275
339
280
258
284
288
283
279
279
281
284
295
280
281
352
281
279
300
283
280
258
287
272
258
288
284
258
283
280
281
288
280
281
283
294
280
281
291
284
330
282
798
283
281
281
279
279
279
307
274
344
279
279
280
290
286
280
336
280
279
339
280
279
329
291
279
262
274
259
280
280
257
280
281
279
285
279
284
281
281
280
342
279
356
284
279
286
268
258
272
280
284
279
279
279
341
258
280
270
282
279
278
293
268
279
283
280
286
279
281
280
284
293
293
286
280
283
258
257
295
280
281
342
284
280
280
337
342
304
280
282
288
290
280
284
281
286
274
286
280
280
280
282
275
286
279
280
284
283
270
280
280
284
280
281
280
287
280
294
281
273
291
280
280
285
286
284
280
280
284
286
283
285
289
284
258
268
287
279
276
355
280
279
280
290
285
279
258
284
280
280
258
279
279
258
280
262
293
280
280
288
281
280
286
258
280
283
285
284
272
280
289
289
292
284
280
288
279
267
279
281
285
289
260
281
281
274
294
257
283
285
258
270
259
352
279
280
281
275
280
262
258
283
283
280
273
281
277
280
280
281
280
258
287
279
285
281
279
280
280
282
280
281
278
280
280
280
290
285
284
283
283
279
285
281
282
280
282
280
283
338
345
280
282
279
279
279
275
279
286
270
259
282
279
324
277
281
280
293
279
284
281
279
258
281
283
280
270
281
280
