108
108
109
109
109
110
108
137
108
104
109
109
109
104
109
104
109
109
110
109
108
109
112
109
109
109
108
110
109
115
103
300
143
109
109
104
108
109
109
109
108
104
109
108
119
109
109
109
109
109
107
108
109
108
108
109
109
108
110
121
110
147
108
109
109
115
108
109
112
109
117
108
108
108
109
109
110
109
109
109
109
116
105
110
108
121
109
110
108
109
109
109
108
109
109
109
110
109
108
108
109
108
109
109
110
109
147
109
117
109
151
109
143
110
110
117
109
109
334
109
109
109
108
109
122
108
112
109
109
109
111
113
115
122
109
109
108
108
109
109
104
108
112
108
119
108
114
109
109
112
114
109
109
109
109
109
109
109
145
112
123
109
109
108
115
109
109
109
109
109
108
108
104
105
109
109
108
109
109
115
103
109
108
109
257
109
109
108
109
109
108
109
109
109
109
108
108
109
110
292
108
153
111
108
115
109
250
109
109
108
109
109
109
109
109
113
108
108
255
109
123
116
109
109
146
109
108
109
110
109
109
108
112
184
109
109
109
109
109
109
231
109
108
108
426
108
109
110
109
109
110
109
104
113
108
109
109
110
109
108
108
109
138
109
256
108
109
109
109
108
110
109
108
109
115
108
113
109
109
109
116
108
109
118
109
104
104
108
108
343
109
108
109
108
109
109
108
109
109
109
109
109
109
130
109
109
108
109
117
109
109
109
109
109
109
109
104
109
109
109
108
110
109
114
109
108
109
109
113
110
109
109
109
108
109
110
109
109
109
108
109
115
109
195
108
109
109
108
109
109
108
108
110
108
145
109
108
112
109
109
114
111
108
108
109
123
109
108
108
109
109
109
109
108
109
109
109
109
109
109
114
109
109
109
109
108
109
109
109
108
109
109
108
108
109
109
112
109
109
109
108
237
109
109
111
109
109
108
109
108
109
103
108
109
109
109
109
110
109
109
104
108
109
117
109
109
108
107
108
109
120
109
113
108
109
108
108
109
108
108
110
109
109
109
109
113
108
108
146
109
114
112
109
109
109
108
108
109
108
109
114
108
109
109
104
144
109
110
109
109
108
109
109
109
108
109
108
108
109
109
109
108
109
109
110
109
109
115
109
151
108
109
109
109
110
116
109
108
109
110
143
109
118
108
109
109
108
109
109
108
108
108
116
110
109
109
109
108
108
109
119
113
109
130
108
103
109
109
109
109
108
109
109
109
108
108
109
109
109
109
109
108
109
109
113
109
109
109
109
147
111
108
111
113
109
106
103
109
109
108
108
120
109
110
108
110
109
110
109
115
109
108
108
108
110
109
109
109
109
109
108
109
109
108
109
109
114
121
108
149
108
108
114
109
109
112
108
105
109
109
302
109
108
108
109
134
110
120
105
109
108
108
115
120
110
109
114
104
110
109
109
109
108
109
109
108
108
109
108
109
108
109
109
250
109
109
109
109
117
109
112
109
108
110
109
109
108
109
109
112
109
108
110
110
110
109
108
109
111
109
108
104
109
108
109
109
108
108
109
146
109
117
111
109
109
109
113
108
108
143
109
109
110
109
109
114
108
109
109
108
134
108
109
109
109
110
109
132
109
108
110
109
105
109
109
117
109
113
111
109
112
153
109
109
109
110
109
120
109
255
109
112
109
139
109
110
110
134
109
109
109
112
109
109
108
108
152
109
113
109
114
109
113
109
109
109
108
110
109
109
108
109
109
108
109
109
127
103
113
109
109
109
109
109
109
109
108
109
108
109
109
109
104
104
109
109
109
109
109
109
108
109
109
109
109
109
113
109
109
109
113
109
139
109
109
109
111
109
110
103
108
110
108
109
109
116
109
109
108
109
108
110
105
109
108
108
109
109
109
109
111
116
104
108
108
109
115
109
112
108
109
109
108
116
109
109
109
108
110
108
108
108
110
158
108
108
109
109
109
108
108
108
109
109
109
112
109
109
109
108
110
108
109
109
104
109
109
108
109
110
115
109
109
108
112
109
110
142
108
109
108
110
109
109
109
108
109
109
104
108
109
111
109
108
109
109
104
109
109
108
109
108
111
115
108
110
109
110
109
153
109
109
108
105
109
109
108
109
110
112
109
109
109
108
109
109
112
143
111
109
110
109
108
109
323
108
108
143
112
108
108
109
115
114
110
158
108
110
104
109
109
108
109
108
108
122
108
109
109
141
109
109
113
108
109
113
109
108
109
109
109
109
115
110
109
113
109
112
113
112
110
108
109
108
108
109
108
109
109
112
109
109
108
109
109
109
109
109
109
109
107
109
110
108
109
110
109
109
110
108
109
109
109
108
109
109
108
108
109
109
109
109
108
110
110
109
109
109
109
109
109
109
115
109
115
115
108
109
108
147
147
108
105
158
109
108
109
108
109
109
109
108
116
109
104
108
108
108
108
109
108
110
109
110
109
109
108
109
109
141
108
110
114
109
103
110
109
109
106
117
111
113
109
109
109
109
109
109
109
108
117
109
109
109
108
110
109
109
111
109
109
108
114
109
109
108
108
109
110
109
108
109
105
108
108
110
109
109
109
109
109
109
109
108
108
110
109
109
108
109
109
109
109
109
110
109
109
108
109
115
109
109
108
109
116
103
108
108
109
110
109
109
109
108
104
109
108
109
109
108
109
109
109
108
110
108
115
111
108
105
116
109
108
109
109
109
109
112
110
109
108
108
108
109
108
108
108
109
109
109
109
112
109
108
109
109
109
109
108
110
109
109
109
109
108
113
108
109
141
104
109
109
108
108
109
109
110
109
110
109
109
112
109
108
109
109
108
108
151
109
109
115
116
109
111
109
109
109
108
109
109
109
109
109
112
109
109
113
108
109
108
109
138
108
103
109
104
109
109
109
109
110
109
104
109
117
321
109
108
252
111
109
108
109
108
109
109
109
108
116
109
108
108
104
109
110
109
109
104
109
109
103
109
109
109
108
109
109
108
109
109
109
108
109
111
108
108
109
109
109
112
109
109
103
103
108
109
109
110
109
108
115
110
166
109
108
109
108
155
114
108
109
255
111
109
114
110
108
108
109
108
108
109
108
109
110
116
109
109
109
112
108
110
109
109
109
110
109
109
108
109
147
105
109
109
110
109
108
109
109
109
109
143
109
109
109
108
109
109
109
123
104
104
112
109
109
109
110
108
109
108
110
112
109
259
109
115
115
109
110
115
108
108
108
108
109
109
112
109
109
109
109
108
108
109
111
110
109
103
248
110
109
109
109
109
109
109
108
109
109
108
109
109
108
108
111
108
109
109
116
109
110
109
109
248
108
108
135
120
114
108
109
117
137
110
109
109
108
160
108
109
104
108
106
109
109
115
109
108
111
109
104
114
109
236
104
109
108
109
110
109
110
109
109
108
109
110
117
111
108
105
109
109
108
108
109
109
103
121
109
109
108
108
108
109
109
109
103
109
110
104
115
115
109
109
109
113
109
109
109
109
103
300
108
109
109
109
108
109
109
108
109
109
109
108
109
109
108
108
110
108
108
109
109
109
108
123
109
116
109
109
118
108
110
108
109
109
108
110
109
109
109
108
108
109
109
111
108
110
109
108
109
109
109
109
120
109
109
109
115
108
109
114
109
109
108
110
110
109
105
108
108
108
112
108
109
109
108
109
109
112
109
140
109
108
109
108
109
109
108
109
109
109
110
109
108
109
104
109
109
108
109
108
109
109
109
109
109
109
109
109
108
109
109
109
109
109
109
110
139
110
109
115
109
109
110
108
109
109
110
108
108
115
109
108
108
109
109
109
108
110
111
108
109
108
112
109
124
108
108
108
114
109
108
108
108
110
109
109
108
109
105
114
109
109
144
112
105
109
109
147
109
109
108
109
109
109
109
109
110
109
109
109
109
134
109
109
109
109
110
109
109
109
109
109
108
109
109
110
109
109
109
108
108
109
109
109
109
114
109
108
120
109
108
109
296
109
108
108
112
114
110
109
108
109
306
108
103
104
109
109
111
108
108
109
112
122
108
109
109
239
109
108
115
109
109
109
109
114
109
109
111
110
109
109
109
108
110
109
108
109
109
143
109
109
109
109
108
108
111
109
109
109
109
110
108
109
111
109
108
110
110
112
109
109
109
110
253
112
108
108
109
109
109
108
116
109
109
116
109
109
109
109
109
109
115
108
109
108
108
115
108
109
105
109
109
104
118
111
109
109
109
116
109
103
109
109
109
110
109
108
109
109
108
108
109
108
109
112
109
108
110
119
108
109
109
108
109
108
151
109
108
107
109
110
109
109
109
109
109
109
113
109
108
130
109
109
109
108
109
111
108
109
107
108
110
109
109
108
115
109
110
109
109
146
109
109
109
110
109
108
109
104
110
109
114
115
109
104
109
109
109
108
109
109
109
115
109
109
108
109
108
108
109
108
110
109
109
116
108
237
108
109
108
109
109
109
109
108
109
109
109
109
109
109
110
103
109
110
108
109
109
124
109
103
109
111
109
110
112
109
109
108
104
108
109
108
108
108
108
115
108
109
108
109
299
112
110
142
109
109
109
109
108
109
109
118
109
104
109
109
108
108
109
109
109
104
109
108
109
112
116
109
109
103
107
109
109
109
153
108
109
109
109
108
109
108
109
109
109
102
109
140
109
109
109
109
108
108
109
109
109
109
109
109
108
109
109
108
110
108
109
110
109
109
108
105
108
154
108
104
104
111
113
115
109
116
109
109
109
301
108
104
109
109
114
109
109
108
108
116
110
109
108
109
108
110
112
159
108
108
108
107
109
109
109
108
109
109
109
109
108
108
109
111
108
109
103
109
116
109
109
109
109
301
108
110
109
109
109
109
104
117
109
108
302
109
109
109
109
109
109
109
109
110
251
234
108
110
109
109
109
109
109
108
105
103
109
109
109
109
115
109
109
111
122
151
111
108
108
104
109
109
109
109
108
112
147
109
111
109
109
109
108
110
109
112
109
109
109
109
109
109
109
108
110
108
110
108
109
109
108
110
104
109
108
110
108
109
109
109
117
109
109
111
109
109
109
109
110
109
109
109
112
109
109
108
109
117
109
109
108
104
109
110
109
110
108
109
108
109
109
109
104
113
109
108
109
108
109
110
111
109
109
108
124
109
109
109
109
117
109
109
109
103
109
104
145
108
111
140
118
116
109
108
109
111
109
121
106
112
109
113
104
109
109
108
109
109
109
109
108
104
110
115
109
109
109
110
105
153
117
109
108
158
110
112
109
111
109
109
109
109
108
109
110
109
109
109
105
114
109
109
327
110
113
109
109
108
108
109
110
109
110
111
109
109
303
142
110
109
109
109
109
123
109
109
111
108
108
109
109
109
105
119
115
109
113
110
109
108
109
108
108
108
109
109
109
110
109
108
109
108
109
113
109
109
109
108
104
104
109
108
108
109
109
122
108
109
110
109
109
114
111
108
109
102
109
109
109
103
109
109
108
109
109
109
179
120
109
104
114
117
109
142
109
109
109
109
109
109
111
108
108
108
109
109
114
109
109
109
109
113
109
110
109
109
109
109
109
108
109
108
109
108
109
109
113
109
154
109
109
104
114
109
109
110
109
108
113
108
109
109
109
108
120
115
116
150
108
104
109
109
109
112
109
104
109
108
109
109
109
109
112
109
143
112
109
109
116
104
108
109
143
109
108
109
115
109
109
112
109
109
108
109
109
108
109
108
109
110
109
109
109
108
109
109
108
110
151
110
109
112
109
117
109
109
109
109
109
109
108
108
109
109
109
112
109
109
110
109
109
110
109
110
109
108
112
109
109
109
110
108
109
109
124
109
109
104
109
105
260
109
110
112
109
109
109
109
109
109
109
113
109
109
115
109
108
109
109
108
110
108
109
108
105
109
109
109
115
109
104
110
108
109
114
108
109
109
109
114
109
108
108
111
113
109
109
118
146
109
110
138
109
116
109
109
115
109
105
109
108
109
108
108
109
109
109
109
108
109
109
105
108
109
150
109
109
109
109
109
109
108
109
109
109
108
109
109
109
108
108
109
109
108
109
138
109
116
108
111
109
110
110
109
122
109
108
109
111
112
109
109
108
110
110
109
109
104
323
109
109
115
108
109
109
109
113
109
109
117
108
109
109
126
112
110
108
105
109
109
109
105
109
109
108
113
110
109
109
109
109
109
109
109
109
109
109
109
108
109
109
110
108
112
109
110
108
108
109
109
109
109
109
108
108
109
109
109
112
118
143
108
109
109
109
114
114
109
109
103
108
114
112
109
109
109
109
106
108
108
109
110
109
109
109
109
108
113
109
232
109
109
109
109
108
109
109
109
109
110
118
109
108
109
112
115
108
109
109
109
108
109
149
108
109
109
109
112
108
109
116
115
109
109
109
109
110
108
109
108
108
108
102
109
116
151
108
108
109
108
119
109
110
116
109
109
109
109
104
109
116
109
116
116
109
109
109
109
109
109
108
109
110
109
110
121
109
109
108
109
102
108
110
108
108
109
108
139
109
108
109
109
108
109
108
108
105
109
109
109
108
109
110
108
109
108
109
109
109
108
109
109
109
112
109
113
113
115
109
108
109
109
109
108
108
109
110
112
109
114
112
108
109
113
115
108
109
109
108
109
250
109
109
114
109
110
108
110
109
120
109
109
109
109
109
108
108
109
109
111
108
108
111
116
109
112
108
109
109
109
110
106
109
109
109
115
110
111
109
110
114
108
109
109
110
115
109
109
109
109
109
108
149
109
109
105
108
109
109
109
109
109
109
109
108
110
109
109
109
109
110
159
108
109
109
109
109
109
152
109
108
103
108
109
107
108
109
109
109
109
108
109
103
112
111
109
109
109
108
109
109
109
109
108
103
108
109
109
109
109
115
109
105
115
109
109
109
109
109
109
108
109
109
109
109
109
115
109
109
107
111
109
109
109
109
114
109
109
109
118
122
109
109
109
108
110
108
109
108
103
109
109
109
121
109
109
111
108
109
109
109
108
108
109
109
109
109
109
109
115
108
109
109
114
109
109
112
109
109
121
109
149
109
111
110
109
110
109
109
108
108
110
120
109
109
109
109
108
114
109
113
109
109
109
109
105
111
114
108
108
109
109
126
111
109
109
108
115
108
109
108
108
109
109
108
104
112
108
109
109
115
109
109
110
109
109
110
109
109
109
108
108
109
109
109
109
108
109
109
109
111
108
109
117
112
109
109
103
109
104
109
108
134
108
113
103
108
109
108
109
109
108
110
108
108
109
109
113
109
109
108
138
146
108
103
110
109
108
109
109
109
109
131
110
108
109
108
109
109
109
109
151
111
109
108
108
119
109
110
104
109
109
109
109
113
121
156
115
149
109
112
108
109
108
116
111
108
109
108
109
108
109
129
108
109
108
109
108
109
109
108
110
108
108
115
147
109
109
110
109
108
112
108
109
108
109
109
109
108
109
109
115
109
108
109
109
109
111
105
108
110
108
108
109
111
109
109
109
104
109
109
109
109
108
109
108
109
109
109
111
108
109
109
110
108
109
109
108
109
109
109
109
109
144
109
109
108
109
108
104
121
109
109
112
113
108
109
109
109
108
109
109
109
152
113
109
109
122
109
108
109
108
105
108
109
109
108
109
111
109
108
109
109
109
108
138
112
116
151
111
109
109
112
111
109
109
108
109
108
109
109
136
109
109
108
112
109
152
115
109
115
108
108
109
110
109
109
108
109
109
109
109
108
109
109
109
104
108
108
109
108
108
110
109
109
109
109
109
108
108
108
109
108
114
108
109
108
109
109
109
109
109
109
109
109
109
109
109
110
113
109
109
109
118
108
109
109
109
110
109
108
109
115
118
109
110
111
109
109
109
109
111
109
109
108
109
108
109
109
109
109
113
109
109
109
109
108
110
108
109
109
102
135
108
120
109
108
109
109
108
109
111
110
109
109
109
110
235
110
109
110
108
110
113
109
109
108
109
110
108
109
109
108
109
109
108
112
109
109
140
115
109
303
120
109
109
109
116
109
109
109
109
108
109
104
109
110
108
109
109
109
151
114
108
109
159
108
108
111
109
108
109
105
116
109
147
109
109
109
109
109
108
108
108
109
109
109
103
111
109
109
109
116
109
109
109
109
108
109
108
109
109
114
109
120
108
108
109
108
104
109
108
103
109
109
109
109
109
110
110
109
109
108
109
109
109
113
109
118
110
102
302
108
108
109
109
109
108
108
115
112
109
108
109
109
109
108
111
109
109
109
109
115
108
109
108
108
109
109
115
109
112
109
109
105
108
112
108
113
110
109
105
109
109
118
108
109
109
110
237
109
103
109
108
109
109
108
108
110
113
112
108
110
110
109
108
108
112
109
108
109
109
109
109
108
109
141
108
104
109
110
108
109
109
108
108
110
104
108
109
110
109
109
109
109
108
115
109
109
103
110
115
109
112
109
109
109
108
109
109
108
109
109
111
109
109
108
109
109
117
112
108
109
108
108
115
108
108
108
109
109
109
109
108
108
109
115
109
302
109
109
109
108
109
114
109
111
109
109
109
105
108
118
114
137
108
109
108
108
109
109
156
109
108
129
112
109
109
108
109
114
119
109
109
109
109
110
108
109
112
120
109
108
109
105
132
112
117
109
302
109
108
148
109
108
131
113
111
111
108
114
109
112
109
117
110
108
109
110
109
109
109
144
109
109
108
147
109
108
147
108
109
109
108
109
108
104
109
103
109
109
109
108
109
109
108
110
109
109
108
109
108
188
108
103
109
109
108
109
109
110
116
108
109
109
104
114
110
109
108
108
108
108
109
101
108
109
108
109
110
109
109
113
109
109
131
109
109
109
108
108
109
109
109
111
109
282
109
109
109
108
109
299
109
109
109
112
109
113
122
109
109
108
109
116
109
109
110
109
110
109
110
110
141
109
108
114
109
109
182
113
145
108
301
109
110
104
109
108
108
109
108
109
110
109
109
109
116
109
109
109
109
109
109
110
108
109
115
109
116
109
109
109
114
114
112
109
109
110
109
108
114
117
114
110
108
109
113
109
109
109
112
108
109
109
109
112
110
109
109
109
108
109
109
109
104
109
109
108
104
109
109
108
109
111
109
109
109
109
115
108
110
114
103
109
110
108
157
109
108
115
108
108
109
109
108
109
109
108
109
105
154
109
109
109
109
115
116
109
109
104
108
110
109
111
110
108
108
109
108
115
109
108
109
109
109
108
109
109
109
109
109
110
109
108
114
109
119
108
109
110
109
109
