1587
1589
1621
1601
1588
1594
1583
1584
1650
1594
1596
1581
1595
1632
1628
1581
1632
1613
1625
1629
1655
1632
1590
1589
1596
1624
1595
1633
1578
1583
1635
1579
1578
1627
1585
1589
1593
1656
1586
1597
1617
1611
1601
1602
1582
1591
1584
1810
1583
1617
1577
1589
1604
1584
1820
1587
1588
1626
1598
1625
1582
1628
1586
1596
1600
1591
1593
1594
1614
1580
1581
1578
1578
1579
2198
1583
2047
1613
1593
1721
1581
1620
1593
1577
1584
1589
1595
1582
1638
1580
1615
1618
1595
1661
1583
1586
1583
1596
1617
1583
1637
1582
1636
1590
1632
1584
1617
1585
1598
1627
1587
1625
1623
1577
1601
1592
1594
1583
1596
1592
1628
1589
1582
1600
1592
1582
1605
1583
1587
1596
1590
1605
1596
1596
1623
1607
1623
1591
1629
1640
1600
1591
1618
1596
1595
1657
1596
1691
1597
1587
1667
1660
1606
1582
1594
1618
1579
1581
1594
1602
1646
1881
1579
1621
1623
1633
1616
1582
1624
1625
1601
1584
1595
1581
1578
1617
1800
1597
1592
1586
1599
1578
1655
1626
1581
1583
1582
1630
1630
1632
1630
1579
1614
1581
1629
1616
1582
1589
1605
1683
1611
1584
1587
1592
1669
1611
1589
1598
1600
1590
1591
1587
1643
1599
1596
1644
1623
1599
1620
1607
1593
1629
1621
1642
1629
1590
1686
1591
1579
1596
1585
1627
1599
1584
1587
2628
1591
1627
1601
1583
1583
1582
1586
1581
1625
1627
1590
1624
1598
1606
1578
1585
1635
1600
1599
1636
1602
1617
1588
1634
1621
1629
1609
1597
1635
1633
1591
1630
1674
1596
1600
1618
1578
1600
1617
1617
1596
1593
1631
1632
1596
1604
1595
1669
1582
1586
1579
1593
1591
1573
1597
1581
1588
1579
1672
1589
1580
1628
1588
1579
1626
1600
1615
1582
1607
1586
1592
1625
1669
1645
1596
1626
1673
1582
1595
1581
1585
1584
1891
1623
2157
1610
1652
1587
1591
1621
1625
1598
1639
1614
2087
1633
1580
1577
1597
1599
1610
1674
1604
1582
1616
1582
1623
1622
1589
1582
1615
1618
1646
1616
1658
1590
1602
1630
1592
1594
1599
1667
1616
1596
1580
1588
1581
1578
1618
1586
1626
1595
1620
1578
1587
1591
1717
1650
1585
1598
1647
1629
1583
1626
1601
1652
1590
1585
2281
1636
1585
1590
1591
1669
1591
1596
1606
1590
1685
1630
1580
1599
1584
1619
1599
1581
1577
1628
1582
1596
1634
1583
1576
1583
1581
1614
1592
1597
1585
1582
1636
1594
1586
1623
1598
1599
1623
1599
1595
1586
1587
1586
1592
1584
1581
1579
1600
1583
1583
1658
1607
1578
1580
1633
1582
1581
1584
1590
1599
1623
1600
1592
1631
1589
1576
1583
1665
1630
1584
1581
1623
1617
1612
1658
1584
1593
1581
1597
1626
1622
1629
1591
1613
1591
1581
1658
1628
1580
1617
1631
1580
1600
1631
1627
1598
1598
1590
1602
1582
1593
1581
1596
1596
1580
1581
1627
1595
1583
1621
1588
1584
1577
1590
1652
1623
1631
1575
1596
1591
1632
1642
1717
1670
1579
1579
1619
1592
1614
1586
1593
1587
1579
1639
1581
1934
2218
1581
1598
1584
1626
1596
1580
1587
1590
1615
1581
1633
1585
1582
1627
1598
1583
1591
1606
1593
1631
1614
1578
1595
1596
1615
1614
1602
1619
1627
1590
1618
1597
1593
1620
1589
1589
1593
1577
1579
1595
1592
1585
1631
1642
1640
1617
1630
1591
1630
1579
1577
1590
1595
1574
1601
1656
1581
1582
1583
1582
1690
1625
1628
1583
1598
1634
1581
1591
1596
1597
1617
1583
1595
1580
1578
1614
1598
1599
1608
1587
1598
1626
1602
1627
1596
1598
1592
1587
1593
1580
1641
1601
1584
1588
1594
1653
1604
1595
1635
1581
1583
1577
1596
1584
1578
1633
1653
1585
1595
1586
1601
1591
1620
1633
1589
1578
1595
1596
1585
1579
1602
1627
1595
1596
1599
1594
1590
1597
1582
1597
1640
1585
2094
1597
1597
1594
1626
1595
1579
1611
1640
1597
1585
1625
1583
1602
1585
1619
1601
1593
1586
1628
1604
1585
1583
1578
1676
1611
1590
2532
1602
1592
1645
1578
1588
1674
1594
1595
1628
1594
1596
1577
1601
1629
1622
1584
1623
1625
1581
1586
1632
1578
1583
1631
1584
1603
1584
1598
1620
1621
1646
1597
1588
1995
1617
1633
1660
1621
1625
1595
1649
1636
1629
1588
1582
1662
1615
1579
1596
1596
1617
1597
1653
1591
1582
1584
1594
1593
1601
1597
1656
1584
1582
1592
1581
1595
1621
1585
1626
1618
1595
1585
1577
1625
1584
1616
1632
1586
1627
1625
1593
1591
1597
1639
1729
1615
1581
1584
1594
1597
1630
1577
1586
1622
1577
1615
1597
1590
1622
1580
1627
1583
1580
1579
1582
1578
1594
1586
1644
1623
1629
1589
1582
1578
1622
1596
1591
1578
1586
1596
1596
1596
1581
1625
1587
1593
1581
1590
1620
1613
1601
1577
1591
1585
1580
1599
1591
1588
1599
1592
1610
1594
1589
1637
1626
1665
1611
1718
1591
1687
1641
1581
1577
1633
1582
1629
1587
1595
1586
1580
1583
1579
1603
1627
1583
1581
1672
1580
1576
1603
1685
1583
1596
1591
1591
1579
1621
1595
1592
1601
1674
1585
1589
1587
1585
1608
1584
1627
1639
1622
1579
1596
1584
1592
1625
1629
1633
1596
1590
1593
1586
1594
1592
1645
2057
1582
1628
1614
1586
1615
3162
1622
1656
1590
1587
1605
1587
1602
1679
1595
1585
1578
1628
1621
1587
1633
1630
1674
1582
1602
1630
1593
1590
1633
1578
1584
1593
1628
1625
1583
1597
1617
1609
1598
1617
1615
1692
1600
1583
1599
1595
1620
1590
1611
1596
1624
1581
1581
1604
1642
1583
1989
1593
1593
1581
1629
1583
1609
1647
1600
1614
1584
1587
1632
1600
1596
1583
1596
1622
1655
1622
1622
1626
1610
1631
1589
1580
1601
1582
1579
1585
1584
1585
1624
1580
1587
1591
1580
1641
1581
1580
1593
1630
1632
1618
1595
1580
1585
1679
1619
1628
1590
1590
1587
1578
1598
1627
1579
1599
1616
1620
1617
1622
1622
1596
1613
1597
1645
1632
1595
1775
1635
1582
1590
1623
1590
1585
1607
1582
1610
1583
1594
1583
1588
1625
1582
1633
1627
1592
1621
1585
1625
1593
2134
1580
1597
1627
1581
1617
1616
1634
1618
1585
1584
1586
1645
1587
1583
1583
1582
1595
1627
1586
1634
1642
1582
1584
1592
1625
1627
1582
1586
1581
1585
1621
1592
1579
1646
1627
1667
1627
1590
1598
1596
1582
1595
1591
1592
1586
1595
1582
1599
1622
1592
1621
1633
1583
1580
1638
1581
1597
1583
1627
1628
1590
1628
1593
1625
1627
1621
1614
1620
1586
1587
1578
1599
1584
1613
1575
1583
1580
1611
1614
1595
1594
1580
1629
1585
1584
2654
1616
1584
1608
1579
1595
1610
1631
1651
1583
1625
1581
1581
1582
1581
1635
1589
1623
1600
1586
1618
1597
1596
1595
1593
1577
1598
1623
1601
1599
1588
1582
1599
1612
1584
1621
1593
1583
1583
1630
1597
1632
1583
1632
1610
1577
1608
1581
1586
1595
1632
1617
1652
1669
1622
1633
1647
1616
1593
1635
1608
1596
1600
1632
1612
1595
1584
1582
1596
1624
1630
1625
1582
1598
1613
1581
1599
1584
1579
1583
1586
1634
1624
2164
1589
1593
1599
1623
1584
1613
1598
1591
1591
1580
1631
1582
1577
1629
1624
1608
1610
1582
1583
1591
1578
1632
1576
1578
1651
1622
1677
1595
1615
1585
1579
1612
1599
2063
1651
1637
1589
1582
1626
1626
1597
1580
1670
1585
1592
1639
1583
1594
1596
1579
1590
1576
1597
1616
1606
1588
1595
1599
1594
1615
1647
1596
1616
1582
1584
1612
1613
1624
1584
1580
1583
1624
1621
1586
1595
1608
1587
1630
1628
1631
1636
1618
1613
1594
1625
1580
1587
1600
1594
1580
1663
1622
1595
1616
1583
1592
1584
1584
1601
1633
1592
1598
1581
1597
1580
1663
1601
1583
1592
1674
1613
1588
1684
1618
1592
1583
2173
1629
1629
1593
1584
1598
1607
1611
1584
1580
1577
1589
1591
1597
1594
1591
1593
1598
1627
1593
1583
1579
1589
1592
1587
1591
1622
1627
1590
1614
1646
1580
1579
1593
1581
1596
1593
1634
1596
1591
1586
1595
1578
1636
1675
1578
1611
1587
1577
1628
1624
1633
1585
1582
1580
1580
1656
1578
1578
1629
1626
1595
1581
1596
1597
1583
1601
2243
1637
1620
1633
1585
1612
1585
1597
1588
1592
1622
1612
1588
1599
1577
1678
1597
1596
1666
1587
1580
1580
1598
1587
1584
1589
1634
1590
1582
1622
1587
1591
1682
1584
1591
1593
1587
1615
1585
1580
1581
1597
1652
1623
1647
1604
1582
1592
1619
1585
1593
1612
1582
1591
1585
1582
1592
1586
1596
1590
1580
1601
1627
1610
1576
1592
1587
1641
1581
1635
1665
1602
1625
1591
1586
1601
1625
1608
1587
1580
1586
1594
1609
1596
1618
1638
1580
1579
1591
1621
1585
1636
1599
1582
1631
1598
1588
1619
1606
1626
1579
1604
1590
1630
1580
1622
1581
1590
1635
1719
1585
1578
1596
1588
1577
1593
1593
1587
1634
1637
1595
1640
1588
1586
1577
1592
1590
1586
1586
1628
1622
1575
1577
1665
1579
1593
1582
1601
1577
1590
1621
1577
1582
1581
1586
1587
1601
1589
1612
1591
1589
1590
1582
1617
1584
1595
1633
1582
1582
1814
1587
1628
1583
1637
1578
1614
1590
1647
1583
1577
1590
1581
1594
1611
1582
1627
1592
1583
1590
1583
1636
1626
1592
1597
1582
1624
1622
1586
1588
1588
1617
1595
1632
1593
1619
1621
1583
1586
1578
1632
1578
1597
1589
1667
1584
1584
1582
1616
1591
1599
1632
1607
1583
1595
1627
1596
1576
1581
1582
1594
1587
1580
1626
1596
1601
1591
1592
1578
1631
1704
1631
1579
1592
2301
1595
1599
1622
1594
1623
1615
1629
1596
1601
1620
1594
1596
1625
1584
1649
1682
1577
1599
1595
1655
1596
1626
1597
1621
1599
1651
1596
1602
1592
1629
1581
1594
1589
1582
1581
1596
1584
1634
1579
1640
1589
1583
1586
1582
1639
1578
1629
1624
1579
1587
1629
1598
1600
1659
1613
1623
1579
1616
1587
1596
1617
1577
1617
1593
1591
1633
1657
1584
1626
1578
1586
1613
1596
1580
1583
1582
1582
1587
1592
1679
1584
1614
1662
1597
1678
1596
1616
1580
2050
1582
1589
1603
1591
1581
1579
1577
1627
1672
1598
1580
1646
1622
1631
1576
1582
1582
1593
1591
1579
1593
1581
1636
1590
1585
1602
1595
1637
1597
1586
1597
1617
1597
1597
1584
1582
1595
1648
1611
1619
1591
1620
1579
1627
1636
1594
1629
1642
1591
1595
1587
1635
1579
1632
1613
1695
1579
1588
1590
1628
1595
1581
1584
1629
1626
1633
1630
1630
1642
1593
1595
1583
1622
1598
1598
1579
1594
1593
1600
1634
1668
1579
1583
1650
1581
1683
1582
1598
1599
1591
1622
1580
1658
1629
1582
1592
1581
1608
1597
1589
1676
1591
1589
1635
1580
1598
1581
1590
1587
1583
1631
1624
1592
1590
1582
1582
1605
1633
1657
1591
1626
1583
1596
1583
1627
1580
1605
1588
1596
1581
1597
1597
1578
1583
1589
1594
1599
1677
1578
1582
1580
1584
1599
1587
1592
1615
1607
1587
1584
1596
1596
1593
1624
1674
1585
1590
1578
1581
1628
1620
1583
1596
1587
1634
1581
1585
1594
1639
1616
1586
1593
1628
1631
1625
1632
1583
1595
1582
1661
1630
1654
1592
1600
1586
1597
1616
1636
1594
1587
1619
1588
1590
1626
1591
1586
1795
1590
1627
1616
1631
1597
1597
1635
1583
1579
1674
1595
1604
1627
1579
1614
1585
1623
1590
1582
1597
1628
1581
1605
1583
1592
1579
1606
1593
1621
1628
1626
1596
1616
1618
1581
1583
1634
1587
1584
1584
1590
1594
1590
1597
1589
1578
1598
1594
1672
1625
1603
1585
1585
2159
1594
1605
1580
1624
1632
1625
1579
1613
1587
1602
1587
1585
1593
1582
1589
1587
1629
1595
1588
1592
1627
1601
1576
1594
1639
1630
1630
1585
1604
1625
1613
1620
1581
1595
1618
1629
1626
1588
1587
1579
1593
1652
1600
1582
2430
1597
1632
1580
1628
1591
1591
1630
1585
1593
1597
1584
1596
1659
1584
1614
1616
1615
1691
1582
1579
1587
1593
1594
1592
1582
1595
1622
1611
1607
1597
1597
1598
1655
1582
1633
1593
1584
1582
1590
1579
1600
1595
1597
1597
1647
1627
1582
1640
1607
1578
1599
1596
1582
1623
1601
1617
1586
1624
1586
1584
1594
1578
1588
1629
1626
1657
1652
1596
1611
1629
1666
1599
1578
1615
1591
1598
1580
1597
1580
1596
2015
1582
1595
1633
1584
1587
1602
1587
1653
1594
1581
1595
1600
1595
1580
1580
1627
1595
1632
1593
1593
1579
1581
1584
1597
1633
1657
1585
1601
1593
1649
1671
1582
1672
1649
1597
1597
1592
1580
1632
1579
1626
1651
1676
1585
1597
1616
1596
1625
1583
1597
1574
1579
1581
1594
1582
1583
1593
1621
1583
1587
1612
1615
1597
1597
1582
1586
1577
1584
1589
1587
1595
1654
1591
1657
2422
1592
1594
1581
2146
1630
1581
1600
1630
1600
1630
1583
1581
1587
1601
1595
1583
1600
1588
1577
1597
1583
1582
1613
1622
1628
1660
1593
1597
2269
1590
1582
1629
1589
1588
1582
1597
1593
1590
1598
1583
1598
1620
1599
1591
1688
1594
1634
1593
1623
1599
1591
1625
1649
1624
1626
1621
1587
1588
1594
1635
1612
1633
1670
1586
1626
1590
1581
1592
1583
1587
1625
1598
1595
1587
1609
1598
1592
1596
1583
1583
1582
1597
1593
1590
1586
1581
1574
1598
1583
1576
1630
1585
1595
1631
1593
1646
1614
1590
1586
1587
1616
1582
1586
1629
1637
1622
1581
1586
1582
1611
1629
1584
1628
1583
1582
1586
1584
1592
1583
1636
1586
1666
1593
1594
1621
1597
1581
1591
1608
1596
1593
1582
1588
1580
1577
1640
2314
1581
1579
1636
1640
1577
1624
1585
1623
1596
1587
1600
1620
1632
1581
1597
1586
1671
1686
1582
1601
1592
1597
1581
1579
1616
1596
1577
1622
1619
1594
1579
1593
1581
1602
1592
1595
1626
1589
1601
1582
1593
1617
1622
1588
1593
1603
1583
1593
1582
1599
1591
1595
1603
1632
1627
1600
1602
1589
1616
1609
1602
1585
1586
1633
1590
1628
1589
1585
1653
1590
1588
1581
2142
1583
1581
1626
1622
1615
1596
1595
1624
1682
1629
1612
1580
1592
1597
1619
1625
1629
1587
1584
1589
1598
1587
1652
1628
1585
1589
1590
1584
1601
1592
1608
1593
1597
1594
1601
1597
1599
1582
1581
1593
1609
1596
1597
1625
1634
1609
1597
1631
1628
1597
1593
1580
1580
1580
2437
1590
1592
1636
1581
1601
1597
1583
1582
1582
1586
1585
1580
1632
2199
1633
1639
1579
1615
1600
1614
1624
2709
1682
1620
1629
1585
1597
1597
1585
1580
1585
1586
1582
1600
1583
1604
2290
1629
1581
1586
1635
1588
1594
1586
1615
1585
1606
1601
1596
1591
1627
1651
1591
1624
1582
1609
1586
1592
1581
1595
1617
1622
1628
1630
1627
1629
1602
1632
1619
1595
1594
1582
1597
1838
1608
1594
1594
1596
1593
1634
1584
1591
1585
1590
1584
1593
1629
1602
1594
1579
1589
1597
1573
1593
1581
1634
1612
1596
1627
1619
1934
1645
1635
1596
1593
1638
1597
1577
1596
1581
1597
1632
1581
1606
1586
1600
1598
1611
1598
1603
1588
1603
1600
1589
1582
1583
1600
1603
1630
1589
1583
1577
1627
1584
1593
1573
1622
1627
1579
1595
1585
1619
1610
1581
1597
1607
1613
1592
1593
1621
1583
1620
1600
2479
1579
1598
1631
1596
1592
1586
1629
1579
1598
1591
1629
1579
1631
1599
1627
1963
1618
1585
1582
1647
1616
1578
1586
1583
1585
1586
1615
1633
1599
1622
1655
1583
1611
1600
1626
1577
1588
1583
1649
1605
1624
1597
1625
1666
1581
1627
1578
1588
1619
1619
1595
1586
1616
1958
1626
1628
1595
1625
1582
1632
1593
1596
1613
1642
1623
1638
1596
1594
1652
1592
1593
1629
1595
1624
1593
1615
1609
1627
1610
1622
1592
1618
1623
1636
1582
1582
1599
1628
1588
1598
1615
1639
1585
1613
1595
1593
1581
1582
1625
1578
1617
1604
1594
1627
1600
1584
1620
1579
1665
1684
1586
1597
1593
1601
1600
1632
1582
1582
1580
1597
1594
1594
1583
1590
1627
1588
1629
1597
1594
1630
1586
1582
1584
1592
1606
1590
1586
1675
1605
1601
1627
1582
1634
2139
1669
1596
1593
1671
1915
1620
1585
1591
1579
1627
1590
1608
1644
1597
1612
1593
1588
1590
1599
1608
1613
1593
1582
1622
1643
1580
1599
1580
1596
1580
1579
1603
1590
1580
1598
1617
1622
1614
1619
1623
1578
1591
1622
1622
1581
1661
1596
1589
1593
1611
1582
1590
1601
1592
1584
1587
1622
1626
1616
1582
1592
1627
1631
1612
1604
1581
1586
1581
1583
1649
1630
1592
1580
1585
1586
1579
1596
1622
1592
1650
1583
1582
1596
1587
1586
1584
1596
1588
1581
1595
1625
1622
1593
1584
1630
1628
1591
1578
1585
1590
1599
1597
1583
1610
1581
1595
1602
1650
1622
1586
1586
1583
1667
1626
1582
1577
1654
1618
1582
1596
1617
1591
1651
1625
1638
2565
1655
1602
1582
2049
1669
1634
1623
1585
1592
1579
1578
1625
1653
1578
1582
1649
1606
1613
1591
1591
1578
1596
1601
1587
1644
1600
1633
1582
1583
1597
1592
1590
1603
1592
2953
1581
1602
1582
1600
1584
1637
1590
1581
1606
1595
1592
1629
1593
1636
1626
1584
1588
1600
1622
1597
1619
1600
1580
1614
1611
1577
1583
1665
1622
1581
1596
1591
1579
1607
1628
1579
1598
1590
1586
1622
1630
1595
1583
1599
1633
1596
1581
1619
1584
1594
1605
1634
1614
1581
1614
1596
1594
1583
1590
1656
1615
1593
1631
1630
1593
2391
1585
1583
1620
1661
1583
1578
1590
1609
1595
1593
1591
1620
1590
1582
1581
1595
1623
1587
1640
1582
1591
1596
1599
1595
1624
1647
1658
1588
1630
1614
1597
1632
1592
1581
1686
1632
1577
1581
1593
1583
1583
1598
1597
1626
1595
1588
2566
1602
1600
1577
1595
1649
1594
1587
1580
1618
1592
1621
1577
1582
1586
1636
1623
1618
1609
1642
1591
1626
1609
1613
1613
1606
1962
1632
1579
1583
1605
1584
1594
1577
1587
1639
1593
1580
1592
1664
1583
1674
1592
1583
1583
1595
1594
1621
1585
1584
1624
1581
1644
1592
1580
1581
1588
1597
1581
1589
1589
1579
1577
1585
1591
1627
1612
1602
1604
1587
1581
1595
1630
1579
1592
1582
1591
1593
1589
1576
1586
1612
1595
1629
1582
1630
1582
1595
1633
1581
1625
1577
1610
1620
1589
1582
1628
1585
1644
1595
1587
1590
1626
1589
1585
1591
1577
1626
1594
1596
1641
1586
1625
1578
1647
1624
1578
1577
1643
1654
1588
1583
1584
1592
1581
1598
1623
1584
1594
1627
1590
1611
1656
1590
1577
1589
1585
1586
1589
1588
1600
1596
1638
1658
1627
1595
1579
1597
1600
1576
1593
1598
1585
1602
1582
1586
1578
1668
1589
1574
1620
2512
1592
1588
1625
1603
1577
1579
1672
1626
1731
1612
1592
1830
1580
1580
1604
1631
1631
1653
1590
2651
1585
1620
1580
1578
1588
1588
1625
1622
1594
1616
1596
1621
1585
1584
1634
1627
1587
1590
1582
1614
1678
1581
1578
1724
1578
1585
1632
1587
1630
1586
1591
1593
1611
1639
1591
1596
1586
1583
1653
1580
1594
1619
1581
1596
1628
1629
1621
1637
1596
1646
1580
1580
1582
1624
1587
1586
1599
1627
1578
1594
1637
1588
1649
1579
1587
1583
1583
1633
1628
1630
1581
1643
1583
1629
1585
1585
1596
2063
1582
1622
1583
1584
1581
1624
1594
1582
1580
1635
1614
1639
1581
1585
1600
1586
1590
1592
1578
1673
2262
1627
1626
1599
1627
1580
1579
1579
1581
1597
1633
1584
1581
1628
1631
2080
1584
1624
1625
1584
1594
1596
1676
1598
1625
1600
1624
1586
1589
1606
1617
1595
1591
1618
1628
1597
1630
1625
1597
1595
1596
1671
1598
1620
1620
1590
1663
1583
1591
1603
1594
1610
1582
1601
1590
1589
1576
1593
1627
1580
1595
1599
1583
1618
1614
1633
1595
1599
1591
1623
1596
1583
1625
1619
1581
1582
1623
1583
1613
1623
1626
1595
1596
1582
1586
1867
1583
1603
1595
1602
1602
1586
1594
1619
1588
1620
1580
1583
1587
1594
1646
1582
1592
1603
1588
1620
1601
1632
1602
1592
1582
1603
1597
1586
1661
1583
1581
1628
1662
1597
1597
1630
1580
1596
1597
1620
1580
1581
1595
1649
1583
1587
1592
1584
1620
1617
1595
1592
1625
1580
1633
1585
1596
1614
1585
1593
1590
1579
1598
1630
1616
1582
1593
1604
1586
1598
1594
1666
1586
1596
1598
1658
1628
1593
1580
1599
1635
1643
1654
1591
1613
1580
1590
1655
1583
1671
1670
1631
1597
2206
1590
1593
1622
1597
1591
1592
1629
1621
1635
1578
1596
1600
1613
1582
1604
1596
1594
1578
1596
1595
1589
1585
1634
1587
1622
1629
1595
1593
1615
1623
1578
1598
1595
1628
1581
1582
1581
1651
1599
1598
1632
1592
1609
1621
1596
1649
1580
1584
1587
1599
1588
1900
1609
1644
1617
1636
1633
1592
1585
1596
1581
1586
1656
1638
1600
1593
1579
1629
1582
1631
1581
1598
1582
1582
1628
1591
1627
1673
1600
1600
1583
1581
1583
1583
1600
1585
1585
1583
1618
1627
1616
1627
1598
1596
1648
1583
1631
1633
1636
1600
1602
1625
1601
1586
1628
1583
1584
1591
1580
1628
1688
1587
1578
1587
1797
1579
1578
1587
1601
1644
1657
1593
1641
1622
1597
1591
1595
1590
1588
1612
1581
1598
1582
1601
1650
1607
1618
1582
1628
1630
2447
1611
1599
1598
1577
1624
1578
1609
1581
1583
1625
1590
1582
1628
1654
1579
1582
1629
1623
1609
1584
1614
1600
1626
1585
1594
1584
1580
1593
1582
1591
1624
1630
1582
1582
1616
1627
1582
1583
1624
1612
1614
1617
1591
1583
1639
1592
1629
1582
1596
1590
1584
1578
1632
1629
1622
1577
1597
1600
1595
1623
1594
1581
1579
1581
1615
1659
1585
1594
1591
1598
1599
1636
1629
1593
1611
1620
1617
1585
1672
1592
1583
1664
1596
1594
1582
1580
1620
1580
1599
1597
1614
2817
1591
1586
1627
1581
1605
1592
1587
1623
1626
1580
1623
1583
1586
1639
1596
1642
1587
1598
1632
1588
1691
1582
1590
1583
1592
1643
1594
1683
1580
1592
1581
1583
1599
1693
1581
1580
1629
1647
1628
1639
1585
1579
1579
1600
1589
1586
1629
1629
1650
1583
2649
1631
1581
1587
1589
1592
1622
1602
1678
1588
1595
1590
1585
1581
1601
1592
1592
1583
1597
1582
1590
1611
1578
1626
1632
1581
1619
1592
1612
1589
1634
1599
1623
1586
1598
1578
1594
1594
1613
1625
1602
1595
1582
1586
1712
1626
1595
1594
1579
1580
1579
1587
1597
1582
1621
1598
1624
1610
1628
1594
1626
1589
1621
1630
1591
1586
1587
1627
1573
1585
1632
1601
1620
1594
1596
1617
1597
1635
1691
1591
1597
1630
1593
1588
1583
1581
1626
1635
1581
1596
1585
1591
1606
1580
1603
1585
1584
1642
1615
1593
1586
1625
1635
1613
1634
1634
1583
1665
1581
1579
1598
1637
1688
1621
1627
1630
1634
1605
1579
1583
1588
1597
1613
1587
1626
1618
1593
1643
1580
1612
1624
1583
1609
1615
1627
1652
1584
1585
1578
1581
1588
1587
1582
1593
1586
1579
1593
1586
1586
1583
1589
1593
1671
1579
1596
1595
1597
1597
1583
1623
1631
2004
1586
1614
1634
1585
1580
1596
1635
1629
1611
1598
1596
2258
1589
1602
1586
1582
1954
1598
1629
1580
1614
1587
1591
1617
1582
1607
1625
1582
1580
1593
1582
1625
1582
1584
1582
1582
1671
1633
1578
1582
1593
1584
1600
1596
1619
1594
1577
1593
1592
1596
1623
1609
1626
1627
1630
1584
1584
1646
1644
1599
1610
1581
1662
1608
1760
1594
1615
1642
1623
1594
1621
1636
1629
1592
1589
1639
1583
1583
1677
1578
1593
1653
1592
2634
1597
1617
1605
1596
1593
1619
1632
1588
1627
1582
1635
1594
1591
1618
1604
1594
1603
1597
1584
1627
1597
1694
1619
1597
1601
1585
1627
1620
1602
1593
1585
1619
1613
1596
1592
1577
1598
1579
1597
1588
1576
1579
1597
1585
1590
1598
1626
1594
1584
1578
1593
1594
1630
1585
1591
1591
2056
1630
1578
1586
1586
1582
1581
1582
1595
1630
1612
