250
110
115
109
113
114
114
114
110
115
237
115
114
114
114
115
113
114
121
251
109
114
114
120
115
114
124
110
114
115
114
114
259
111
111
259
115
114
122
115
245
111
120
114
114
129
114
121
114
115
114
320
114
114
110
115
114
115
115
267
114
114
125
113
114
117
115
124
112
114
114
114
111
114
115
109
113
115
114
114
114
115
110
114
119
110
121
121
114
115
114
114
176
115
115
188
114
114
315
131
114
123
117
115
114
146
114
116
114
123
114
114
118
111
118
114
114
121
110
115
114
114
114
114
114
115
115
114
114
116
121
115
114
120
114
114
114
114
114
110
115
115
115
114
114
170
167
115
322
114
114
114
114
114
114
114
115
114
118
114
114
126
250
117
120
114
115
114
114
115
113
114
114
114
126
121
114
114
110
113
114
119
114
114
114
115
188
114
115
115
117
115
115
113
114
169
113
114
114
114
115
122
115
114
114
115
118
114
114
113
114
114
114
114
113
115
120
115
121
114
114
114
114
115
118
109
114
114
114
119
115
114
119
114
121
114
114
124
114
114
114
114
115
115
115
114
115
114
114
122
119
114
114
133
121
114
114
122
322
114
114
115
114
113
114
115
114
110
118
110
115
115
115
114
114
118
119
114
115
114
115
121
114
114
115
114
114
114
114
115
124
169
114
116
114
114
114
114
120
114
114
109
114
125
119
114
118
114
114
111
120
115
119
118
114
116
114
114
113
115
110
114
115
114
114
114
114
250
115
114
114
114
118
114
114
110
114
114
116
113
114
114
114
118
115
114
116
114
119
114
115
114
168
114
122
114
110
114
118
114
115
120
114
114
115
115
116
114
114
114
124
115
114
115
114
114
113
115
124
114
114
120
114
114
114
114
114
116
114
113
114
114
126
114
114
115
114
114
115
114
114
115
115
114
114
115
114
114
115
115
111
114
114
121
114
115
111
114
114
115
114
250
114
114
114
125
114
164
114
114
114
114
114
156
115
115
114
114
114
114
115
122
114
114
114
120
118
114
114
117
114
113
114
114
114
114
114
114
113
115
114
114
115
113
115
114
120
114
115
114
164
128
115
114
114
116
114
114
114
114
126
125
114
114
114
114
115
115
114
120
120
118
115
114
114
114
110
114
114
119
109
114
124
114
114
114
115
114
115
114
114
116
265
115
119
115
114
114
116
116
114
109
115
120
114
114
115
114
118
115
114
114
117
113
114
115
115
114
114
116
114
113
110
114
114
114
121
115
114
115
118
129
122
113
119
113
114
121
114
116
114
122
249
113
114
118
115
120
114
114
114
115
114
114
115
114
114
114
115
114
116
120
114
114
114
125
123
127
117
114
121
290
114
114
113
115
114
114
114
115
114
263
114
116
115
114
166
114
114
114
114
114
117
163
115
115
166
114
120
114
116
114
114
114
114
114
114
114
114
114
115
120
115
115
125
109
114
115
114
115
115
114
120
125
113
273
110
114
110
114
114
118
114
116
115
110
114
115
166
115
114
115
320
114
110
114
115
114
341
114
318
122
115
115
114
125
122
114
114
115
113
114
117
121
118
114
115
115
114
115
121
115
231
115
120
117
180
162
115
114
114
114
114
115
114
115
115
115
121
148
118
114
114
115
114
120
115
122
114
118
114
114
114
171
118
126
114
114
113
114
114
119
114
117
110
114
115
114
115
115
114
121
114
115
114
110
113
173
115
120
114
114
115
114
114
114
118
115
122
115
110
116
121
114
114
114
119
114
121
115
114
114
250
114
113
114
114
116
115
114
115
114
114
114
115
171
114
114
115
114
115
114
114
110
115
119
115
115
114
113
114
114
113
114
157
113
114
121
113
120
114
115
114
115
114
118
115
115
121
114
114
115
114
115
114
115
176
114
114
114
114
114
119
111
114
110
115
113
180
114
114
114
115
115
114
114
114
113
114
123
114
271
114
111
114
120
114
115
115
112
113
121
114
115
114
120
117
117
114
121
127
110
118
115
132
123
120
115
119
114
114
119
114
114
321
114
114
115
113
114
113
118
114
114
114
114
116
120
125
126
114
114
114
114
115
114
114
114
119
115
115
114
122
121
119
114
121
114
114
120
123
319
114
114
114
114
113
114
115
114
115
114
114
114
115
118
114
115
114
114
114
119
109
114
115
114
118
114
114
114
115
111
123
114
114
113
116
114
114
114
114
114
116
115
115
115
249
114
110
115
118
109
114
114
114
117
115
115
115
114
115
114
114
120
116
114
120
115
110
114
114
114
124
114
113
114
114
114
119
114
126
114
114
114
114
114
164
114
114
114
120
114
115
161
115
113
114
114
114
114
115
114
114
169
113
114
110
114
115
117
113
123
114
115
115
109
122
114
114
120
114
117
114
114
115
115
114
114
114
114
115
114
114
120
114
114
115
115
114
114
118
114
319
114
115
122
114
114
114
114
114
114
113
114
114
115
115
115
109
114
115
114
113
119
114
115
115
114
115
114
113
115
114
120
167
114
115
121
109
114
115
114
117
125
110
117
340
117
114
114
114
287
115
115
113
119
113
114
114
114
114
115
114
114
114
116
114
114
115
114
114
118
114
114
113
166
114
109
114
115
114
114
114
130
113
114
114
114
115
128
114
114
114
321
161
114
113
129
114
114
114
114
115
122
124
114
123
114
114
121
137
119
115
114
114
114
116
111
114
113
124
114
114
163
115
115
114
114
114
114
114
115
119
115
115
114
114
110
123
114
119
115
115
115
114
114
114
114
115
114
114
114
115
115
318
114
114
121
114
114
291
114
114
120
114
114
114
341
110
110
114
122
120
114
114
114
114
114
114
114
114
114
125
114
193
113
118
113
114
113
114
114
115
113
114
122
114
114
114
114
115
122
121
115
110
117
114
114
110
120
114
114
114
121
119
114
114
116
114
320
115
114
114
114
114
114
114
114
115
114
113
114
115
111
115
121
114
122
114
109
161
114
114
152
115
114
319
114
115
113
114
115
115
114
114
114
115
262
120
114
114
249
114
114
114
117
115
120
114
114
114
114
117
114
114
119
139
114
114
115
114
124
114
114
115
121
114
118
114
117
114
114
115
120
114
114
119
115
193
114
115
114
114
113
113
114
115
115
115
114
115
114
115
109
110
118
110
115
114
114
114
112
317
123
115
122
115
110
114
114
120
159
112
114
121
114
114
115
113
113
122
114
115
114
121
114
320
114
114
114
115
114
113
114
114
114
119
114
121
114
115
114
114
115
114
114
114
115
117
114
114
114
114
114
114
115
116
109
114
115
115
118
114
127
115
125
124
114
114
114
114
114
113
114
115
114
114
114
119
114
114
115
114
129
109
119
114
114
126
113
190
120
115
114
109
118
115
114
113
121
124
113
117
114
126
157
114
113
113
110
114
114
114
115
119
114
114
114
114
110
113
114
114
114
114
115
114
114
115
114
118
114
115
269
115
114
114
115
122
115
115
116
114
115
115
114
114
114
114
115
115
116
110
114
114
115
115
119
114
114
113
113
118
114
114
114
114
114
114
120
114
114
118
114
114
114
115
114
114
115
113
114
114
120
115
114
114
111
113
114
114
114
114
114
115
114
114
116
114
114
114
114
114
115
335
114
114
110
115
114
114
114
119
114
109
115
110
114
114
114
115
109
114
114
110
115
113
117
115
126
114
116
113
114
114
114
124
114
114
117
117
115
116
121
114
115
114
113
114
115
118
114
114
114
114
114
111
110
114
114
115
115
119
115
114
168
111
115
114
115
114
114
114
114
118
118
114
118
114
114
114
114
122
114
117
121
113
109
114
119
114
114
114
114
115
119
118
117
114
115
115
114
114
114
114
114
114
114
115
118
114
114
123
114
114
114
114
121
114
159
114
116
116
114
115
115
121
114
114
118
114
114
114
115
114
114
114
119
118
114
345
114
114
114
114
110
114
155
114
115
114
114
118
114
114
115
114
115
114
114
115
114
114
115
118
114
114
115
114
114
114
168
119
114
114
114
118
110
115
114
114
114
114
110
115
109
114
115
114
114
119
115
115
114
114
120
114
114
114
114
115
114
114
121
114
114
120
114
122
114
115
121
115
124
114
159
114
114
118
114
114
118
114
115
114
116
120
114
115
117
114
114
114
114
114
114
113
114
114
432
115
116
114
114
114
109
114
114
114
114
113
114
114
113
114
114
113
120
115
114
115
114
115
115
114
122
114
120
110
114
124
114
319
115
115
114
115
114
114
114
115
115
114
158
114
115
114
114
128
115
114
118
114
118
114
114
114
113
115
115
114
114
115
122
115
122
114
120
115
115
338
114
114
115
114
110
109
117
258
173
114
114
114
117
114
113
115
114
114
124
116
114
113
116
159
114
113
118
114
114
114
320
113
118
114
115
115
119
114
115
120
110
119
109
114
114
115
114
114
134
113
110
114
110
115
120
114
275
115
114
115
115
117
114
115
124
114
115
120
119
114
114
115
114
114
173
118
114
114
115
114
114
114
114
120
118
114
114
113
117
114
115
114
115
114
114
114
115
115
114
113
116
114
114
121
114
118
115
114
125
115
167
114
115
114
114
114
109
114
123
113
114
115
114
145
115
114
113
114
114
114
115
121
118
114
121
117
170
115
114
114
114
114
114
114
114
114
114
109
114
114
115
115
114
123
118
114
115
114
114
115
114
114
115
115
114
114
114
117
114
114
114
109
118
114
114
114
114
114
114
267
115
120
174
114
115
110
123
114
114
115
114
115
110
113
114
115
114
114
118
114
114
114
118
121
114
114
197
115
115
114
114
114
114
126
114
114
115
114
115
114
109
115
114
115
114
114
114
113
114
113
333
117
115
115
114
113
136
114
114
114
114
114
114
116
129
114
114
113
115
114
115
115
115
115
109
115
116
115
115
114
115
114
113
115
118
126
122
115
114
114
114
266
113
114
115
121
120
120
157
114
109
115
115
115
113
114
114
115
121
114
110
116
111
115
115
113
115
115
114
114
113
114
114
115
319
114
114
113
114
114
114
117
113
114
115
114
114
115
114
114
113
114
113
113
113
114
177
114
115
114
114
114
113
122
114
114
114
114
119
118
115
114
346
333
113
113
114
115
114
116
115
114
114
114
114
114
114
114
115
114
125
115
113
113
114
114
114
115
115
137
114
118
120
110
114
258
121
114
121
114
114
118
114
114
117
118
113
114
115
114
114
114
114
139
114
115
114
110
114
194
114
110
114
126
114
114
115
114
320
114
126
114
114
114
115
114
113
115
115
114
115
114
114
114
115
119
114
114
114
114
114
115
114
153
113
118
115
114
113
319
114
127
125
114
111
114
114
110
114
113
118
113
114
114
113
114
120
114
114
113
114
114
114
174
114
114
114
115
114
114
174
115
113
115
114
115
114
114
114
118
114
115
110
114
114
114
114
110
114
114
115
114
115
113
115
115
114
114
114
114
114
184
168
114
114
114
115
114
114
114
341
120
137
178
113
115
114
114
114
114
114
122
114
118
120
114
119
115
114
124
114
115
115
115
115
114
114
114
115
114
115
114
115
114
114
181
115
114
119
114
114
114
114
115
122
114
114
118
114
114
119
165
114
114
117
114
114
114
114
115
125
114
114
118
114
114
114
110
114
120
114
116
114
114
115
110
114
114
114
114
114
115
114
115
114
109
114
114
114
114
114
115
114
114
115
114
179
114
110
114
111
113
116
115
115
171
114
114
120
115
114
114
114
114
114
115
114
114
115
115
114
118
117
114
114
115
113
114
133
114
110
118
127
109
132
114
114
114
115
118
114
114
156
114
114
110
114
110
114
123
114
114
116
115
113
114
115
114
114
114
114
114
114
267
114
114
114
114
116
114
114
114
120
114
115
114
114
114
114
114
114
114
114
115
115
116
114
115
116
109
114
114
121
114
115
115
114
114
115
122
114
110
114
114
157
115
114
114
164
114
114
114
114
115
114
114
122
113
114
114
115
115
114
115
115
115
115
114
114
114
114
110
114
114
115
114
114
114
113
114
319
122
114
119
120
121
114
114
115
110
114
114
114
118
114
114
115
115
114
113
114
115
113
114
127
114
113
111
115
114
114
114
114
120
114
114
114
115
114
114
114
115
114
114
118
116
115
115
121
115
114
114
114
114
114
114
115
115
116
110
115
114
114
153
114
114
160
114
113
114
114
114
115
114
114
114
114
110
114
114
114
110
121
114
114
117
115
114
111
114
113
121
114
114
114
114
120
114
114
115
114
113
114
110
114
114
113
110
114
115
114
114
114
115
115
117
114
114
110
114
114
114
114
115
114
115
111
114
114
125
319
114
264
351
115
120
110
114
122
114
114
114
114
115
113
114
115
114
114
113
114
114
113
118
114
113
118
114
115
114
114
115
114
114
120
116
115
114
110
122
114
117
114
114
114
114
114
114
114
115
114
114
114
115
114
114
114
115
114
111
115
114
121
113
114
116
122
114
114
115
114
114
113
114
114
114
114
115
115
115
115
115
121
115
113
114
114
114
111
118
114
118
115
114
114
115
114
114
114
114
114
159
110
115
115
115
119
114
121
114
114
114
114
109
114
115
111
115
114
115
113
109
364
110
118
115
115
114
124
115
115
114
114
114
114
114
113
114
161
114
114
113
120
114
115
114
114
114
114
115
114
114
116
114
114
114
119
114
114
114
111
110
114
115
114
114
114
110
118
122
114
114
115
117
114
110
114
114
117
267
114
114
114
114
114
114
114
114
120
113
114
115
114
110
114
120
346
121
114
114
114
114
118
120
121
114
111
114
115
114
115
168
118
115
115
114
114
114
114
115
114
114
114
118
114
114
114
114
114
119
119
109
163
114
115
115
119
115
114
113
114
116
114
114
115
114
114
114
115
148
120
115
115
114
114
119
118
114
114
115
114
114
111
122
119
114
114
114
116
115
114
118
114
115
114
111
114
114
114
114
114
114
131
115
115
110
118
114
114
109
116
134
114
115
114
114
143
115
115
114
114
115
114
119
115
122
114
113
114
114
114
125
115
114
115
114
118
114
110
118
114
115
115
114
114
114
114
114
118
114
113
114
114
114
114
114
114
113
119
115
114
114
114
114
264
124
110
119
113
114
115
114
121
119
160
118
115
115
117
114
114
114
114
114
119
115
114
114
114
114
127
114
114
115
115
114
114
115
114
115
114
114
114
113
114
114
114
123
114
114
115
113
109
114
114
114
114
113
114
114
114
114
114
114
114
122
114
115
129
114
114
122
114
118
114
130
114
114
114
114
114
114
114
319
114
114
114
114
114
114
114
113
114
117
115
114
114
115
114
114
117
110
114
118
114
115
115
113
119
119
114
114
114
113
118
114
119
115
118
114
116
114
114
118
109
113
114
121
114
116
114
114
114
116
114
114
117
118
118
114
115
114
115
114
115
115
114
115
114
114
114
115
126
114
115
126
114
122
114
114
118
114
114
114
115
114
118
115
114
173
114
115
114
114
117
114
114
117
114
114
112
113
114
119
114
114
115
114
116
115
114
115
114
115
114
114
114
118
114
114
114
114
113
113
114
115
114
114
113
114
119
114
115
115
114
114
269
114
121
114
114
119
114
351
114
115
263
114
114
128
113
350
120
114
114
114
320
114
114
114
114
111
114
114
115
111
113
114
113
114
110
115
114
113
114
114
114
110
115
122
123
120
115
114
114
114
114
109
114
115
114
114
115
125
114
114
117
113
115
118
114
114
114
114
115
168
115
115
114
114
114
114
114
319
113
114
115
122
114
115
121
114
120
114
120
114
113
115
114
114
114
114
114
114
115
120
115
114
114
114
115
114
114
114
114
114
121
118
264
118
114
114
216
115
114
118
114
116
111
115
117
115
115
114
120
123
115
114
114
114
114
116
114
114
114
128
114
115
114
118
111
114
115
114
114
119
114
114
114
116
184
115
118
121
120
115
113
109
114
115
115
114
157
114
115
128
114
118
114
114
113
115
114
110
114
114
120
116
114
114
115
114
114
115
114
115
113
120
113
114
145
114
114
114
123
170
114
115
110
113
114
114
114
114
114
115
114
114
114
114
115
120
114
118
115
114
115
114
114
114
114
115
122
113
114
114
123
114
114
114
113
114
114
114
115
110
118
114
121
114
110
114
114
115
114
118
114
118
114
117
115
114
115
114
115
114
124
114
114
118
117
114
117
114
114
114
113
114
114
115
115
115
113
114
114
114
157
114
113
114
114
114
113
120
154
121
115
114
115
270
114
114
114
121
114
128
114
124
114
114
113
115
339
118
114
114
114
114
114
115
192
120
114
114
115
114
114
114
213
114
114
115
119
115
113
115
114
115
115
114
114
114
115
114
114
114
142
114
114
114
115
114
114
114
115
127
115
114
114
114
115
114
119
115
114
113
111
114
162
124
117
115
114
114
114
116
114
140
114
113
115
114
114
114
114
118
114
114
319
114
115
118
114
115
122
114
114
118
115
113
114
116
114
114
116
115
114
114
114
114
115
127
115
114
114
114
114
114
114
125
115
118
114
114
114
115
121
119
114
116
115
114
114
115
114
114
118
113
117
114
115
114
114
114
115
110
113
114
114
121
120
113
114
114
116
320
114
114
114
114
113
114
114
115
115
115
122
122
114
115
122
115
115
115
114
114
114
114
117
117
114
110
119
114
123
114
115
114
110
115
319
110
114
114
114
114
115
119
114
114
118
115
115
114
114
114
115
119
127
165
114
115
114
110
114
123
115
114
110
113
114
114
114
114
115
115
115
114
114
123
114
114
114
319
114
113
114
114
115
114
114
115
118
114
114
114
164
121
119
180
114
114
115
114
117
114
114
114
122
114
251
114
175
116
115
118
114
114
110
115
119
115
114
129
114
252
114
173
114
120
114
114
114
117
113
114
114
114
115
114
114
114
115
160
115
117
120
115
110
114
114
114
110
114
115
115
249
114
113
114
115
110
114
124
114
115
114
115
117
114
156
118
117
168
109
116
116
114
116
114
115
123
121
118
114
114
114
115
114
114
122
114
118
114
115
110
114
114
114
114
115
114
114
114
250
114
115
114
115
160
114
114
114
114
114
165
110
114
113
114
114
114
115
114
114
125
114
113
117
115
120
114
115
115
184
114
114
113
114
115
114
114
114
115
114
114
115
118
115
114
114
114
114
115
115
113
115
114
114
109
114
115
110
114
159
115
114
110
118
113
115
114
122
117
114
114
118
115
114
114
114
114
114
114
115
121
114
115
114
114
115
114
114
114
109
267
115
114
114
114
174
113
114
114
