138
138
137
138
138
138
182
137
311
140
137
138
140
142
138
134
138
139
137
138
138
138
142
132
390
145
324
145
139
137
138
138
213
138
139
138
347
143
138
133
145
144
134
145
138
138
138
134
138
138
137
138
145
138
138
220
138
139
138
138
134
138
137
138
137
138
138
138
138
138
140
143
138
138
138
299
138
151
138
170
144
138
188
138
384
138
144
138
138
138
138
137
138
138
139
138
137
138
138
138
138
138
136
213
138
137
141
138
180
189
304
141
138
143
138
138
138
138
310
138
138
137
139
138
389
139
149
138
138
139
138
138
139
191
138
142
138
138
138
138
137
139
138
138
138
138
145
138
138
138
139
137
138
138
148
138
138
138
198
138
137
142
138
142
195
141
138
138
142
193
138
137
138
138
138
137
133
138
137
138
137
138
138
138
138
148
138
138
137
145
137
138
138
138
138
197
137
138
138
138
138
140
138
138
137
172
216
149
144
137
137
138
145
138
138
139
138
138
137
138
138
146
138
147
303
144
138
139
204
138
139
138
141
138
146
137
304
142
138
138
138
138
139
143
137
134
138
139
138
138
138
138
137
151
142
137
139
138
138
382
154
138
137
138
138
142
138
194
144
197
145
137
137
138
137
148
142
149
138
137
138
139
138
139
138
138
138
309
138
147
137
138
139
138
138
138
138
138
193
133
138
138
138
138
137
138
137
138
138
138
138
139
144
138
142
144
139
137
195
427
188
138
137
134
137
137
138
138
138
140
138
136
138
137
137
138
137
139
137
138
137
138
138
145
138
138
139
138
139
138
138
139
138
138
138
137
139
138
138
146
138
137
138
139
139
142
138
138
137
138
149
138
138
138
138
192
138
138
145
138
137
137
138
145
138
138
138
138
195
137
138
138
138
140
133
138
138
148
137
140
137
138
138
138
137
153
138
140
137
138
138
138
138
137
138
137
138
138
138
150
138
138
197
152
138
138
138
148
138
138
137
138
139
145
139
138
134
138
138
138
138
137
138
141
192
138
139
138
138
138
139
138
138
138
137
138
138
144
138
137
138
134
138
138
138
150
201
138
138
137
152
138
138
138
138
138
147
137
139
139
139
138
138
138
138
138
144
138
138
138
408
138
140
138
141
139
216
138
138
197
202
137
148
143
137
218
133
137
139
138
138
138
138
138
148
137
138
138
198
138
139
137
138
138
138
138
137
145
138
138
138
138
145
138
137
138
137
136
138
142
140
138
147
138
138
137
139
138
138
137
138
138
146
138
137
138
197
141
144
138
137
147
138
302
135
138
137
145
137
202
135
138
138
138
139
138
137
138
138
137
136
143
141
143
138
138
137
138
139
138
138
138
137
139
138
139
137
139
138
138
138
138
298
138
139
137
146
138
138
138
138
138
141
138
138
144
139
137
138
145
137
142
138
139
138
138
138
138
146
138
137
138
134
138
138
142
143
138
142
137
148
138
138
141
138
139
136
139
138
138
138
138
138
138
137
138
138
138
138
138
144
138
139
138
138
138
138
138
138
138
151
138
138
145
139
138
138
138
138
138
137
138
138
155
138
138
138
389
138
138
138
138
138
137
137
137
145
139
134
142
137
138
138
139
137
138
138
138
138
138
138
137
139
142
138
142
138
138
138
138
138
138
218
138
138
151
138
138
149
138
138
138
137
138
138
137
137
138
144
139
138
137
140
138
144
197
138
137
137
138
148
138
139
133
145
244
138
138
389
138
143
137
138
138
139
137
138
134
138
138
134
138
138
137
139
138
138
138
138
138
138
137
138
138
145
138
138
138
137
141
137
138
139
138
138
138
138
137
137
142
138
138
138
137
145
200
138
139
138
139
138
144
139
138
138
138
145
138
139
138
138
138
138
141
139
138
138
137
144
138
138
145
142
138
138
138
141
138
144
139
138
138
138
141
138
138
138
138
304
139
139
138
138
138
137
133
155
133
138
137
138
138
138
138
138
138
138
137
138
192
160
200
138
137
142
138
137
138
137
138
137
137
137
389
140
138
138
138
133
137
164
133
408
139
142
138
138
148
196
142
142
142
140
139
139
137
138
149
197
139
142
138
145
145
138
137
145
138
138
138
138
138
138
138
145
138
138
145
138
137
138
138
138
138
138
138
138
138
137
214
138
141
139
200
139
139
150
138
141
138
138
134
144
141
139
138
138
137
142
144
138
165
138
138
138
138
138
138
138
138
138
212
133
137
138
137
138
138
141
139
141
141
139
198
388
137
138
137
138
138
139
138
138
138
153
138
138
139
138
143
146
138
139
138
138
142
138
138
142
138
138
138
138
137
138
137
138
143
138
138
138
137
141
138
138
138
137
138
137
138
138
137
137
138
148
137
387
138
139
139
138
138
152
139
138
138
147
139
138
135
138
137
138
138
138
138
141
139
133
138
138
138
137
137
138
137
137
152
139
137
137
137
138
137
138
197
138
193
134
138
139
150
138
149
148
138
138
178
138
139
141
138
137
221
149
145
137
137
194
138
138
138
138
138
137
138
138
149
137
138
137
134
137
198
141
149
138
134
138
138
214
134
138
138
138
138
137
138
138
144
137
138
137
138
142
142
133
137
138
138
138
138
190
138
138
138
138
138
138
143
139
137
138
138
144
137
137
138
137
138
141
138
188
145
138
226
138
138
143
138
149
137
138
149
139
137
138
138
133
138
138
138
190
138
151
138
138
137
141
138
138
138
139
138
138
138
137
137
138
138
149
137
138
138
138
142
138
141
138
138
138
138
138
138
134
133
145
138
137
137
137
138
138
138
138
137
138
138
137
138
138
139
145
137
140
137
138
138
138
138
138
137
133
138
133
137
138
137
141
145
138
137
145
138
138
139
138
138
148
137
138
138
141
138
138
138
138
137
138
138
141
138
137
138
138
142
138
138
138
137
138
138
138
138
138
138
149
134
137
145
138
137
138
142
138
191
137
140
138
138
138
138
138
139
138
141
138
137
137
138
142
138
138
139
139
138
138
304
138
141
139
138
138
138
153
139
138
159
137
139
146
138
137
137
138
142
151
145
195
138
138
137
138
138
138
139
148
142
138
138
139
138
138
138
146
138
138
138
142
139
138
409
389
138
138
137
145
138
138
138
138
139
133
197
134
139
138
138
138
139
138
145
137
138
197
138
138
302
137
138
139
138
201
138
138
138
138
138
146
137
138
134
137
138
139
132
150
137
139
138
138
138
174
137
141
142
138
138
138
138
151
138
145
141
138
138
138
138
145
138
138
137
145
138
137
138
138
138
139
137
137
137
139
140
138
138
138
147
190
138
141
138
148
324
137
138
150
138
138
140
143
142
138
138
138
138
138
138
137
138
138
138
138
137
137
143
137
138
145
138
140
138
138
138
138
138
132
138
137
137
148
137
187
138
138
138
138
138
139
141
167
138
137
137
139
142
138
139
141
142
138
137
139
138
135
321
137
138
139
139
142
201
138
134
138
153
141
139
150
138
138
148
142
297
138
138
388
138
139
138
137
139
138
138
150
142
137
138
138
138
146
151
137
137
138
138
142
137
137
141
138
138
138
138
137
138
138
149
138
138
138
139
138
182
194
139
138
147
138
137
137
137
137
138
138
138
138
138
138
138
199
144
138
137
138
138
144
138
143
146
138
139
138
138
137
139
138
142
151
188
149
139
137
305
139
138
145
138
138
138
153
133
138
145
138
139
138
141
147
138
138
138
138
138
138
138
138
196
145
139
142
138
138
138
138
138
137
137
138
138
198
141
389
138
142
142
138
138
138
146
138
138
138
138
138
137
144
138
137
138
147
137
138
144
137
141
138
138
138
138
138
135
142
133
138
134
138
137
202
304
138
138
137
138
139
138
138
138
194
148
137
136
138
139
139
138
138
138
138
138
142
138
138
137
144
139
138
146
142
138
149
138
137
137
138
137
143
149
138
138
137
138
138
137
154
141
138
192
203
138
138
142
137
138
142
148
138
138
138
137
138
145
138
138
137
146
138
140
137
138
138
138
137
138
147
138
144
140
137
138
138
138
138
138
137
138
138
138
138
137
139
138
138
141
138
137
139
137
141
138
138
138
138
138
138
137
138
139
138
138
136
138
138
139
138
138
138
149
138
138
137
138
141
138
173
138
138
389
138
145
145
145
137
137
139
138
199
138
139
138
138
138
133
193
138
138
137
138
138
138
138
142
134
138
138
137
139
138
137
139
138
137
138
138
139
138
138
138
138
137
138
149
143
138
137
147
141
137
151
138
133
138
137
141
138
138
137
138
318
150
138
138
137
138
149
138
138
138
139
137
149
138
137
138
138
138
138
138
137
137
137
138
138
138
138
141
138
132
138
139
138
138
138
134
138
138
137
142
190
138
138
139
138
138
138
137
137
144
138
137
137
138
138
186
138
138
138
145
137
148
138
137
137
137
139
150
138
138
214
138
140
138
138
138
138
141
137
138
138
138
138
139
138
138
148
138
138
138
137
138
138
188
138
138
138
138
141
138
137
134
137
138
138
147
137
137
208
138
138
138
181
138
138
137
138
138
138
139
144
138
138
138
138
138
138
137
138
192
139
138
137
138
145
142
138
137
138
137
134
152
138
138
211
142
138
139
138
134
137
138
138
138
138
137
138
144
138
138
138
138
187
138
139
138
138
148
137
138
143
137
184
140
138
138
138
147
201
139
194
138
142
134
139
138
138
138
172
138
138
138
214
138
144
138
137
139
141
138
138
137
139
138
190
137
138
138
138
138
139
139
138
138
138
138
138
137
145
137
137
138
137
142
137
149
138
138
137
138
142
138
137
138
284
140
138
213
135
138
137
151
141
146
138
137
138
142
137
149
137
138
138
360
138
142
138
137
137
138
145
226
140
137
141
138
138
193
137
141
410
137
145
304
151
138
134
138
138
139
138
138
138
138
139
138
138
150
139
144
134
138
137
137
138
137
137
409
182
137
138
137
137
138
138
136
138
145
138
142
139
138
137
138
138
138
138
138
142
139
151
138
145
137
148
138
138
176
138
138
146
141
138
138
138
145
142
145
138
138
138
138
138
138
138
139
145
138
387
137
149
137
134
139
138
138
148
137
138
153
203
138
135
137
143
138
144
138
138
138
137
142
137
137
387
138
139
138
139
138
137
134
139
138
138
138
139
138
138
138
303
138
138
150
388
138
138
139
138
138
134
138
145
138
137
144
137
328
138
138
133
138
138
138
138
139
138
138
145
138
145
138
139
138
137
138
304
138
138
142
138
138
142
139
138
142
146
137
138
138
138
138
139
138
137
138
138
138
195
191
137
138
138
138
138
138
137
138
138
138
189
138
138
138
138
138
144
138
138
138
139
142
137
134
134
141
137
138
139
142
144
138
139
137
138
138
137
138
145
139
146
138
138
138
140
138
138
138
139
148
146
139
138
146
138
140
138
249
138
138
138
138
138
138
137
138
388
138
138
138
147
138
138
139
137
140
138
138
138
138
140
138
138
141
142
138
144
138
137
142
138
397
137
138
139
142
138
138
138
138
138
192
138
133
140
137
138
138
138
138
138
137
144
137
138
138
139
149
137
138
138
138
138
138
138
141
142
138
138
137
137
137
138
141
149
138
137
137
142
138
137
138
138
245
138
138
137
137
144
138
138
138
138
195
137
137
137
138
138
137
137
303
138
138
138
137
138
138
138
139
138
138
151
138
141
142
138
138
134
140
137
138
149
138
138
137
151
138
138
138
137
145
138
138
138
141
138
138
137
142
141
137
317
185
143
141
141
135
147
138
138
137
148
137
138
143
139
133
138
138
138
138
138
141
138
147
150
138
138
138
138
138
149
389
138
389
136
151
139
137
138
138
138
138
138
139
138
137
138
197
138
137
137
138
144
137
389
138
141
139
137
189
197
138
138
137
138
138
138
138
138
138
137
136
138
138
138
142
138
138
389
138
138
139
137
138
138
147
139
138
193
138
138
137
137
151
138
142
387
139
137
138
138
137
220
138
138
142
137
178
138
138
138
139
138
137
138
138
191
141
138
141
196
138
133
144
137
138
138
138
139
189
138
138
217
138
139
137
138
138
137
138
139
195
134
144
138
139
138
139
136
138
138
138
188
138
137
138
137
138
138
138
138
138
139
138
138
138
138
137
137
138
138
138
138
139
149
138
137
145
138
153
208
145
137
137
138
138
138
138
149
140
138
138
198
138
138
133
139
138
138
138
137
138
137
138
138
137
200
188
138
142
138
138
137
138
139
138
222
138
138
134
137
138
138
138
138
138
138
138
138
150
145
144
149
138
143
145
138
139
137
139
138
140
388
139
137
137
148
174
138
137
137
185
137
138
138
138
138
138
138
138
213
139
141
138
139
141
138
137
137
138
138
138
138
144
138
138
138
138
137
139
138
137
138
134
138
134
138
138
138
141
138
137
137
138
138
144
137
137
137
138
137
318
138
137
145
138
139
137
137
138
138
145
139
145
138
138
137
138
139
407
152
139
138
192
137
154
138
137
139
138
133
304
138
148
137
138
132
386
139
138
139
137
149
142
147
138
144
138
138
137
142
147
138
138
138
138
142
137
142
141
137
139
144
138
139
138
137
137
133
138
138
138
138
137
138
138
138
138
138
137
137
138
138
138
138
139
138
153
139
191
133
137
144
138
138
137
137
206
138
138
138
145
137
145
137
134
141
138
138
387
138
149
138
137
137
138
142
145
150
137
137
138
137
196
138
138
138
153
145
138
138
137
138
137
138
147
137
196
138
137
138
137
138
138
138
138
141
145
145
138
138
138
147
139
138
147
138
138
138
138
139
138
138
138
139
137
138
151
138
143
134
140
138
137
138
138
139
138
137
148
138
138
140
134
137
219
138
138
139
144
138
138
149
137
139
138
138
138
138
139
148
141
209
137
137
138
138
142
137
138
142
145
138
138
138
138
386
138
138
139
161
142
148
138
323
137
142
138
141
148
138
141
134
138
136
138
138
138
138
138
138
138
138
142
138
142
137
142
139
138
137
138
137
138
137
138
139
138
138
137
138
142
134
137
138
137
138
138
219
138
148
147
138
151
138
138
138
137
144
138
142
138
148
140
138
188
138
194
139
153
139
138
137
138
137
137
138
149
138
138
139
138
139
138
145
134
138
138
262
138
139
138
142
138
138
137
138
160
139
138
138
137
138
137
138
137
138
139
138
138
137
145
152
137
150
138
138
145
142
138
138
138
138
134
137
138
138
138
138
138
141
138
138
141
138
138
146
139
138
143
138
138
141
148
138
137
138
138
138
134
138
138
138
138
138
138
137
138
138
144
133
139
138
138
138
138
137
148
151
138
138
138
147
138
139
139
139
189
138
138
138
138
138
138
190
138
138
139
141
138
138
138
193
138
139
138
148
138
138
141
144
134
138
143
138
139
138
138
190
143
142
388
138
141
389
149
140
141
138
138
138
134
138
138
134
137
138
137
138
138
138
137
139
138
138
148
139
138
137
138
138
197
138
138
138
141
138
138
138
138
137
144
138
138
138
146
137
139
138
138
147
212
138
146
138
138
139
150
144
141
138
138
146
139
138
138
138
138
138
138
138
139
139
138
198
137
139
138
149
138
137
138
138
139
149
142
138
447
138
138
138
138
137
137
149
137
138
138
138
134
305
191
141
141
137
138
153
138
138
137
137
137
138
138
138
138
138
137
138
137
138
138
149
138
138
138
137
138
137
150
138
138
138
138
148
152
138
138
137
138
138
138
147
145
138
138
138
138
138
138
139
138
137
133
153
137
138
137
138
141
138
144
138
138
137
138
138
138
138
138
138
137
138
137
138
138
138
386
137
139
134
138
197
146
138
151
137
138
138
137
139
137
138
149
138
142
148
138
141
137
144
138
142
145
137
138
138
138
138
138
138
187
139
196
138
138
138
139
137
389
141
138
194
138
138
138
139
139
138
132
138
138
137
140
138
145
139
138
137
199
137
339
138
138
191
138
138
138
137
138
138
138
137
138
138
138
138
138
141
138
148
138
138
138
138
154
137
138
140
150
139
138
138
138
150
141
138
138
142
138
138
388
137
137
143
138
138
137
138
138
138
137
389
138
138
138
138
137
139
139
138
138
138
142
138
144
138
138
148
138
138
204
139
138
138
138
137
137
202
138
157
138
138
138
138
138
138
138
138
137
145
138
139
138
151
138
138
137
143
139
144
138
139
141
138
138
137
138
138
138
138
138
137
149
138
138
138
197
138
138
137
138
142
138
138
138
408
139
137
139
137
138
138
138
138
137
142
138
134
138
137
145
138
137
138
138
138
138
138
137
138
204
138
138
138
137
137
139
138
138
138
138
138
138
197
214
145
139
137
141
137
137
138
138
139
137
304
138
139
138
139
171
138
138
137
152
138
137
134
140
138
137
140
155
222
138
145
148
139
138
145
138
138
138
139
143
138
138
138
139
137
136
138
150
138
139
138
141
138
138
286
134
138
138
137
138
138
137
138
138
142
153
137
139
143
138
138
150
146
138
138
141
138
138
139
138
138
138
137
141
137
145
138
138
141
137
137
137
138
137
138
138
138
138
138
389
138
138
133
138
139
138
139
138
138
139
389
138
138
138
141
139
246
138
138
138
139
137
137
138
136
151
137
138
138
137
139
138
138
138
138
153
138
137
138
137
138
138
138
138
138
138
138
138
145
138
138
143
138
165
138
138
143
137
138
151
151
145
138
138
138
138
138
137
140
138
138
142
138
144
134
141
139
145
151
138
143
138
139
143
137
143
139
137
139
137
142
138
137
142
138
138
138
212
139
139
146
138
138
138
137
138
138
138
138
139
138
201
138
138
144
137
138
139
138
142
138
139
137
147
141
146
142
138
190
138
138
138
149
138
138
138
141
138
138
137
137
139
137
138
138
138
137
138
137
137
142
137
139
138
137
148
138
139
137
138
138
142
143
137
137
133
138
138
187
138
140
389
146
138
139
138
138
147
138
138
152
138
138
191
138
147
139
137
138
138
138
139
144
138
138
138
302
142
134
194
137
138
138
137
138
138
138
141
138
138
138
134
191
132
139
138
137
139
138
138
139
145
197
138
138
138
138
150
140
141
137
138
138
138
143
192
138
138
147
138
142
146
138
138
147
148
138
138
138
137
137
138
138
146
138
139
138
137
137
138
145
138
137
138
137
386
138
145
139
142
137
138
148
138
138
137
145
138
137
137
137
138
138
138
389
138
388
364
138
138
133
305
138
139
145
138
141
142
138
145
138
145
145
138
134
137
139
149
138
