180
184
184
184
189
185
197
186
184
185
189
185
181
184
184
184
183
186
183
185
184
196
198
185
195
184
183
184
521
198
181
199
185
185
187
185
187
187
187
183
180
191
180
184
186
179
184
187
179
184
184
184
197
188
195
180
183
188
184
184
185
191
185
185
185
184
184
186
187
195
183
193
186
184
186
185
185
185
183
185
185
184
184
184
193
186
183
187
185
187
196
183
186
184
187
185
184
184
196
184
184
184
195
186
184
185
196
188
191
187
186
186
186
184
184
190
186
184
259
184
189
186
185
186
250
191
188
181
184
194
186
184
190
193
195
183
185
185
183
186
186
186
186
183
189
293
191
186
185
184
186
184
185
188
186
186
185
186
194
190
242
184
184
194
184
188
186
196
186
183
186
184
189
198
187
186
186
186
186
196
186
185
186
184
184
185
184
188
186
186
190
187
183
193
186
184
191
186
185
186
186
184
187
183
184
183
184
184
186
187
197
184
185
185
185
190
186
224
184
184
186
189
196
195
197
184
184
186
185
186
186
185
186
198
186
189
185
184
186
198
223
183
184
183
183
184
189
184
186
184
185
184
247
184
195
186
183
184
187
248
183
184
184
186
186
183
186
184
184
184
184
242
183
352
185
201
185
183
185
251
250
184
185
238
194
192
184
186
184
185
185
185
184
185
186
183
186
186
185
184
185
189
186
186
183
186
185
183
184
186
188
188
211
187
184
185
184
183
187
185
236
190
184
195
184
186
184
184
186
186
184
188
180
185
185
185
184
184
185
186
186
197
197
195
196
232
187
179
184
193
184
185
184
245
198
186
185
186
242
184
194
190
184
181
184
186
186
186
185
187
184
186
195
187
186
184
187
185
184
185
195
184
472
186
187
186
192
186
185
184
190
185
183
196
184
185
186
186
302
184
184
184
185
190
184
183
186
186
185
185
183
184
184
186
185
186
185
185
185
186
194
193
249
186
184
187
183
186
185
194
186
180
184
230
186
185
186
185
191
186
184
185
186
185
186
198
184
189
199
184
185
186
195
196
184
186
184
184
183
184
190
186
187
184
213
196
184
186
183
184
186
184
190
187
188
185
184
185
183
187
184
183
184
196
199
184
186
193
185
197
189
185
185
186
184
193
185
196
184
184
195
184
197
188
183
186
187
184
194
186
191
183
192
184
184
185
245
186
193
195
196
186
184
199
184
186
185
184
184
184
205
243
185
186
184
188
186
186
521
185
186
185
186
184
186
186
186
184
184
194
184
183
190
193
185
186
496
185
186
184
184
196
184
186
184
195
185
195
184
184
184
231
184
184
186
185
187
301
185
183
186
186
185
195
183
185
250
184
184
192
186
184
252
184
188
189
184
200
184
185
248
184
186
186
186
262
183
241
191
185
191
185
188
193
198
188
188
183
186
196
186
186
185
194
189
193
186
186
183
184
199
194
185
199
184
184
185
184
191
186
537
185
185
185
184
185
186
184
184
184
186
186
183
183
186
184
187
186
222
186
185
184
184
188
185
183
186
197
184
195
186
184
195
184
185
191
190
184
185
195
184
189
185
185
186
194
187
185
184
185
184
184
184
184
184
252
241
184
186
184
185
184
186
184
190
187
187
183
186
184
188
248
188
185
185
189
190
184
185
185
245
186
189
191
184
183
183
185
185
186
185
190
182
185
185
190
200
194
185
187
196
183
197
184
356
184
185
188
184
184
184
184
184
185
185
186
196
185
195
184
180
186
187
185
184
184
184
190
242
185
184
185
184
209
185
190
240
184
184
184
184
233
336
185
186
186
184
241
185
185
184
224
192
193
186
185
187
184
186
195
184
184
187
185
186
185
179
186
184
184
186
190
186
184
189
189
184
184
184
187
185
239
185
185
412
189
231
214
186
186
184
184
186
185
185
186
184
189
190
185
186
194
200
192
190
192
184
186
186
184
185
185
186
184
190
186
186
185
190
186
192
185
184
186
193
185
184
183
195
186
184
200
186
183
188
184
185
192
186
184
188
186
197
188
184
183
184
183
199
186
184
184
185
184
249
185
184
185
185
184
185
183
187
198
186
184
185
198
186
195
188
205
185
184
186
187
186
184
378
187
186
183
185
193
186
183
187
245
185
184
186
184
202
186
184
184
184
184
186
183
184
183
199
201
188
185
196
184
193
186
185
186
189
186
187
259
233
185
184
190
184
187
275
186
184
190
186
183
185
198
186
183
192
187
187
250
184
195
195
184
198
194
184
184
186
186
185
186
184
256
184
185
185
186
186
184
193
183
186
185
202
184
184
184
186
188
184
185
189
186
184
183
186
184
185
195
188
186
184
186
184
184
189
183
187
194
185
184
184
184
186
184
246
184
192
186
185
184
186
193
191
185
184
195
185
186
186
184
214
192
543
244
190
185
187
208
187
184
190
185
184
189
186
186
185
186
186
186
185
197
186
184
251
196
186
186
185
224
197
191
238
186
197
185
190
183
252
186
186
184
260
186
186
186
184
184
184
188
187
185
186
184
195
185
184
184
185
184
183
188
186
206
186
381
184
186
185
184
186
186
186
197
185
184
186
188
194
185
193
184
184
184
185
188
493
186
186
185
184
194
185
183
184
184
185
185
184
190
184
184
179
184
185
185
186
186
186
184
184
186
184
186
220
184
185
183
185
184
183
184
251
187
184
186
184
186
184
546
183
184
185
185
180
186
185
195
186
184
185
183
183
189
184
186
184
184
181
185
187
185
186
186
186
186
407
186
185
185
191
186
186
185
195
186
184
183
187
185
183
185
186
184
200
186
184
184
185
196
184
188
187
186
184
186
184
185
184
184
186
184
184
185
189
186
208
184
195
186
185
186
185
183
187
224
186
194
190
185
186
183
187
184
184
183
185
260
184
184
187
186
189
184
186
186
187
186
186
186
185
200
186
183
186
186
186
188
183
184
184
405
186
186
186
186
188
184
183
183
535
185
195
190
196
188
184
185
244
187
184
184
192
186
186
188
184
184
194
184
185
198
186
186
186
196
186
185
184
186
186
188
523
186
194
184
186
184
185
184
184
186
251
186
186
184
185
186
184
239
186
187
184
184
184
187
184
186
186
184
229
402
184
195
184
186
185
181
185
184
184
184
184
184
192
219
184
186
183
411
186
184
254
186
194
183
184
185
226
184
184
185
228
197
183
187
186
186
191
254
197
186
197
186
186
183
186
184
184
188
185
186
184
185
184
186
189
184
194
195
184
195
408
195
186
183
190
190
242
184
180
186
186
184
198
186
187
183
196
186
186
185
184
188
184
186
184
181
184
184
185
183
184
184
184
184
186
193
185
184
191
186
185
184
195
184
186
184
191
184
184
187
186
185
184
539
186
186
185
184
184
184
185
185
186
186
186
186
185
256
186
186
185
184
184
184
521
188
184
184
184
184
200
186
236
186
184
184
183
185
184
184
185
196
544
192
184
186
188
187
183
186
187
411
184
186
184
186
187
186
184
185
179
186
183
184
184
183
199
185
184
179
186
184
184
186
184
191
184
186
199
411
184
184
185
186
185
184
186
184
184
183
190
184
184
185
186
198
188
186
186
185
186
184
185
185
184
195
186
183
184
184
185
189
195
185
186
185
184
186
186
185
184
189
184
185
185
184
186
186
185
184
184
185
195
184
184
185
179
185
184
186
183
185
536
188
184
185
186
189
186
184
200
186
189
184
184
195
184
184
188
186
185
197
184
189
186
185
184
186
184
185
184
183
188
252
184
186
184
184
185
185
185
183
184
184
184
186
184
184
188
189
186
189
187
188
186
185
186
184
184
188
185
184
184
246
184
184
184
185
189
184
191
185
241
188
189
183
189
258
184
184
191
185
186
184
186
191
186
186
184
184
186
183
520
184
191
184
185
184
184
185
184
184
184
185
186
234
184
189
183
189
186
186
185
186
256
184
190
196
192
185
183
196
187
184
184
187
222
187
186
184
185
185
184
184
189
184
184
192
184
183
187
191
187
186
190
184
198
183
184
184
185
183
186
237
186
186
183
184
185
234
183
188
522
197
187
184
184
184
184
195
187
186
191
184
185
185
185
184
184
184
412
183
231
185
186
186
186
190
186
249
186
185
186
186
184
184
232
185
186
209
199
185
184
186
185
191
186
185
193
199
184
186
185
186
184
197
184
196
194
195
184
186
184
185
186
184
198
192
188
185
185
184
196
279
183
185
187
550
188
186
184
185
241
184
184
185
190
180
187
190
185
184
196
183
186
186
184
305
184
191
188
186
363
179
184
545
186
184
184
184
521
198
194
186
184
185
184
186
185
185
184
184
186
189
184
186
186
187
183
183
184
190
184
184
191
186
183
183
181
185
186
183
186
185
200
188
186
197
188
184
186
186
184
183
185
185
199
184
186
189
184
185
193
185
185
192
182
184
248
186
184
184
185
186
184
184
527
183
184
233
186
184
184
187
196
186
195
185
184
186
186
184
239
185
184
189
184
185
185
186
189
185
196
186
201
186
185
183
184
184
193
248
199
184
185
184
184
187
194
184
185
184
186
186
180
196
195
183
196
184
184
184
184
184
183
186
185
237
184
187
184
199
184
183
184
189
184
186
186
190
186
185
186
191
185
196
184
184
193
185
198
196
184
195
187
183
413
184
184
184
184
187
184
185
184
184
184
184
186
186
185
186
184
186
185
186
185
186
196
186
188
184
415
185
189
222
191
195
185
185
186
193
185
187
196
186
234
186
186
186
198
184
191
183
186
186
186
187
202
184
184
186
183
184
185
184
186
185
184
184
185
186
234
187
183
184
184
198
186
252
185
184
186
199
185
184
186
184
197
180
185
184
198
184
185
186
184
184
185
183
186
186
186
195
196
185
198
179
192
183
185
184
184
186
184
190
180
242
185
185
186
184
187
186
186
197
191
184
186
240
181
184
187
186
183
185
186
191
183
183
185
184
185
186
184
185
185
186
186
190
184
186
186
183
184
183
195
184
186
186
220
186
186
190
185
204
186
184
186
186
185
191
184
188
201
184
185
184
186
183
183
195
186
184
186
183
184
185
198
185
186
182
195
185
187
185
185
184
186
184
186
186
186
185
196
186
184
186
185
197
192
186
184
185
183
195
186
186
186
185
196
186
187
187
186
184
190
184
184
190
191
183
196
236
186
186
184
186
183
195
188
188
248
185
184
183
184
183
199
184
183
186
186
186
191
190
185
184
195
185
186
197
184
186
189
184
184
183
185
186
184
184
186
186
184
186
180
184
184
244
193
183
184
186
184
184
187
185
184
185
189
183
205
183
190
186
184
191
184
192
185
184
189
184
185
183
184
185
186
184
185
183
183
187
183
190
186
183
244
186
187
184
184
190
195
184
186
184
184
183
185
202
197
186
258
189
184
185
184
186
184
186
184
184
188
184
249
186
186
185
184
186
323
198
242
185
185
184
186
184
186
185
184
185
186
184
195
185
186
188
186
198
184
198
380
194
196
189
184
184
185
187
188
184
192
185
184
245
186
186
526
198
192
186
236
185
186
185
186
186
184
184
185
186
201
186
186
191
186
186
185
184
471
194
186
183
186
184
200
189
188
184
186
184
184
186
186
189
193
185
192
189
196
231
193
191
186
184
185
183
184
186
189
251
252
186
184
186
184
193
179
191
186
192
184
188
184
254
184
187
185
186
185
186
183
186
222
186
184
184
198
183
186
186
187
184
184
183
186
191
184
184
192
195
185
186
184
184
185
186
187
184
184
186
186
186
186
185
187
189
377
183
185
185
185
184
186
196
184
184
183
184
188
188
186
193
185
185
186
185
254
186
186
187
187
184
187
185
184
186
189
186
193
185
183
196
186
224
244
186
523
186
200
184
186
187
184
191
184
190
184
185
185
184
186
196
184
189
186
185
194
185
184
193
184
184
188
186
190
197
184
185
195
185
185
186
184
187
186
195
186
355
183
185
185
184
186
188
186
186
184
186
196
184
185
190
186
185
208
187
184
187
190
186
184
252
186
184
184
183
184
186
180
259
185
185
191
186
192
184
188
186
185
333
185
199
186
185
186
247
184
184
185
194
186
185
184
186
198
188
183
310
254
186
186
184
184
200
184
186
199
185
184
185
526
188
184
184
184
190
185
183
184
190
184
185
195
184
184
184
189
184
195
187
184
186
527
185
184
186
186
181
189
186
186
186
196
184
185
188
189
188
186
197
185
184
185
184
190
190
243
197
184
249
179
184
245
192
188
184
186
184
185
198
183
185
186
197
184
180
184
190
186
184
186
184
184
186
186
184
184
184
185
193
184
185
184
187
184
184
186
193
184
184
184
194
184
185
184
200
185
186
185
195
180
186
185
185
187
185
204
195
185
186
184
186
185
184
184
199
184
185
186
194
183
241
186
185
183
186
183
239
184
183
184
184
184
184
186
184
192
196
186
206
196
184
186
183
184
186
187
187
184
244
183
186
192
185
250
185
183
186
248
184
187
186
185
186
184
184
185
185
184
203
190
190
186
183
190
184
185
230
183
186
186
184
185
198
185
184
246
184
184
188
406
186
189
191
198
184
187
187
194
186
186
183
184
194
184
184
191
184
185
184
186
240
186
186
186
185
186
186
185
183
220
185
184
184
195
183
187
185
194
184
184
184
185
188
186
189
188
205
186
183
193
191
184
184
185
186
189
184
186
190
185
185
184
190
186
185
247
190
248
185
184
184
262
184
186
184
183
327
184
196
185
184
185
185
185
181
183
186
185
185
186
184
186
184
180
186
184
186
185
184
197
183
184
186
184
184
184
185
185
184
188
186
186
184
183
194
195
184
528
186
187
183
183
188
185
184
186
186
184
184
183
186
186
186
184
186
186
184
186
250
251
183
184
184
537
186
197
184
251
186
184
184
188
197
187
186
187
187
186
184
184
189
187
184
186
186
186
191
184
185
184
184
190
179
186
184
184
185
186
201
186
186
184
188
229
184
184
183
184
190
186
238
186
194
186
187
185
193
190
186
181
184
186
184
185
186
196
185
194
186
186
184
192
184
184
183
188
185
185
186
186
185
407
185
184
184
183
183
186
188
184
188
185
184
184
188
184
185
183
185
184
186
185
184
185
190
183
186
185
198
181
183
185
184
400
186
184
193
186
193
186
183
194
197
186
184
410
184
186
184
188
183
183
184
185
185
184
185
185
185
191
189
189
185
186
184
184
186
184
184
192
184
190
181
186
247
191
184
184
188
184
222
184
187
191
185
187
184
184
191
188
186
186
189
186
237
183
184
183
196
184
187
184
184
232
183
186
184
190
193
185
186
186
191
184
184
186
184
183
186
186
185
184
190
238
193
185
187
185
185
184
257
185
190
186
184
187
183
186
199
184
186
189
188
186
185
184
185
187
187
186
190
194
189
186
186
185
184
188
186
186
185
190
185
184
184
184
186
185
188
187
199
185
196
253
184
186
233
185
187
183
195
195
193
184
184
184
184
186
184
184
184
191
185
184
186
183
196
185
186
185
187
186
183
231
184
185
184
186
184
191
190
184
186
187
183
198
186
182
186
186
188
184
184
187
184
179
249
196
187
184
193
186
186
195
186
184
183
185
194
190
184
186
184
186
186
184
185
185
185
185
183
193
187
199
190
187
186
185
190
187
187
185
185
186
184
186
232
186
184
186
186
184
185
191
196
186
184
184
184
184
184
188
184
184
184
184
186
189
239
251
186
186
190
184
183
188
187
184
186
184
184
186
276
185
190
190
184
185
190
191
548
184
184
184
195
184
184
371
184
186
187
189
232
184
183
189
185
186
184
180
185
187
195
184
186
186
186
186
194
196
183
185
185
185
184
184
184
185
183
184
184
186
188
190
185
185
186
189
186
184
186
185
185
184
189
186
189
185
183
191
185
189
188
184
187
183
185
184
186
184
194
184
184
193
186
189
184
217
184
183
185
184
186
187
183
184
190
183
184
187
185
184
201
186
242
184
185
184
184
189
188
184
194
236
186
184
527
181
185
184
193
194
184
185
186
189
181
186
188
186
186
195
188
183
188
186
184
184
184
183
183
193
185
185
184
186
184
185
186
316
184
195
187
184
184
185
185
184
191
184
184
184
186
187
187
186
184
186
196
186
183
186
184
189
185
190
249
186
184
189
184
184
184
186
188
187
186
189
184
184
194
183
244
184
188
185
183
185
186
191
247
195
183
185
186
185
196
184
184
186
184
190
189
185
184
183
183
196
184
186
185
185
407
197
186
245
184
184
186
184
185
188
183
184
189
187
185
184
246
184
204
186
186
184
186
184
184
184
183
183
184
186
184
299
185
186
184
186
184
186
186
186
184
185
229
185
196
412
193
184
473
184
191
184
186
188
183
186
186
184
186
186
186
184
225
179
195
182
186
235
187
184
184
184
195
187
186
198
185
183
186
184
186
198
186
186
184
184
188
186
186
185
188
184
193
186
184
184
185
190
184
193
189
181
187
189
184
183
184
185
411
184
248
184
185
183
405
195
184
185
184
186
185
190
188
245
185
184
194
193
185
186
196
184
184
194
184
197
184
186
185
184
184
184
184
184
184
251
183
184
186
184
198
185
184
188
183
184
184
186
187
186
187
226
185
186
182
195
191
183
195
196
407
186
189
184
191
184
188
186
186
197
180
186
184
186
186
186
186
184
183
185
194
184
186
196
186
187
186
187
184
184
186
185
186
183
184
201
185
185
183
184
192
187
186
183
183
186
191
186
185
185
194
180
196
237
189
245
189
184
185
201
195
185
186
186
222
186
186
185
247
187
197
186
184
183
185
185
184
185
186
190
184
185
246
184
186
180
184
184
198
184
188
185
184
184
184
191
179
186
183
195
188
195
189
199
186
193
186
184
184
184
184
184
185
182
184
231
180
190
236
186
185
184
184
185
188
183
190
184
185
187
184
184
202
186
183
196
189
186
184
184
239
184
185
188
233
193
189
241
183
183
194
186
186
186
184
186
222
195
190
186
465
192
184
183
186
184
250
194
183
184
185
184
184
181
187
189
186
183
184
184
196
185
186
184
185
190
183
183
185
186
187
184
184
195
184
188
184
186
190
191
183
191
196
192
184
395
183
185
186
184
544
188
184
180
183
185
184
185
184
256
184
184
198
184
186
183
184
186
186
184
192
194
185
186
189
444
236
241
184
185
359
194
183
184
197
183
184
186
186
185
186
186
186
186
186
184
190
184
187
205
184
185
184
186
185
186
186
