281
283
341
267
283
270
272
271
282
288
270
271
281
275
271
267
280
271
271
270
270
280
275
270
357
272
271
271
291
277
270
271
278
274
271
285
272
271
270
272
271
271
272
279
270
271
288
270
271
285
270
271
271
271
283
271
271
278
265
349
275
705
283
286
288
282
270
271
284
282
271
271
284
271
269
281
283
271
282
281
271
271
274
270
272
270
270
271
270
270
344
271
271
270
282
270
281
271
282
270
282
328
319
270
275
270
270
278
270
274
270
282
282
271
271
271
270
271
682
328
274
269
271
270
278
271
271
795
266
266
271
280
270
270
280
271
270
271
792
270
274
277
283
275
283
271
271
270
271
271
665
280
275
271
270
271
270
276
275
271
270
271
274
271
270
272
282
272
274
270
270
282
271
271
275
272
282
282
270
270
271
274
341
294
280
267
266
282
270
284
271
271
361
274
270
281
285
270
269
270
283
272
280
281
270
270
271
292
270
281
270
270
282
271
271
271
296
271
282
270
281
329
275
270
271
271
271
271
273
271
271
270
270
270
281
272
271
273
337
272
270
346
271
270
273
271
343
270
270
271
281
270
270
280
270
270
270
274
271
286
271
271
272
282
333
271
294
270
280
271
271
270
270
271
270
270
270
271
271
270
270
275
346
286
353
271
271
270
272
270
348
271
270
274
338
271
271
270
271
271
265
271
280
270
272
333
286
272
282
409
271
270
271
773
285
271
274
284
271
271
351
271
271
269
270
270
281
271
270
269
272
272
271
270
281
271
272
282
281
271
282
281
270
324
281
324
288
270
274
274
284
271
272
271
271
271
270
292
280
270
270
270
271
282
270
285
273
283
272
271
791
279
271
270
331
270
290
281
271
271
270
271
271
271
271
270
346
271
270
332
271
273
270
270
271
271
272
284
271
271
282
289
270
273
271
270
273
270
270
320
274
272
271
282
281
283
271
290
271
271
288
284
271
281
274
270
281
280
266
283
271
280
274
271
270
271
270
270
271
274
279
275
274
271
272
287
270
270
284
274
270
269
274
271
269
335
271
270
275
269
270
270
271
272
274
270
282
335
270
271
279
271
270
272
273
281
359
270
282
282
271
275
271
270
274
269
334
267
270
283
272
270
280
272
271
331
284
271
271
326
282
271
280
270
284
284
281
271
285
272
282
323
278
270
271
271
271
280
270
270
270
327
273
270
282
271
287
282
271
332
270
279
274
271
270
281
271
271
329
271
271
284
273
326
270
271
274
271
308
336
274
280
326
270
282
602
271
270
271
270
281
271
420
271
331
272
270
281
279
273
275
333
271
271
270
272
281
270
271
272
271
275
282
270
270
282
270
284
271
282
275
277
281
272
333
271
270
270
276
541
282
271
267
271
314
270
271
281
270
345
271
271
270
272
274
279
284
284
271
279
271
271
271
271
271
271
287
274
280
271
280
270
266
274
272
272
351
270
274
281
280
270
270
279
271
270
270
272
305
272
285
270
274
280
270
372
274
270
285
270
270
271
271
270
270
273
410
317
289
271
270
280
288
271
271
271
267
270
279
271
271
290
331
285
271
270
270
284
270
343
270
272
284
270
274
284
722
272
283
274
282
271
271
270
332
271
287
271
274
270
280
274
280
270
625
275
270
282
270
365
272
270
270
270
271
271
270
269
270
280
270
270
281
270
271
271
270
283
270
270
271
270
269
282
330
270
270
271
271
270
270
282
270
281
274
270
270
270
346
271
333
270
323
274
270
271
271
274
281
274
270
269
273
271
270
274
265
274
338
266
271
271
280
289
271
270
282
272
275
271
271
316
287
271
283
271
271
271
270
270
271
271
270
270
282
270
330
272
267
270
281
314
270
271
274
270
271
271
273
270
271
271
274
270
270
266
271
271
270
282
270
274
368
271
270
270
283
273
270
270
271
270
271
270
271
280
290
289
270
271
336
270
270
282
270
269
335
285
270
270
270
309
271
270
271
271
284
290
283
274
285
270
271
271
270
270
270
270
270
274
270
282
274
371
271
737
282
282
289
271
271
283
270
333
270
281
282
270
271
270
271
279
270
280
278
272
281
271
274
270
274
271
270
270
270
797
349
274
270
271
269
270
280
278
272
271
272
271
271
278
274
287
270
284
603
334
271
297
270
351
271
270
270
274
271
303
285
466
270
342
282
270
283
271
271
272
271
325
271
279
271
281
272
274
281
273
274
271
270
274
311
758
272
271
272
271
274
270
270
282
285
286
270
281
266
280
270
271
270
271
296
271
269
270
270
270
280
279
280
282
271
270
270
289
275
280
339
273
273
271
284
274
271
270
270
285
271
282
342
279
271
270
271
272
270
270
274
272
273
271
271
782
270
283
269
271
358
270
271
271
271
270
270
273
270
294
281
271
282
270
271
280
271
270
270
271
270
336
271
271
270
270
274
272
271
270
285
274
271
274
270
281
270
324
281
271
271
364
270
282
270
344
280
270
271
270
271
283
275
342
274
271
270
288
274
271
274
272
270
271
270
270
282
273
271
272
270
270
297
730
294
271
282
291
271
335
271
336
332
271
271
271
271
271
270
271
270
280
270
271
270
271
274
271
270
270
271
267
332
265
270
282
326
273
271
286
266
274
332
279
271
273
335
270
270
271
272
349
270
271
270
281
275
333
271
276
271
270
282
283
270
280
271
270
271
271
270
284
270
281
270
333
270
270
339
285
273
267
271
270
271
270
271
271
275
271
280
271
270
272
275
286
271
271
270
271
270
281
271
282
271
339
283
270
286
271
273
271
270
272
282
271
271
362
271
273
280
270
271
275
272
284
271
270
271
274
273
285
272
271
271
274
286
271
279
265
330
273
274
271
605
271
270
271
271
270
271
271
273
270
270
271
273
285
281
274
270
270
271
271
274
271
270
271
271
274
274
266
271
354
270
322
281
271
270
284
279
275
271
270
283
281
281
285
282
271
271
271
339
270
270
272
274
271
282
270
282
286
270
275
270
271
270
270
271
283
275
271
271
271
270
271
274
337
342
270
283
274
270
282
274
271
271
275
275
281
279
272
287
270
280
285
283
270
271
279
270
280
342
271
271
281
281
270
272
281
277
275
569
271
274
271
270
271
270
271
271
271
271
281
282
329
285
281
271
273
270
274
271
281
273
270
272
270
270
271
274
332
317
270
285
343
287
270
770
284
271
271
271
281
271
271
270
275
271
271
271
271
282
280
279
271
271
282
337
272
272
274
276
270
272
270
271
270
281
274
271
281
279
285
274
280
271
271
315
281
270
271
270
274
270
271
271
272
270
270
270
271
270
270
285
271
270
281
276
270
271
286
274
285
282
266
270
271
281
281
270
281
270
271
270
274
274
270
271
509
270
271
270
282
279
332
274
270
280
312
271
270
288
267
271
292
271
270
271
282
271
270
331
271
269
274
272
274
270
271
282
271
270
271
270
274
270
285
270
270
287
270
271
285
270
351
274
271
284
279
271
272
282
270
282
270
271
275
309
270
271
270
272
271
274
275
270
282
270
285
271
272
270
287
281
270
271
280
271
281
340
281
270
341
284
272
271
271
654
270
269
271
280
271
271
271
272
274
271
270
274
271
270
350
271
271
274
270
270
270
270
283
274
271
271
274
280
275
270
308
270
282
270
322
270
773
320
272
291
323
271
287
310
269
270
271
343
271
283
332
271
275
270
329
270
266
271
270
270
270
270
274
271
279
271
271
271
270
271
285
271
270
286
271
271
271
271
457
271
271
275
279
282
282
274
271
286
282
271
270
270
271
271
270
271
270
270
271
271
287
271
271
331
342
270
270
271
271
270
270
270
302
270
271
272
280
270
271
281
280
270
271
271
270
271
271
270
272
271
281
280
271
283
270
280
272
275
272
271
271
274
271
271
280
271
271
283
280
778
270
270
275
287
270
270
270
274
271
274
270
271
281
280
265
273
352
270
315
274
270
335
284
271
270
270
274
271
271
271
282
287
282
272
271
271
271
281
283
271
357
285
270
272
271
274
270
284
281
270
274
271
282
270
270
270
271
271
271
308
336
275
272
274
270
271
275
270
281
271
335
272
280
271
283
302
271
271
274
283
282
272
266
270
271
279
271
271
271
271
270
275
282
271
270
342
282
270
283
282
270
271
273
281
273
270
280
272
271
266
282
271
602
270
270
281
285
274
273
270
272
274
282
272
271
270
270
271
281
281
283
271
271
340
270
271
287
270
271
326
270
270
271
270
270
275
282
274
271
270
271
272
494
340
286
291
281
271
271
271
357
288
271
271
273
296
270
282
297
271
270
333
281
282
269
270
271
270
273
332
271
271
269
275
272
282
282
271
272
274
326
270
272
270
271
272
291
271
271
280
281
271
326
270
271
270
271
271
558
270
270
281
288
319
270
311
275
270
272
603
271
270
281
270
281
270
281
362
280
281
271
271
288
270
270
270
270
271
275
273
270
270
271
301
272
324
270
282
272
270
271
282
281
271
270
286
271
282
278
271
271
271
271
275
274
279
270
283
270
271
274
282
271
286
281
270
280
270
271
270
271
291
280
270
270
272
271
271
279
296
380
343
270
279
270
271
267
272
271
286
276
271
281
273
273
270
330
272
325
280
282
270
270
270
270
269
270
270
281
277
281
281
279
271
280
271
270
270
270
275
281
270
281
271
270
266
274
270
271
272
281
270
271
271
270
270
276
342
271
787
270
271
271
287
272
515
271
271
280
270
272
281
281
270
271
271
272
332
538
271
270
270
271
271
282
273
273
274
271
271
271
270
274
271
326
272
270
271
283
270
272
271
270
271
270
270
274
271
274
270
270
289
275
270
283
307
271
272
271
305
271
270
312
271
285
281
271
271
269
270
293
270
271
269
289
274
271
270
275
332
271
274
274
283
270
272
278
270
273
271
780
281
266
270
348
344
271
270
269
331
270
271
279
279
279
605
271
272
332
281
274
270
270
276
271
266
280
270
270
270
271
274
280
271
271
271
270
787
271
275
266
280
274
271
420
272
275
270
274
272
265
271
286
274
271
328
270
270
271
271
274
281
280
323
282
270
271
274
272
271
270
270
272
275
271
271
281
271
280
270
271
270
274
270
271
272
270
270
269
274
271
287
272
271
270
281
291
274
270
283
281
271
271
271
283
284
271
271
270
270
282
467
351
270
270
295
284
271
270
271
272
275
271
270
280
270
270
271
270
278
270
280
283
271
281
270
284
270
281
271
343
285
274
271
270
288
280
270
270
271
281
271
270
270
282
271
302
271
283
270
271
279
271
281
274
282
270
303
282
271
270
285
270
269
270
270
281
317
271
282
270
270
270
270
271
274
270
271
272
271
270
344
272
345
270
271
270
270
270
274
270
271
273
280
274
270
270
271
282
327
542
282
461
294
270
270
270
282
270
340
280
271
327
371
280
270
274
274
270
273
281
274
271
275
271
282
270
284
270
270
271
269
271
285
271
271
271
271
282
294
285
275
273
269
286
270
272
270
279
325
271
280
266
580
285
283
271
274
272
273
284
270
274
333
285
271
271
271
271
271
274
284
271
743
271
270
274
272
337
288
296
271
270
270
271
282
285
274
270
281
279
272
271
280
271
285
284
331
270
271
271
347
271
321
281
270
271
270
272
274
285
353
270
274
270
280
273
271
270
280
272
299
271
292
274
271
359
287
271
271
274
271
270
274
784
271
269
271
270
270
340
281
299
335
282
272
271
270
279
275
271
280
270
272
270
274
274
270
289
270
271
271
271
274
273
271
270
271
274
270
270
270
270
270
270
270
271
278
288
269
271
271
270
270
275
274
270
285
332
271
271
270
270
270
271
280
270
270
271
272
271
706
281
270
271
271
274
285
271
282
274
271
274
281
270
270
426
274
270
289
280
270
270
374
327
520
270
271
289
271
271
280
281
270
270
267
283
274
275
271
270
279
321
286
284
288
271
270
351
274
270
271
271
270
270
272
336
270
295
274
271
270
343
273
272
271
270
281
270
275
285
271
266
270
283
270
271
271
282
274
281
275
270
270
342
285
271
275
271
271
271
336
270
271
296
278
275
271
282
333
271
270
280
284
271
286
272
271
335
271
286
281
271
274
270
342
270
353
285
271
275
271
272
290
270
270
267
270
281
271
282
265
282
307
271
270
336
270
281
270
270
282
275
793
275
281
271
271
271
275
283
284
274
287
271
270
283
282
274
283
271
282
270
271
270
270
272
281
299
271
271
319
270
267
270
271
271
270
270
270
272
271
277
331
279
274
270
271
335
271
271
281
270
270
271
270
270
274
271
286
271
280
351
271
282
274
341
270
271
616
290
794
270
270
274
270
339
270
271
274
288
272
281
274
271
270
336
275
270
270
272
270
271
265
271
270
285
278
271
270
270
271
271
335
281
271
283
271
280
270
271
271
270
270
274
271
270
270
271
271
271
380
271
271
270
325
271
270
271
271
281
281
274
270
270
271
270
307
281
283
271
271
323
270
274
341
271
397
271
270
274
270
274
275
270
270
282
270
497
270
333
282
270
270
270
272
283
270
271
288
271
270
270
270
271
280
270
270
281
270
271
280
285
270
280
282
270
270
283
266
271
269
287
270
270
275
271
271
270
271
270
270
271
282
347
272
270
270
282
271
271
271
270
274
271
271
270
271
271
271
270
334
270
270
271
270
289
274
353
271
283
285
271
280
271
270
271
271
275
271
270
271
270
270
271
271
274
271
270
266
279
271
271
280
270
270
271
270
271
282
270
310
282
279
329
271
282
270
285
333
275
271
282
273
333
271
283
270
270
285
271
282
270
271
370
273
271
271
281
281
270
281
270
270
283
274
340
277
275
271
270
289
270
272
272
790
270
270
270
283
270
271
270
271
282
282
271
275
275
270
269
270
270
270
270
315
292
275
307
270
336
271
274
270
286
271
271
271
270
271
371
271
281
680
271
281
286
288
269
283
283
279
271
270
343
282
279
281
270
653
285
283
284
270
270
270
270
270
270
265
274
271
304
271
342
274
291
270
270
364
293
270
271
270
282
281
274
271
271
271
270
287
271
273
271
280
270
280
272
275
271
270
272
339
274
270
284
275
271
290
270
801
271
327
270
498
271
274
283
281
270
323
271
271
270
274
271
270
270
271
274
270
271
270
270
274
271
271
272
274
270
343
281
273
342
271
270
271
266
270
270
286
270
280
292
270
271
274
281
291
287
271
271
270
275
270
284
270
270
271
271
271
269
340
270
270
291
270
285
271
270
281
270
275
270
271
271
270
270
273
286
272
271
279
285
280
272
270
271
270
282
271
284
272
270
270
284
282
276
333
274
274
270
281
329
270
270
299
274
325
271
270
271
271
280
271
270
279
272
270
272
282
270
271
329
271
281
336
266
271
270
270
266
282
270
270
270
280
563
274
292
271
271
271
270
270
274
281
289
281
270
279
270
271
271
284
270
271
270
275
337
271
274
270
587
271
287
271
282
272
338
282
270
282
283
269
282
271
270
270
283
281
350
296
282
351
338
273
793
285
271
274
271
270
287
270
274
338
270
271
274
270
274
271
290
293
274
271
271
270
287
270
270
271
270
281
338
274
270
272
272
274
271
270
273
270
362
282
275
284
281
275
271
271
272
285
271
270
271
281
272
271
271
274
270
272
274
338
271
270
271
275
281
270
284
281
285
774
292
294
271
270
270
274
271
270
271
270
270
281
296
270
284
275
281
283
321
338
270
270
269
692
273
280
281
273
270
270
271
270
281
270
271
270
332
270
274
267
280
281
287
270
280
277
272
270
271
272
286
284
270
274
271
270
282
271
271
270
270
284
281
271
271
270
317
281
290
272
271
271
280
273
272
282
286
270
273
271
283
274
271
271
270
270
266
270
271
322
272
274
332
270
272
271
279
343
270
271
271
271
281
271
271
270
272
270
274
274
271
271
285
281
275
270
271
271
271
280
275
274
270
291
271
321
282
270
266
285
270
272
382
274
331
282
271
271
274
271
270
274
278
271
285
271
275
281
286
274
269
281
270
271
334
361
275
270
270
275
289
273
270
288
270
270
272
282
282
282
281
293
281
274
328
284
271
273
274
281
270
344
271
272
280
283
281
278
271
270
270
282
330
280
270
270
271
274
274
280
271
271
280
341
271
274
283
284
270
330
271
271
271
297
270
271
284
270
270
284
271
338
270
270
271
270
270
272
270
271
336
270
271
271
271
270
277
286
270
271
271
285
269
280
270
271
270
282
274
271
282
271
270
274
270
283
281
270
346
271
271
271
274
270
270
270
271
271
271
274
270
286
283
271
274
271
270
270
272
354
374
275
267
273
271
281
341
270
270
338
271
270
271
270
270
270
270
282
271
270
270
283
271
574
280
271
272
280
270
270
271
280
271
270
270
281
271
281
271
271
272
282
336
271
283
282
270
270
274
341
271
269
271
271
270
270
273
271
271
281
270
279
271
270
279
283
273
270
272
270
331
270
270
270
280
271
313
270
270
270
270
271
270
284
281
274
274
270
279
271
271
270
274
284
347
281
270
271
279
270
311
270
270
288
343
270
270
271
280
282
270
280
336
333
271
272
280
335
317
282
281
270
269
280
274
271
271
271
270
337
285
280
271
772
325
270
270
281
273
271
270
281
282
270
270
276
281
270
271
277
271
271
281
271
270
279
271
271
282
270
739
270
271
273
274
270
274
271
270
275
271
271
270
270
279
272
271
271
272
271
339
270
284
283
274
271
283
270
363
272
271
278
274
280
279
281
271
280
331
270
281
274
271
284
270
270
271
271
271
270
270
271
271
284
280
270
282
279
271
274
274
273
271
270
271
271
284
270
271
270
271
271
271
266
271
271
271
270
274
274
270
282
367
270
281
274
280
270
271
337
270
271
281
270
272
271
272
270
271
270
284
271
280
270
283
272
271
271
270
271
280
270
271
280
270
284
284
280
271
271
271
271
270
269
271
316
283
270
274
271
270
283
271
274
341
272
272
270
271
270
270
275
271
280
273
272
270
271
271
284
270
284
281
271
271
280
273
271
271
271
278
275
271
271
272
270
282
271
280
281
274
269
273
325
270
333
270
270
271
272
337
324
345
270
274
281
284
270
270
271
282
271
633
270
283
288
270
271
274
333
270
274
271
271
283
275
333
283
284
270
271
271
278
282
286
274
280
274
270
275
270
284
271
274
271
271
280
274
282
281
270
280
270
282
280
279
270
271
271
270
352
270
284
271
306
270
271
283
272
271
286
275
325
270
271
282
271
271
335
278
274
