2076
1888
2193
1831
1846
1855
1837
1845
1850
1841
1841
1898
1841
1834
1946
1878
1848
1844
1838
1840
1834
1869
1872
1871
1843
1882
1889
1835
1841
1874
1847
1833
1842
1837
1840
1844
1864
1838
1869
1840
1840
1927
1833
1839
1843
1833
1874
1847
1837
1849
1907
1841
1837
1844
1866
1838
1892
1837
1833
1880
1948
1841
1865
1867
1835
1837
1839
1842
1830
1847
1836
1872
1833
1904
1864
1846
1838
1862
1837
1837
1829
1856
1836
1887
1849
1878
1834
1896
1834
1843
1838
1884
1841
1840
1872
1837
1840
1841
1839
1867
2454
1840
1836
1876
1839
1839
1936
1841
1837
1841
2618
1839
1841
1843
1898
1833
1890
1839
1860
1873
1857
1838
1842
1838
1894
1871
1837
1859
1837
1843
1838
1844
1874
1845
1865
1836
1853
1989
1839
1839
1833
1833
1847
1889
1844
1842
1859
1837
1839
1836
1862
1873
1871
1867
1837
1854
1841
1842
1853
1833
1872
1843
1879
1843
1876
1915
1932
1837
1844
1842
1843
1844
1872
1871
1871
1837
1875
1897
1841
1838
1833
1842
1870
1842
1887
1842
1869
1842
1870
1840
1842
1847
1871
1845
1840
1844
1862
1889
1944
1839
1838
1840
1837
1840
1871
1841
1836
1871
1852
1871
1832
1891
1840
1844
1873
1867
1845
1840
1840
1863
1845
1838
1841
1833
1835
1839
1836
1838
1862
1845
1869
1836
1840
1872
1867
1877
1897
1837
1873
1878
1870
1833
1872
1875
2270
1839
1842
1839
1878
1866
1871
1872
1869
1846
1842
1840
1870
1836
1870
1841
1845
1876
1865
1837
1869
1871
1841
1874
1875
1836
1897
1870
1830
1876
1840
1851
1851
1843
1904
2229
1871
1842
1981
1847
1841
1848
1833
1837
1845
1843
1836
1840
1840
1878
1843
1840
1871
1841
1838
1838
1835
1834
1863
1844
1930
1841
1843
1914
1868
1847
1869
1853
1846
1843
2187
1833
1838
1842
1877
1863
1868
1862
1844
1868
1843
1840
1870
1836
1840
1895
1843
1845
1845
1876
1838
1871
1842
1834
1837
1842
1853
1834
1893
1831
1837
1893
1833
1839
1847
1852
1876
1837
1842
1896
1837
1869
1871
1845
1835
1838
1917
2087
1881
1873
1834
1844
1837
1833
1836
1873
1868
1851
1838
1867
1843
1838
1863
1842
1843
1881
1846
1871
1839
1830
1866
1872
1836
1866
1834
1840
1837
1861
1873
1841
1890
1841
1837
1834
1875
1868
1853
1874
1862
1915
1834
1878
1866
1841
1833
1839
1844
1836
1874
2286
1872
1838
1829
1873
1863
1845
1881
1867
1890
1839
1839
1841
1872
1873
1843
1895
1848
1835
1844
1875
1839
1844
1834
1831
1843
1839
1840
1872
1870
2418
1834
1906
2153
1914
1839
1837
1835
1836
1862
1834
1901
1862
1839
1874
1838
1840
1838
1837
1834
1841
1841
2413
1840
1843
1843
1837
1843
1839
1850
1847
1841
1849
1887
1837
1869
1876
1841
1840
1902
2181
1833
1870
1879
1878
1867
1903
1878
1841
1841
1842
1844
1840
1930
1838
1864
1859
1878
1840
1902
1845
1870
1868
1888
1868
1942
1877
2339
1870
1868
1841
1899
1863
1838
1837
1925
1883
1876
1839
1838
1844
1837
1837
1842
1870
1837
1838
1869
1862
1839
1872
1839
1837
1858
1839
1887
1838
1837
1875
1844
1840
1842
1878
1875
1831
1837
1863
1871
1840
1844
1838
1870
1872
1840
1838
1868
1842
1840
1838
1836
1838
1869
1906
1888
1843
1841
1868
1881
1839
1836
1874
1887
1873
1860
1840
1841
1900
1836
1838
1904
1891
1843
1898
1842
1873
1868
1864
1843
1842
1833
1846
1848
1875
1833
1845
1870
1836
1832
1922
1834
1847
1874
1833
1839
1840
1844
1870
1843
1834
1871
1843
1837
1836
1839
1837
1871
1836
1873
1840
1873
1842
1833
1841
1867
1867
1871
1869
2095
1839
1838
1875
1833
1839
1849
1838
1872
1842
1840
1833
1898
1842
1889
1847
1879
1843
1846
1890
1869
1836
1832
1834
1840
1840
1835
1835
1878
1849
1840
1913
1844
1844
1840
1870
1829
1870
1900
1834
1866
1840
1837
1837
1873
1871
1872
1863
1889
1842
1844
1837
1842
1838
1871
1842
1844
1872
1871
1842
1865
1867
1846
1842
1867
1868
1834
1834
1843
1873
1844
1838
1842
1840
1866
1834
1835
1839
1846
1836
1834
1834
1839
1839
1857
1893
1843
1837
1873
1876
1883
1857
1887
1834
1888
1841
1894
1835
1879
1877
2215
1841
1835
1848
1879
1840
1834
1843
1842
1872
2106
1874
1838
1919
1865
1867
1845
1861
1845
1843
1838
1867
1868
1839
1841
1909
1853
1835
1837
1839
1844
1838
1910
1889
1838
1832
1839
1865
1847
2151
1834
1870
1872
1838
1872
1871
1872
1871
1882
1866
1842
1840
1882
1863
1844
1869
2156
1873
1839
1836
1839
1840
1845
1837
1872
1878
1917
1842
1871
1843
1876
2520
1901
1840
1841
1838
1870
1833
1842
1837
1845
1839
1843
1843
1872
1930
1843
1832
1871
1921
1870
1931
1839
1841
1839
1839
1838
1843
1873
1852
1884
1838
1871
1892
1885
1868
1888
1907
1867
1839
1895
1835
1886
1878
2021
1839
1868
1876
1839
1839
1861
1837
1905
1839
1866
1841
1842
1833
1933
1867
1837
1842
1832
1838
1836
1847
1870
1872
1836
1840
1841
1841
1858
1836
1843
1840
1831
1865
1840
1838
1838
1850
1838
1836
1835
1832
1838
1829
1863
1869
1873
2516
2636
1838
1841
1873
1837
1833
1840
1838
1877
1872
1833
1840
1833
1841
1837
1843
1834
1888
1860
1833
1873
1843
1867
1873
3126
1840
1834
1840
1876
1869
1871
2277
1866
1838
1877
1873
1874
1836
1870
1838
1837
1838
1838
1899
1871
1849
1867
1868
1866
1834
1837
1836
1836
1845
1871
2326
1875
1950
1832
1892
1832
1838
1872
1842
1841
1838
1839
1862
1840
1837
1839
1833
1875
1876
2090
1929
1836
1842
1832
1873
1844
1871
1838
1869
1871
1844
1868
1839
1835
1840
1839
1843
1835
1837
1839
1839
1874
1836
1834
1840
1876
1840
1841
1858
1835
1838
1920
1881
1843
1843
1839
1837
1836
1866
1840
1869
1924
1839
1879
1842
1866
1842
1869
1842
1848
1831
1842
1936
1871
1868
1876
1962
1890
1845
1887
1838
1842
1873
1877
1875
1897
1871
1873
1864
1861
1871
1841
1894
1838
1840
1869
1868
1872
1879
1830
1874
1829
1861
1843
1837
1833
1838
1839
1897
1840
1838
1832
1837
1847
2357
1848
1833
1836
1833
1858
1871
1868
1876
1919
1837
1834
1882
1883
1839
1839
1838
1839
1868
1840
1901
1914
1867
1841
1834
1858
1841
1873
1839
1840
1871
1890
1904
1839
1845
1836
1841
1837
1869
1843
1868
1838
1871
1844
1897
1833
1839
1872
1844
1839
1844
1834
1868
1837
1839
1843
1835
1842
1840
1835
1842
1874
1838
1842
1876
1872
1839
1839
1889
1836
1840
1881
1838
1838
1830
1876
1905
1843
1835
1840
1864
1836
1911
1842
1873
1841
1832
1837
1883
1845
1877
1836
1841
1871
1878
1872
1848
1868
1865
1845
1842
1875
1839
1838
2031
1877
1842
1911
1866
1837
1836
1899
1836
1829
1845
1842
1838
1844
1843
1878
1866
1836
1848
1839
1837
1844
1843
1873
1903
1842
1831
1836
1877
1843
1870
1839
1870
1834
1910
1840
1922
1840
1870
1893
1844
1842
1846
1871
1901
1845
1841
1841
1835
1840
1867
1840
1877
1839
1841
1840
1834
1834
1831
1861
1840
1878
1838
1915
1841
1872
1837
1904
1838
1865
1843
1908
1839
1833
1873
1909
1846
1843
1843
1869
1869
1839
1840
1837
1832
1843
1897
1840
1837
1838
1881
1833
1846
1869
1838
1843
1831
1834
1842
1837
1840
1836
1874
1875
1839
1896
1840
1867
1861
1869
1838
1866
1839
1844
1872
1837
1842
1868
1839
1844
1873
1868
1845
1841
1863
1873
1868
1886
1842
1842
1840
1861
1868
1866
1869
1832
1838
1840
1865
1837
1878
1840
1880
1865
1840
1851
1843
1871
1839
1872
1838
1839
1840
1834
1843
1897
2098
1876
1833
1843
1838
1872
1844
1833
1889
1874
1842
1834
1842
1842
1837
1841
1882
1843
1892
1868
1838
1834
1836
1875
1838
1904
1844
1834
1863
1841
1838
1840
1841
1869
1871
1839
1832
1844
1835
1837
1840
1838
1837
1839
1844
1837
1845
1841
1864
1867
1864
1838
1834
1877
1871
1836
1874
1836
1840
1874
1837
2300
1840
1841
1843
1838
1840
2723
2194
1873
1876
1874
1868
1837
1861
1892
1871
2177
1925
1835
1905
1837
1867
1840
1844
1861
1838
1838
1840
1841
1898
1835
1863
2938
1876
1835
1836
1835
1832
1876
1843
1834
1843
1923
1860
1841
1840
1840
1841
1873
1838
1892
1843
1838
1839
1840
1844
1883
1874
1841
1841
1878
1867
1877
1836
1885
1885
1836
1844
1905
1844
1846
1839
1876
1845
1852
1856
1863
1841
1832
1928
1866
1871
1840
1881
1872
1860
1836
1870
1835
1841
1836
1871
1833
1841
1844
1834
1867
1838
1842
1836
1854
1872
1883
1831
1834
1872
1873
1843
1834
1872
1839
1838
1841
1841
1840
1877
1834
1839
1829
1877
1837
1838
1852
1843
1876
1930
1842
2113
1894
1874
1829
1870
1839
1872
1842
1836
1835
1839
1923
1845
1841
1834
1835
1833
1866
1893
1856
1841
1870
1842
1842
1875
1866
1873
1894
1839
1842
1834
1841
1836
1843
1836
1843
1922
1839
1869
1842
1884
1877
1894
1833
1873
1840
1878
1867
1840
1841
1871
1857
1840
1834
1845
1837
1937
1834
1839
1837
1877
1899
1876
2963
1905
1841
1878
1838
1903
1842
1849
1874
1833
1840
1841
1837
1840
1833
1877
1837
1874
1839
1849
1836
1842
1900
1885
1877
1842
1837
1839
1843
1861
1868
1842
1872
1887
1851
1875
1843
1846
1842
1923
1992
1845
1837
1891
1855
1862
1908
1875
1873
1840
1838
1869
1841
1873
1874
1841
1839
1860
1836
1834
1840
1840
1909
1841
1837
1840
1832
1876
1875
1872
1839
1844
1901
1838
1871
1860
1844
1843
1870
1839
1840
1841
1872
1866
1836
1841
1840
1865
1841
1884
1844
1841
1870
1836
1836
1841
1879
1911
1833
1836
1840
1844
1842
1840
1863
1837
1838
1840
1837
1838
1837
1845
1836
1865
1876
1871
1874
1839
1887
1870
1885
1833
1879
1838
1839
1845
1833
1840
1865
1858
1834
1865
1842
1872
1840
1837
1836
1925
1866
1835
1868
1863
1893
1838
1835
1874
1870
1840
1846
1872
1859
1832
1872
1840
1873
1879
1838
1870
1838
1840
1836
1860
1910
1842
1837
1868
1837
1841
1871
1838
1845
1872
1836
1840
1868
1869
1836
1870
1877
1871
1834
1849
1842
1863
1835
1872
1866
1875
1866
1836
1869
1838
1841
1884
1870
1881
1834
1837
1842
1842
1862
1843
1845
1840
1844
1871
1833
1840
1875
1869
1933
1836
1840
1868
1839
1872
1840
1836
1890
1873
1843
1867
1874
1840
1880
1863
1842
1835
1845
1880
1838
1839
1875
1839
1868
1843
1844
1834
2235
1843
1840
1845
1880
1837
1864
1902
1894
1837
1843
1833
1843
1833
1868
1844
1859
1842
1837
1833
1838
1839
1841
1873
1843
1872
1866
1834
1877
1836
1839
1840
1833
1836
1843
1877
1842
1837
1899
1853
1837
1835
1872
1841
1845
1839
1874
1936
1839
1843
1867
1839
1841
1837
1850
1870
1876
1840
1834
1834
1864
1871
1835
1890
1843
1841
2013
1873
1874
1955
1835
1839
1875
1836
1844
1839
1899
1838
1895
1873
1889
1836
1842
1841
1842
1845
1866
1838
1867
1866
1842
1837
1834
1834
1836
1863
1877
1843
1863
1834
1840
1864
1830
2153
1842
1837
1837
1834
1835
1837
1909
1895
1873
1850
1876
1832
1919
1834
1874
1843
1837
1877
1869
1870
1842
1844
1849
1842
1865
1841
1835
1844
1834
1863
1840
1877
1836
1831
1842
1838
1843
1873
1836
1842
1844
1850
1838
1841
1846
1874
1874
1836
1875
1876
1840
1839
1868
1839
1895
1874
1860
1879
1883
1841
1841
1839
1923
1884
1868
1840
1902
1871
1836
1873
1839
1840
1840
1867
1840
1839
1870
1871
1873
1876
1924
1860
1921
1844
1874
1842
1839
1834
1843
1839
1839
1873
1840
1865
1837
1832
2104
1838
1843
1838
1909
1837
1868
1888
1870
1851
1904
1840
1870
1835
1832
1869
1838
1836
1870
1867
1838
1844
1839
1870
1891
1839
1833
1867
1888
1836
1893
1840
1870
1871
1837
1899
1841
1877
1873
1833
1868
1845
1849
1842
1844
1841
1832
1867
1839
1841
1869
1842
1891
1843
1840
1838
1834
1838
1838
1841
1839
1846
1837
1856
1843
1835
1861
1837
1837
1845
1926
1843
1868
1839
1839
1845
1881
1866
1838
1845
1842
1837
1872
1857
1844
1842
1880
1837
1839
1834
1877
1838
1881
1839
1883
1874
1873
1877
1838
1838
2170
1867
1864
1842
1932
1876
1878
1885
1843
1836
1874
1871
1840
1874
1877
1855
1838
1839
1864
1889
1839
1872
1862
1869
1839
1834
1844
1833
1836
1842
1863
1873
1839
1839
1838
1837
1845
1875
1839
1840
1873
1840
1840
1938
1899
1879
1839
1866
1840
1869
1880
1844
1839
1846
1838
1844
1873
1873
1844
1847
1834
1875
1935
1830
1856
1843
1845
1842
1934
1872
1874
1864
2339
1872
1871
1835
1890
1838
1839
1843
1838
1854
1833
1834
1844
1836
1839
1876
1842
1837
1844
1838
1841
1840
1867
1842
1841
1873
1841
1838
1837
1863
2069
1840
1873
1834
1838
1832
1869
1837
1913
1858
1860
1886
1845
1836
1836
1871
1841
1873
1859
1841
1839
1866
1837
1844
1871
1870
1843
1842
1872
1867
1852
1847
1842
1873
1838
1841
1841
1834
1865
1882
1867
1833
1838
1843
1833
1842
1880
1838
1841
1841
1864
1840
1872
1838
1873
1843
1834
1841
1870
2004
1835
1844
1840
1875
1840
1836
1867
1842
1871
1831
1843
1837
1904
1848
1873
1865
1870
1837
1840
1837
1884
1869
1923
1830
1834
1835
2917
1842
1952
1831
1872
1839
1830
1841
1867
1837
1836
1838
1841
1903
1842
1836
1833
1839
1844
1845
1836
1853
1935
1840
1872
1843
1841
1838
1874
1907
1860
1842
1866
1874
1860
1843
1846
1835
1834
1873
1844
1904
1930
1845
1835
1840
1843
1842
1838
1873
1843
1840
1863
1838
1835
1870
1839
1837
1868
1875
1838
1840
1872
1854
1840
1844
1877
2058
1911
1865
1838
1842
1845
1838
1844
1869
1856
1838
1863
1870
1907
1841
1844
1871
1839
1841
1870
1870
1843
1877
1840
1889
1871
1832
1834
1836
1845
1845
1875
1857
1843
1841
1836
1865
1844
1839
1837
1870
1877
1841
1873
1872
1874
1833
1838
1840
1875
1837
1838
1880
1846
1835
1840
2337
1876
1879
2490
1831
1833
1840
1931
2212
1867
1898
1839
1851
1840
1842
1864
1935
2909
1838
1837
1873
1838
1839
1839
1859
1871
1838
1843
1836
1834
1844
1912
1843
1964
1836
1889
1878
1855
1843
1858
1876
1914
1864
1868
1846
1840
1879
1868
1874
1871
1868
1873
1841
1927
1863
1861
1837
1837
1911
2012
1840
1842
1870
1836
1840
1891
1839
1842
1838
1839
1893
1874
1838
1937
1838
1889
1865
1836
1850
1920
1841
1874
1833
1840
1874
1841
1878
1874
1873
1840
1841
1919
1836
1839
1841
1877
1840
1874
1865
1881
1844
1842
1866
1837
1870
1866
1837
1842
1840
1935
1870
1880
1842
1837
1871
1833
1838
1836
1875
1841
1898
1854
1840
1871
1838
1834
1840
1836
1839
1872
1838
1845
1841
1843
1896
1838
1871
1834
1881
1894
1872
1839
2449
1897
1849
1835
1833
1836
1871
1839
1837
1839
1838
1868
1921
1879
1838
1870
1841
1835
1870
1840
1836
1873
1856
1864
1860
1867
1880
1838
1869
1841
1878
1840
1896
1838
1873
1836
1937
1834
1839
1838
1840
1843
1867
1839
1838
1838
1838
1840
1844
1876
1845
1870
1887
1838
1841
1844
1875
1836
1843
1877
1841
1841
1834
1840
1842
1896
1899
1875
1871
1873
1873
2330
1838
1836
1831
1894
1861
1837
1865
1839
1857
1876
1837
1838
1833
1843
1872
1839
1878
1900
1839
1875
1861
1842
1934
1844
1873
1877
1842
1872
1840
1872
1839
1839
1832
1839
1864
1872
1841
1842
1873
1841
1843
1839
1838
1839
1871
1834
1883
1838
1833
1880
1888
1845
1859
1833
1854
1835
1841
1839
2116
1882
1837
1866
1876
1840
1886
1849
1871
1838
1837
1841
1843
1841
1871
1875
2314
1868
1838
1869
1866
1831
1841
1836
1841
1868
1871
1862
1863
1830
1872
1839
1834
1869
1842
1901
1839
2907
1843
1873
1868
1854
1899
1832
1840
1867
1869
1873
1840
1869
1857
1863
1870
1834
1890
1835
1842
1842
1908
1869
1837
1838
1844
1839
1874
1890
1836
1894
1875
1843
1838
1873
1841
1878
1875
1864
1870
1872
1874
2263
1830
1878
1836
1835
1880
1868
1838
1837
1889
1844
1833
1873
1843
1831
2146
1869
1877
1838
1870
1872
1838
1838
1841
1837
1833
1836
1868
1833
1864
1868
1842
2017
1838
1865
1844
1834
1943
1833
1840
1863
1921
1834
1837
1834
1860
1888
1838
1865
1841
1838
1838
1843
1834
1842
1838
1848
1865
1874
1837
1839
1834
1839
1880
1845
1835
1842
1838
1865
1874
1868
1837
1842
1911
1842
1864
1869
2286
1834
1876
1837
1867
1834
1864
1876
1838
1834
1863
1865
1840
1839
1843
1879
1872
1878
1867
1840
1844
1866
1844
1881
1837
1841
1834
1833
1841
1872
1842
1841
1839
1873
1837
1841
1835
1940
1837
1882
1880
1834
1866
1837
1840
1873
1842
1872
1890
1846
1834
1879
1873
1837
1876
1834
1837
1838
1839
1892
1840
1833
1842
1830
1843
1877
1895
1835
1843
1904
1838
1872
1868
1869
1873
1832
1868
1873
1871
1840
1837
1839
1840
1885
1870
1866
1838
1870
1839
1866
1870
1839
1840
1840
1869
1876
1873
1872
1837
1885
1844
1844
1842
1842
1843
1840
1838
1868
1875
1840
1841
1841
1871
1874
1837
1843
1869
1888
1875
1836
1837
1838
1839
1870
1836
1839
1842
1838
1834
1892
2885
1841
1833
1846
1869
1842
1870
2375
1835
1841
1870
1845
1894
1847
1838
1845
1868
1841
1839
1844
1844
1840
1871
1878
1836
1887
1847
1889
1842
1833
1834
1870
1838
1890
1915
1876
1873
1878
1839
1842
1838
1839
1833
1839
1847
2069
1838
1892
1837
1839
1844
1899
1885
1905
1845
1871
1877
1865
1835
1838
1865
1894
1838
1840
1832
1873
1840
1835
1841
1840
1834
1841
1867
1836
1842
1879
1845
1866
1873
1838
1846
1839
1842
1847
1906
1868
1872
1873
1884
1837
1841
1842
1878
1865
1834
1872
1835
1891
1875
1868
1866
1865
1882
1837
1834
1840
1844
1843
1843
1834
1835
1837
1880
1834
1836
1846
1873
1913
1877
1842
2908
1874
1869
1865
1864
1874
1873
1842
1844
1865
1838
1837
1846
1844
1874
1871
1892
1837
1866
1837
1870
1870
1874
1839
1835
1867
1910
1866
2454
1838
1875
1844
1869
1862
1834
1907
1837
1834
1866
1839
1876
1858
1875
1887
1900
1845
1838
1839
1853
1891
1841
1839
1842
1889
1874
1839
1873
2658
1838
1844
1836
1841
1868
1871
1871
1869
1833
1835
1863
1878
1840
1904
1841
1836
1867
1867
1838
1843
1840
1877
1847
1865
1843
1954
1836
1836
1839
1872
1862
1833
1864
1900
1886
1835
1860
1885
1831
1835
2396
1840
1839
1843
1842
1835
1834
1836
1834
1837
1845
1837
1836
1840
1844
1844
1841
1836
1863
1841
1838
1834
1890
1878
1840
1837
1829
1836
1836
1835
1837
1959
1840
1838
1884
1837
1874
1891
1865
1831
1844
1844
1868
1844
1871
1877
1831
1868
1841
1838
1839
1877
1845
1857
1874
1843
1913
1852
1842
1837
1867
1866
1896
1869
1870
1840
1912
1846
1869
1838
1843
1829
1833
1893
1842
1836
1844
1838
1846
1839
1840
1842
1841
1840
1846
1845
1842
1897
1843
1839
1841
1852
1842
1840
1836
1841
1854
1835
1838
1846
1839
1834
1837
2805
1871
1837
1873
1871
1876
1839
1871
1870
1838
1836
1843
1868
1870
1831
1872
1831
1867
1850
1838
1839
1841
1868
1843
1841
1842
1864
1844
1839
1874
1844
1839
1840
1837
1845
2481
1885
1884
1905
1837
1845
1871
1878
1842
1840
1845
1880
1837
1837
1894
1836
1846
1891
1872
1876
1870
1832
1835
1840
1838
1843
1870
1840
1839
1885
1867
1833
1930
1836
1837
1842
1888
1837
1833
1841
1839
1834
1883
1868
1834
1872
1906
1845
1839
1836
1875
1844
1890
1867
1838
1872
1836
1874
1838
1845
1873
1866
2030
1840
1840
1841
1897
1870
1872
1871
1879
1869
1870
1838
1838
2393
1844
1873
1857
1859
1839
1891
1856
1872
1877
1834
1836
2143
1837
1841
1862
1839
1864
1860
1829
1833
1837
1842
1870
1870
1839
1869
1838
1877
1860
1866
1871
1842
1840
1839
1849
1876
1836
1844
1865
1834
1837
1847
1837
1842
1834
1841
1842
1850
1879
1840
1866
1844
1864
1875
1881
1837
1838
1842
1838
1841
1865
1843
1901
1836
1879
1879
1873
1843
1876
1845
1835
1838
1835
1838
1929
1840
1919
1836
1840
1833
1922
1869
1839
1878
1865
1833
1869
1862
1844
1840
1869
1837
1839
1882
1833
1842
1833
1838
1844
1843
1842
1839
1854
1891
1841
1836
1857
1870
1838
3852
1843
1839
1879
1843
1836
1843
1841
1848
1841
1843
1851
1877
1832
1835
1845
1862
1835
1834
1835
1842
1834
1864
1843
1876
1841
1839
1838
1891
1930
1844
1840
1841
1930
1872
1887
1869
1840
1902
1847
1871
1872
1872
1839
1836
1843
1832
1872
1838
1838
1838
1885
1876
1879
1868
1887
1861
1836
1840
1850
1839
1830
1833
1833
1834
1839
1870
1838
1872
1896
2557
1843
1836
1845
1879
1889
1837
1842
1839
1861
1870
1865
1843
1872
1837
1842
1883
1839
1836
1931
1846
1840
1840
1866
1870
1841
1840
1843
1840
1871
1831
1841
1842
1839
1887
1930
1837
1836
1838
1892
1845
1884
1840
1871
1842
1867
1877
1839
1872
1870
1838
1871
1868
1837
1834
1840
1873
1866
1835
1867
1841
1833
1843
1880
1837
1867
1839
1837
1838
1877
1913
1858
1837
1869
1885
1838
1886
1840
1880
1845
1849
1829
1840
1876
1863
1844
1839
1876
1834
1844
1869
1850
1834
1836
1868
1840
1843
1874
1989
1869
1834
1839
1845
1865
1844
1840
1833
1837
1843
1837
1881
1842
1898
1841
1842
1837
1866
1837
1843
1839
1866
1847
1909
1834
1843
1870
1835
1836
1890
1871
1837
1836
1835
1838
1867
1844
1876
1870
1866
1841
1866
1861
1872
1831
1841
1890
1872
1834
1849
1840
1840
1835
1843
1893
1839
1864
1838
1937
1871
1841
1877
1884
1883
1833
1834
1870
1842
1840
3008
1835
1842
1835
1838
1889
1839
1869
1865
1866
1855
1841
1841
1842
1841
1875
1870
1874
1874
1839
1890
1833
1843
1869
1886
1842
1839
1841
1834
1865
1878
1875
1907
1841
1838
1913
1841
1835
1839
1833
1839
1841
1837
1907
1864
1842
1843
1840
1837
1837
1874
1875
1840
1877
1834
1868
1838
1833
1841
1875
1829
1859
1869
1891
1860
1872
1841
1868
1871
1839
1874
1844
1893
1876
1869
1834
1839
1846
1870
1951
1896
1840
1911
1848
1840
1879
1858
1868
1873
1841
1839
1841
1866
1840
1881
1873
1836
1863
1873
1841
1875
1866
1837
1846
1841
1847
1927
1841
1879
1853
1842
1840
1842
1848
1837
1832
1891
1873
1874
1844
1865
1838
1838
1838
1870
1843
1854
1874
1842
1836
1843
1862
1836
1892
1879
1840
1868
1846
1835
1833
1832
1869
1840
1840
1836
1841
1841
1876
1844
1876
1842
1876
1837
1872
1870
1837
1843
1839
1873
1843
1884
1842
1862
1838
1873
1867
1868
1845
1867
1871
1837
1836
1841
1867
1836
1839
1869
1897
1843
1842
1839
1864
1847
1841
1896
1869
1843
1833
1842
1841
1864
1840
1837
1834
1839
1845
1839
1837
1859
1841
1832
1835
1843
1834
1837
1879
1846
2528
1840
1900
1844
1882
1888
1870
1871
1839
1839
1844
1840
1882
1870
1879
1840
1842
1840
1871
1877
1877
1835
1841
3436
1918
1875
1840
1835
1843
1843
1852
1875
1936
1837
1908
1836
1834
1870
1878
1874
1843
1848
1844
1831
1864
1876
1836
1839
1838
1842
1842
1844
1836
1833
1837
1842
1902
1875
1874
1869
1833
1871
1845
1880
1843
1878
1899
1921
1885
1842
1872
1873
1939
1877
1892
1843
1883
1842
1901
1842
1842
1865
1895
1854
1834
1876
1848
1842
1846
1890
1870
1843
1842
1863
1830
1834
1834
1850
1841
1834
1867
1840
1873
1841
1838
1838
1854
1935
1907
1873
1876
1838
1867
1843
1840
1872
1868
1835
1871
1877
1892
1844
1838
1836
1831
1845
1869
1866
1872
1839
1888
1859
1867
1851
1840
1842
1839
1872
1842
1868
1858
1858
1844
1838
1836
1862
1864
1862
1838
1842
1842
1842
1834
1874
1875
1839
1869
1844
1894
1835
1872
1842
1837
1838
1841
1839
1879
1870
1883
1916
1836
1839
1845
1867
1831
1870
1871
1876
1874
1843
1877
1878
1845
1873
1839
1886
1874
1870
1865
1915
1871
1872
1849
1834
1837
1844
1833
1878
1837
1841
1870
1897
1840
1844
1876
1861
1857
1868
1842
1874
1911
1844
1835
1927
1876
1914
1877
1834
1838
1841
1840
1836
2249
1844
1842
1876
1837
1875
1841
1877
1838
1837
1876
1873
1839
1840
1837
1868
1842
1833
1841
1870
1837
1839
1834
1921
1840
1897
1842
1970
1844
1836
1839
1843
1842
1871
1841
1837
1841
1844
1844
1832
1835
1843
1840
1910
1841
1844
1832
1839
1835
1837
1857
1861
1883
1839
1866
1837
1877
1871
1908
1903
1840
1841
1835
1868
1868
1883
1865
1837
1875
1868
1863
1885
1843
1835
1841
1837
1873
1842
1839
1842
1841
1841
1836
1838
1837
1839
1837
1837
1843
1840
1838
1869
2108
1839
1867
1840
1870
1833
1839
1873
1843
1842
1835
1844
1835
1870
1841
1934
1838
1900
1866
1834
1844
1932
1865
1840
1841
1841
1844
1920
1843
1838
1848
1838
1837
1839
1835
1874
1903
1836
1840
1875
1866
1839
1869
1834
1875
1837
1870
1843
1842
1877
1840
1867
1893
1890
1842
1831
1836
1872
1843
1895
1878
1872
1838
1868
1867
1872
1838
1868
1895
1839
1869
1837
1883
1895
1875
1870
1837
1844
1838
1843
1830
1879
1842
1841
1863
1841
1867
1837
1917
1865
1838
1835
2134
1899
1836
1880
1870
1840
1884
1842
1871
1874
1835
1842
1838
1844
1840
1890
1841
1829
1847
2218
1870
1835
1842
1876
1840
1843
1842
1869
1864
1837
1861
1843
1924
1838
1863
1843
1843
1893
1839
1874
1877
1836
1835
1840
1836
1836
1834
1842
1873
1843
1863
1838
1837
1833
1846
1862
1876
1889
1834
1868
1837
1854
1833
1841
1837
1871
1877
1838
1838
1876
1839
1861
1835
1837
1835
1873
1840
1835
1873
1844
1837
1840
1884
1838
1865
1873
1898
1872
1878
1872
1841
1889
1832
1868
1839
1868
1836
1890
1842
1844
1841
1835
1878
1834
1841
1832
1873
1836
1922
1872
1842
1838
1837
1866
1872
1867
1872
1845
1864
1839
1871
1871
1844
1841
1839
1844
1839
1845
1878
1833
1846
1842
1835
1872
1844
1834
1870
1841
1843
1864
1929
1837
1960
1840
1852
1837
1841
1843
1842
1840
1868
1899
1878
1847
1842
1867
1874
1843
1878
2333
1872
1836
1869
1835
1838
1892
1836
1872
1833
1839
1838
1879
1845
1842
1908
1907
1871
1894
1834
1899
1837
1873
1835
1880
1840
1906
1870
1833
1841
1874
1918
1836
1896
1840
1893
1876
1937
1837
1869
1837
1840
1929
1869
1842
1846
1838
1865
1867
1877
1908
1926
1881
1839
1842
1835
1844
1841
1924
1901
1837
1872
1872
1856
1891
1846
1858
1835
1870
1844
1840
1839
1843
1836
1838
1838
1873
1894
1838
1869
1871
1858
1878
1830
1851
1845
1846
1873
1843
1840
1873
1834
1864
1838
1841
1842
1869
1840
2430
1837
1872
1871
1869
1876
1837
1867
1869
1840
1840
1838
1913
1885
1869
1831
1897
1890
1873
1839
1838
1841
2013
1873
1865
1840
1842
1880
1844
1837
1841
1840
1833
1878
1871
1897
1842
1846
1839
1844
1834
1842
1843
1891
1853
1834
1838
1838
1843
1841
1836
1840
1840
1837
1840
1873
1890
1840
1840
1923
1841
1930
1837
1876
1843
1868
1840
1886
1872
1875
1873
1839
1835
1840
1882
1840
1840
1838
1844
2193
1840
1840
1845
1835
1871
1843
1877
1840
1830
1843
1837
1837
1840
1835
1912
1837
1866
1877
1869
1845
1845
1840
1839
1870
1836
1846
1873
1866
1876
1839
1867
1869
1892
1843
1840
2767
1872
1871
1839
1839
1836
1869
1882
1835
1871
1849
1835
1875
1842
1834
1869
1881
1836
1867
1834
1872
1834
1839
1937
1839
1830
1840
1838
1863
1838
1863
1899
1875
1865
1839
1843
1875
1834
1860
1838
1833
1865
1843
1839
1881
1837
1873
1890
1839
1847
1843
1833
1839
1872
1841
1840
1834
1839
1841
1837
1840
1879
1875
1838
1842
1874
1840
1842
1837
1837
1840
1879
1842
1875
1842
1848
1838
1837
1848
1851
1838
1840
1839
1836
1843
1866
1866
1876
1840
1843
1867
1874
1838
1874
1863
1874
1889
1837
1855
1873
1844
1839
1837
1863
1855
1873
1841
1837
1838
1867
1841
1845
1837
1866
1833
1837
1837
1873
1833
1842
1875
1843
1837
1869
1869
1863
1861
1835
1872
1834
1838
1863
1872
1874
1840
1843
1838
1843
1874
1843
1866
1835
1867
1875
1834
1840
1847
1839
1896
1840
1872
1874
1838
1870
1834
1842
1840
1937
1874
1837
1869
1873
1884
1863
1843
1841
1870
2624
1834
1839
1844
1860
1836
1842
1847
1868
1880
1872
1840
1878
1883
1875
1840
1883
1867
1869
1836
1894
1839
1837
1868
1840
1863
1871
1844
1833
1836
2094
1833
1864
1933
1837
1846
1846
1842
1844
1835
1841
1873
1842
1873
1835
1840
1843
2194
1840
1838
2336
1837
1873
1843
1839
1839
1873
1839
1899
1840
1870
2246
1838
1842
1873
1852
1863
1843
1839
1870
1913
1841
1834
1845
1835
1881
1839
1873
1875
1841
1839
1848
1877
1834
1842
1868
1852
1877
1842
1838
1844
1840
1866
1845
1910
1870
1833
1841
1834
1900
1841
1840
1841
1866
1835
1842
1883
1829
1835
1868
1842
1842
1840
1838
1886
1839
1843
1841
1885
1870
1835
1840
1839
1904
1838
2446
1830
1842
1880
1847
1841
1842
1838
1863
1833
1840
1839
1838
1874
1837
1841
1865
1865
1841
1841
1837
1843
1907
1840
1841
1835
1871
1840
1834
1871
1839
1853
1838
1837
1839
1871
1873
1837
1931
1843
1871
1876
1839
1845
1835
1874
2395
1868
1843
1875
1834
1896
1830
1841
1875
1836
1841
1839
1841
1838
1893
1836
1844
1841
1867
1838
1923
1842
1835
1841
1842
1862
1843
1837
1843
1843
1842
2011
1864
1843
1835
1836
2078
1883
1838
1839
1873
1836
1848
1837
1844
1871
1847
1872
1873
1874
1864
1834
1844
1844
1997
1834
1867
1870
1838
1841
1843
1876
1831
1893
1839
1869
1865
1841
1870
1840
1845
1872
1867
1874
1843
1871
1840
1842
1837
1845
1873
1874
2516
1841
1832
1882
1838
1839
1849
1839
1839
1840
1839
1842
1870
1873
1878
1869
1911
1837
1836
1838
1873
1832
1871
1842
1844
1836
1839
1873
1865
1833
1864
1865
1878
1842
1835
1867
1839
1842
1841
1841
1839
1838
1871
1833
1923
1881
1835
1871
1838
1872
1873
1840
1875
1836
1870
1836
1844
1865
1893
1861
1837
1843
1838
1875
1870
1868
1834
1837
1843
1844
1839
1845
1903
1839
1912
1867
1841
1839
1870
2102
1842
1868
1841
1851
1838
1836
2431
1875
1878
1867
1842
1868
1866
1836
1837
1848
1868
1840
1842
1836
1839
1830
1876
1839
1830
1868
1844
1935
1839
1866
1881
1841
1840
1844
1847
1906
1836
1834
1835
1887
1871
1866
1839
1834
1842
1835
1924
1849
1947
1837
1863
1834
1833
1840
1838
1873
1843
1840
1850
1835
1871
1880
1843
1900
1842
1839
1842
1932
1913
1843
1861
1867
1875
1868
1868
1840
1837
1914
1935
1835
1890
1874
1860
1845
1838
1867
1838
1837
1835
1839
1870
1877
1837
1835
1844
1834
1836
1844
1838
1843
1868
1837
1842
1870
1834
1907
1875
1841
1841
1841
1835
1861
1838
1874
1878
1886
1871
1837
1833
1834
1873
1847
1837
1845
1836
1878
1877
1872
1869
1875
1843
1872
1839
1875
1848
1839
1851
1846
1841
1879
1843
1840
1840
1890
1869
1840
1841
1839
1839
1835
1842
1858
1877
1871
1837
1840
1866
1842
1839
2151
1837
1875
1905
2136
1877
1895
1838
1841
1839
1838
1875
1865
1843
1843
1836
1903
1838
1832
1844
1874
1870
1873
1840
1836
1869
1838
1836
1843
1847
1865
1840
1837
1869
1864
1838
1857
1843
1840
1834
1870
1839
1874
1867
1871
1838
1869
1873
1831
1884
1843
1869
1843
1835
1871
1835
1843
1839
1879
1899
1887
1836
1887
1866
1856
1863
1854
1884
1837
1872
1839
1869
1840
1843
1834
1838
1842
1840
1905
1837
1921
1838
1840
1840
1874
1840
1906
1840
1838
1926
1872
1836
1840
1841
1836
1917
1839
1863
1868
1861
1882
1839
1834
1835
1856
1836
1835
1844
1845
1839
1837
1835
1832
1834
1887
1838
1899
1840
1834
1889
1842
1869
1842
1842
1845
1844
1837
1843
1890
1924
2505
1837
2211
1898
1841
2241
1895
1838
1840
1844
1838
1830
1845
1842
1838
1839
1849
1837
1872
1841
1857
1838
1838
2168
1869
1836
1841
1838
1843
1839
1838
1837
1888
1841
1834
1839
1844
1843
1832
1874
1905
1846
1870
1864
1851
1847
1872
1837
1840
1869
1873
1877
1844
1847
1868
1839
1843
1906
1839
1870
1840
1838
1904
1832
1841
1840
1840
1844
1841
1833
1879
1909
1873
1843
1838
1871
1869
1872
1839
1835
1833
1845
1844
1839
1840
1832
1844
1880
1841
1874
1837
1840
1838
1837
1839
1841
1846
1842
1869
1862
1876
1854
1843
1842
1866
1838
1839
1834
1837
1836
1892
1848
1839
1837
1867
1839
1833
1838
1836
1874
1872
1835
1842
2376
1845
1843
1844
1846
1837
1876
1866
1833
1872
1843
1874
1842
1865
1836
1868
2527
1868
1839
1840
1839
1845
1883
1866
1866
1838
1837
1836
1874
1842
1867
1835
1877
1850
1840
1872
1841
1839
1858
1872
1842
1844
1843
1865
1835
1831
1871
1873
1837
1837
1839
1843
1873
2169
1833
1837
1840
1829
2089
1848
1838
1874
1838
1843
1839
1835
1894
1842
1901
1857
1842
1846
1912
1873
1841
1833
1837
1845
1839
1837
1843
1879
1833
1837
1837
1893
1844
1941
1876
1858
1874
1909
1964
1869
1846
1835
1869
1867
1840
1840
1841
1841
1873
1861
1866
1842
1867
1842
1891
1880
1874
1842
1861
1840
1844
1861
1846
1840
1871
1893
1835
1829
1842
1837
1894
1834
1833
1841
1868
1875
1836
1838
1853
1837
1857
1897
1841
1865
1874
1837
2888
1843
1835
1847
1843
1869
1871
1870
1866
1843
1871
1838
1834
1839
1844
1844
1838
1868
1840
1833
1860
1871
1844
1836
1895
1844
1922
1872
1844
1841
1835
1926
1870
1838
1845
1841
1839
1838
1843
1872
1870
2186
1871
1838
1837
1843
1886
1844
1885
1836
1840
1833
1883
1838
1838
1832
1843
1839
1904
1875
1845
1889
1837
1835
1838
1843
1903
1901
1848
1842
1839
1874
1861
1868
1835
1873
1840
1865
1832
1870
1871
1836
1838
1838
1834
1838
1872
1839
1871
1839
1833
1850
1843
1876
1864
1834
1843
1866
1834
1842
1842
1838
1858
1838
1869
1870
1873
1869
1839
1905
1871
1838
1838
1862
1872
1839
1839
1947
1839
1879
1837
1872
1844
1866
1870
1840
1831
1837
1842
1879
1870
1868
1833
1835
1837
4440
1871
1887
1845
1923
1838
1871
1833
1843
2737
1838
1906
1867
1843
1838
1836
1914
1866
1844
1833
1843
1870
1837
1842
1905
1874
1866
1871
1834
1838
1909
1841
1865
1868
1871
1838
1888
1841
1871
2014
1878
1833
1896
1877
1838
1873
1840
1870
1839
1873
1904
1885
1843
1836
1836
1872
1881
1837
1875
1869
1840
1840
1897
1833
1844
1885
1874
1865
1873
1842
1845
1867
1862
1841
1836
1837
1873
1877
1876
1839
1836
1834
1838
1875
1840
1839
1837
1870
1871
1873
1832
1835
1871
1840
1844
1867
1856
1837
1966
1886
1861
1894
1841
1840
1839
1868
1839
1877
1841
1872
1839
1886
1840
1874
1860
1869
1843
1836
1836
1838
1843
1841
1900
1914
1930
1862
1870
1831
1868
1879
1840
1870
1838
1832
1841
1831
1840
1840
1921
1844
1841
1835
1873
1842
1839
1841
1838
1833
1867
1838
1873
1844
1839
1862
1844
1846
1842
1839
1871
1833
1857
1901
1833
1844
1842
1843
1840
1862
1840
2568
1840
1841
1839
1840
1866
1869
1830
1867
1837
1874
1842
1838
1898
1844
1831
1862
1837
1836
1842
1842
1871
1848
1862
1838
1869
1842
1860
1869
1849
1842
1837
1867
1839
1843
1867
2043
1843
1848
1858
1841
1840
1838
1841
1842
1832
1841
1846
1836
1885
1839
1841
1874
1838
1836
2126
1913
1838
1833
1868
1872
1839
1839
1865
1882
1837
1845
1843
1833
1837
1843
2385
1872
1843
1869
1844
1841
1832
1924
1925
1839
1867
1870
1844
1866
1837
1840
1843
1838
1873
1857
1868
1834
1876
1857
1869
1871
1872
1843
1860
1843
1874
1838
1840
1842
1834
1844
1871
1831
1896
1834
1837
1833
1869
1840
1892
1879
1874
1836
1830
1839
1844
1834
1842
1829
1838
1868
1837
1855
1840
1875
1840
1836
1841
1843
1877
1840
1838
1872
1840
1841
1843
1841
1870
1843
1877
1836
1882
1843
1838
1926
1840
1844
1844
1840
1842
1844
1840
1833
1890
1836
1838
1839
1839
1843
1835
1836
1890
1839
1838
1868
1837
1844
1835
1837
1865
1834
1845
1856
1844
1837
1840
1876
1876
1839
1857
1839
1834
1871
1835
1860
1877
1839
1883
1840
1862
1840
1872
1842
1869
1867
1834
1894
1837
1862
1841
1841
1879
1853
1875
1864
1873
1841
1868
1839
1839
1848
1837
1870
1835
1855
1880
1834
2054
1896
1874
1841
1855
1842
1839
1840
1896
1844
1845
1841
1873
1873
2546
1865
1872
1873
1842
1879
1834
1870
1840
1845
1865
1841
1849
1841
1841
1839
1837
1872
1839
1833
1840
1884
1834
1841
1867
1871
1866
1867
1843
1842
1838
1867
1837
1837
1838
1887
1843
1839
1891
2214
1837
1867
2131
1871
1835
1831
1846
1839
1840
1833
1838
1839
1867
1876
1833
1835
1838
1843
1840
1872
1840
1837
1870
1880
1835
1841
1864
1844
1837
1889
1840
1877
1895
1843
1843
1838
1883
1837
1877
1841
1839
1842
1843
1840
1873
1845
1895
1833
1838
1841
1838
1837
1869
1842
1837
1857
1862
1842
1866
1867
1843
2477
1841
1876
1890
1866
1839
1902
1837
1840
1923
1840
1841
1839
1839
1838
1838
1872
1837
1833
1834
1842
1876
1866
1841
1927
1836
1872
1847
1837
1867
1859
1904
1867
1841
1845
1840
1841
1838
1841
1833
1869
1870
1873
1843
1837
1839
1841
1843
1840
1872
1846
1925
1841
1933
1834
1839
1838
1850
1842
1864
1836
1838
1846
1870
1847
1838
1839
1901
1889
1836
1875
1865
1882
1841
1833
3012
1934
1837
1843
1843
1838
1838
1839
1870
1839
1838
1839
1834
1843
1880
1871
1868
1869
1841
1839
1837
1835
1839
1840
1900
1836
1866
1909
1843
1843
1872
1845
1873
1875
1843
1840
1881
1868
1839
1839
1866
1842
1875
1839
1840
1845
1868
1842
1840
1839
1871
1870
1832
1837
1847
1833
1876
1846
1837
1841
1834
1868
1858
1833
1872
1873
1894
1868
1839
1853
1845
1848
1840
1837
1843
1843
1837
1841
1834
1837
1865
1833
1936
1845
1885
1862
1844
1845
1875
1835
1911
1863
1842
1836
1872
1843
1861
1933
1840
1842
1886
1839
1840
1841
1864
1918
1835
1866
1841
1872
1878
1838
1862
1841
1837
1867
1841
1859
1941
1846
1840
1872
1839
1863
1839
1872
1842
1876
1833
1874
1872
1834
1838
1840
1838
1841
1843
2090
1843
1853
1849
1844
1873
1874
1845
1871
1844
1842
1836
1870
1868
1873
1869
1869
1839
1840
1845
1838
1911
1838
1834
1836
1914
1834
1874
1911
1840
1838
1974
1845
1869
1852
1834
1838
1894
1873
1865
1840
1893
1872
1841
1841
1869
1868
1836
1836
1839
1864
1875
1840
1839
1838
1841
1837
1839
1845
1852
1870
1841
1842
1840
2125
1833
1843
1841
1842
1835
1833
1878
1891
1848
2062
1926
1836
1836
1849
1872
1841
1872
1870
1873
1874
1843
1841
1840
1888
1840
1840
1844
1873
1838
1839
1831
1888
1877
1833
1876
1882
1843
1833
1867
2166
1868
1843
1840
1833
1877
1837
1846
1883
1912
1877
1840
1839
1843
1869
1834
1859
1876
1867
1843
1848
1867
1833
1881
1839
1871
2896
1839
1839
1838
1834
1869
1846
1844
1841
1857
1837
1841
1868
1837
1837
1839
1841
1914
1842
1865
1833
1915
1858
1842
1841
1839
1876
1937
1872
1842
1834
1869
1843
1841
1839
1838
1836
1866
1871
1863
1843
1843
1841
1859
1879
1841
1837
1840
1840
1871
1837
1844
1835
1842
1839
1849
1841
1834
1872
1870
1874
1873
1840
1838
1838
1843
1837
1838
1879
1837
1871
1844
1837
1839
1840
1842
1840
1835
1843
1910
1832
1869
1864
1842
1890
1838
1869
1844
1841
1896
1870
1869
1845
1841
1834
1837
1931
1844
1866
1838
1876
1868
1840
1863
1873
1857
1837
1864
1843
1836
1843
1866
1871
1874
1872
1907
1843
1844
1840
1901
1911
1836
1836
1871
1838
1838
1844
1878
1870
1840
1844
1839
1840
1865
1846
1843
1836
1866
1926
1914
1872
2197
1905
1840
1868
1836
1836
1837
1837
1875
1840
1883
1869
1871
1864
1906
1837
1833
1869
1839
1874
1839
1890
1834
1836
1877
1875
1846
1870
1889
1896
1845
1869
1836
1877
1839
1843
1838
1876
1876
1845
1839
1869
1864
1840
1830
1864
1840
1843
1840
1866
1848
1834
1835
1835
1842
1841
1844
1841
1871
1837
1874
1838
1866
1839
1844
1838
1842
1834
1835
1831
1894
1863
1843
1839
1841
1841
1875
1844
1838
1839
1844
1908
1839
1876
1874
1840
1841
1834
1837
1870
1838
1942
1867
1834
1870
1834
1862
1869
1845
1843
1868
1867
1872
1838
1845
1837
1889
1874
1840
1867
1865
1871
1839
1837
1838
1840
2421
1898
1833
1842
1865
1840
1835
1892
1839
1869
1873
1840
1839
1840
1842
1879
1838
1845
1834
1829
1916
1841
1847
1857
1845
1843
1929
1837
1833
1844
1855
1833
1842
1872
1868
1845
1844
1840
1839
1871
1862
1840
1875
1839
1867
1915
1847
1838
1840
1894
1841
1889
1863
1887
1837
2225
1867
1868
1841
1872
1839
1835
1841
1854
1908
1861
1863
1839
1862
1873
1845
1934
1877
1884
1857
1830
1841
1843
1877
1925
1841
1842
1839
1874
1838
1835
1844
4335
1833
1861
1895
1843
1837
1841
1847
1833
1839
1878
1875
1841
1842
1887
1836
1845
1844
1843
1873
1844
1863
1843
1839
1867
1842
1835
1843
1871
1857
1872
1893
1833
1863
1837
1838
1857
1968
1887
1838
1860
1873
1838
1866
1876
1837
1846
1848
1886
1836
1839
1839
1845
1846
1837
1841
1877
1883
1884
1880
1836
1870
1840
1892
1857
1862
1870
1874
1869
1866
1867
1839
1865
1865
1834
1839
1914
1870
1843
1909
1835
1873
1890
1835
1837
1833
1836
1869
1869
1879
1860
1836
1839
1838
1862
1865
1838
1871
1867
1837
1845
1837
1874
1844
1839
1866
1838
1842
1840
1867
1843
1870
1840
1873
1843
1843
2347
1841
1872
1864
1834
1838
1840
1837
1839
1837
1840
1841
1843
1869
1905
1840
1843
1836
1866
1842
1841
1839
1838
1841
1841
1832
1847
1842
1866
1835
1845
1837
1838
1840
1867
1865
1867
1893
1841
1840
1833
1839
1835
1845
1875
1872
1879
1842
1872
1833
1892
1871
1843
1899
1841
1842
1875
1872
1883
1872
1859
1870
1832
1844
1843
1860
1861
1838
1872
1838
1925
1863
1835
1841
1840
1842
2683
1837
1872
1878
1865
1857
1867
1873
1843
1836
1836
1871
1870
1843
1876
1872
1839
1838
1909
1841
1841
1847
1841
1895
1838
1839
1839
1833
1886
1844
1838
1846
1871
1837
1839
2378
1881
1893
1892
1835
1875
1843
1869
1874
1839
1840
1863
1870
1835
1872
1881
1839
1866
1877
1836
1839
1885
1890
1861
1843
1888
1871
1867
1885
1837
1840
1841
1906
1840
1843
1863
1838
1885
1863
1835
1839
1868
2644
1865
1834
1836
1843
1874
1872
1833
1852
1869
1866
1869
1841
1849
1833
1841
1847
1837
1874
1840
1838
1868
1840
1841
1891
1841
1846
1845
1840
1837
1871
1833
1881
1837
1838
1838
1841
1872
1903
1868
1837
1841
1863
1836
1873
1866
1873
1860
1867
1835
1833
1862
1843
1870
1845
1841
1845
1864
1837
1875
1873
1843
1841
1842
1840
1841
1894
1843
1841
1871
1841
2190
1837
1836
1837
1863
1842
1869
1839
1849
1835
1841
1841
1834
1838
1842
1841
1839
1865
2357
1836
1868
1873
1873
1869
1876
1884
1840
1836
1836
1831
1845
1839
1843
1834
1843
1839
1834
1838
1835
1840
1841
2471
1833
1837
1844
1844
1863
1847
1835
1867
1847
1843
1838
1840
1843
1831
1881
1840
1840
1841
1837
1839
1839
1922
1877
1843
1840
1838
1841
1843
1874
1874
1853
1890
1847
1840
1834
1861
1834
1874
1869
1870
1838
1842
1837
1869
1841
1833
1835
1873
1867
1833
1836
1839
1843
1834
1844
1867
1840
1844
1896
1871
1889
1837
1841
1842
1885
1865
1840
1842
1873
1837
1840
1842
1860
1869
1840
1832
1839
1869
1867
1837
1840
1873
1868
1870
1850
1862
1837
1838
1839
1830
1845
1834
1841
1839
1839
1872
1876
1871
1863
1866
1900
1841
1840
1838
1834
1870
1870
1867
1866
1876
1835
1871
1893
1862
1847
1844
1857
1838
1839
1846
1839
1839
1837
1843
1838
1873
1857
1879
1839
1867
1867
1872
2591
1910
1872
1841
1869
1866
1871
1874
1870
1840
1871
1872
1863
1849
1843
1856
1842
1886
1837
1885
1837
1835
1875
1853
1850
1871
1839
1875
1839
1874
1890
1845
1842
1869
1844
1845
1922
1890
1834
1834
1839
1837
1872
1841
1875
1847
1863
1865
1873
1845
1877
1840
1839
1875
1846
1833
1839
1906
1863
1864
1844
2114
1872
1907
1842
1898
1840
1876
1892
1870
1871
1837
1844
1859
1865
1870
1867
1869
1834
1867
1833
1840
1872
1843
1842
1867
1865
1841
1905
1870
1874
1843
1837
1844
2299
1892
1841
1875
1913
1838
1836
1838
1842
1837
1843
1874
1841
1838
1866
1840
1841
1881
1838
1844
1837
1872
1864
1868
1840
1856
1864
1842
1839
1872
1894
1844
1840
1838
1896
1840
1857
1841
1876
1873
1868
1916
1844
1841
1849
1838
1852
1834
1830
1842
1840
1847
1866
1841
1838
1872
1865
2019
1871
1835
1844
1832
1840
1837
1861
1844
1869
1838
1840
1837
1835
1909
1835
1836
1870
1843
1840
1835
1840
1840
1839
1878
1840
1835
1894
1837
1844
1843
1840
1842
1837
1894
1896
1840
1890
1863
1836
1843
1837
1835
1866
1840
1839
1839
1838
1834
1840
1838
1871
1844
1877
1844
1847
1908
1838
1863
1835
1836
1843
1845
1835
1835
1834
1839
1836
1837
1841
1844
1842
1840
1867
1833
1834
1908
1846
1839
1864
1871
1959
1841
1853
1833
1839
1936
1838
1837
1877
1863
1837
1871
2149
1863
2507
1840
1837
1833
1841
1842
1840
1842
1841
1900
1870
1837
1838
1871
1846
1866
1841
1864
1874
1840
1839
1869
1872
1850
1839
1832
1844
1874
1834
1840
1839
1862
1878
1853
1840
1856
1842
1861
1867
1895
1841
1841
1840
1865
1845
1839
1844
1844
1831
1836
1836
1869
1844
1862
1836
1836
1841
1839
1839
1866
1841
1882
1871
1858
1843
1865
1852
1845
1843
1837
1881
1835
1839
1840
1875
1842
1844
1868
1847
1844
1878
1842
1849
1939
1870
1834
1840
1871
1841
1863
1889
1833
1840
1843
1840
1844
1844
1838
1865
1896
1869
1929
2012
1842
1836
1832
1878
1844
1871
1879
1876
1838
1837
1890
1873
1846
1843
1869
1889
1841
1866
1835
1839
1843
1869
1844
1833
1832
1842
1843
1858
1840
1838
1838
1865
1843
1875
1842
1841
1836
1839
1922
1849
1878
1877
1838
1865
1866
1839
1881
1841
1842
1870
1841
1859
1845
1909
1861
1846
1865
1858
1841
1874
1848
1881
1894
1873
1873
1836
1875
1837
1864
1842
1834
1870
1890
1837
1900
1841
1843
1834
1868
2613
1869
1870
1837
1844
1874
1896
1865
1870
1872
1862
1843
1875
1843
1846
1873
1843
1838
1836
1835
1840
1873
1871
1875
1840
1848
1871
1865
1866
1862
1847
1846
1833
1840
1875
1839
1913
1852
2087
1830
1920
1843
1872
1844
1868
1841
1867
1873
1888
1868
2495
1862
1842
1877
1839
1840
1830
1876
1833
1882
1874
1839
1872
1843
1831
1900
1893
1872
1840
1842
1842
1874
1866
1844
1869
1851
1874
1839
1879
1889
1868
1857
1877
1908
1878
1870
1872
1839
1859
1830
1837
1841
1835
1841
1865
1847
1857
1843
1842
1872
1882
1839
1836
1869
1872
1869
1887
1840
1882
1837
1835
1837
1843
1839
1870
1891
1847
1897
1867
2016
1878
1837
1837
1842
1846
1832
1855
1842
1837
1839
1841
1840
1835
1874
1872
1872
1839
1891
1845
1858
1835
1837
1835
1839
1879
1841
1844
1871
1840
1842
1845
1880
1839
1836
1840
1880
1855
1838
1834
1867
1875
1835
1879
1912
1840
1865
1842
1873
2837
1833
1838
1837
1890
1837
1839
1872
1861
1861
1849
1876
1869
1834
1842
1845
1901
1873
1912
1878
1829
1873
1837
1843
1836
1837
1839
2610
1860
1841
1900
1836
1843
1877
1870
1873
1838
1835
1876
1840
1842
1841
1870
1836
1841
1836
1841
1843
1921
1842
1866
1837
1843
1836
1843
1837
1897
1838
1837
1838
1839
1845
1870
1865
1843
1874
1886
1834
1844
1873
1842
1865
1836
1871
1895
1831
1837
1847
1872
1842
1871
1831
1933
1845
1840
1863
1844
1876
1857
1864
1851
1837
1844
1846
1840
1951
1903
1863
1839
1870
1878
1839
1839
1833
1839
1839
1882
1845
1845
1862
2498
1901
1841
1838
1830
1875
1840
1882
1833
1839
1841
1838
1873
1869
1870
1876
1937
1839
1889
1840
1859
1839
1938
1868
1835
1888
1843
1861
1838
1842
1869
1833
1837
1872
1866
1860
1836
1881
1841
1837
1840
1842
1838
1871
1839
1838
1838
1841
1871
1842
1888
1840
1855
1837
1854
2142
1867
1841
1880
1844
1861
1861
1868
1834
1844
1842
1835
1862
1842
1852
1834
1841
1840
1837
1873
1840
1870
1840
1903
1842
1835
1868
1873
1840
1872
1911
1845
1838
1864
1844
1859
1873
1838
1838
1874
1841
1840
1892
1872
1891
1839
1866
1872
1872
1870
1841
1859
1866
2660
1836
1834
1840
1842
1875
1836
1843
1871
1836
1842
1894
1846
1982
1887
1838
1844
1876
1837
1839
1876
1833
2286
1865
1840
1834
1864
1842
1869
1869
1841
1849
1843
1840
1862
1841
1838
1890
1841
1843
1839
1843
1839
2319
1901
1835
1842
1830
1866
1871
1841
1843
1912
1888
1872
1842
1837
1836
1843
1848
1843
1843
1919
1842
1839
1876
1839
1893
1873
1865
1886
1867
1870
1867
1839
1840
1865
1831
1840
1874
1834
1844
1842
1843
1872
1871
1838
1836
1842
1840
1845
1839
1875
1849
1840
1836
1837
1841
1842
1844
1836
1873
1870
1863
1837
1869
1833
1839
1841
1871
1837
1841
1866
1836
1902
2146
1839
1872
1891
1838
1840
1838
1832
1849
1841
1960
1871
1842
1842
1838
1838
1838
1840
1844
1911
1836
1836
1842
1919
1838
1879
1832
1844
1872
1840
1875
1840
1867
1840
1866
1875
1878
1842
1835
1868
1844
1843
1839
1837
1837
1872
1839
1840
1850
1833
1838
1842
1873
1839
1840
1835
1874
1839
1899
1837
1863
1838
1841
1841
1861
1835
1853
1867
1840
1842
1844
1918
1838
1843
1870
2209
1876
1871
1844
1842
1864
1876
1835
1874
1876
1853
1833
1876
1839
1842
1847
1838
1840
1836
1838
1870
1845
1871
1842
1859
1840
1842
1876
1872
1837
1834
1840
1842
1843
1891
1838
1838
1858
1835
1844
1856
1837
1836
1834
1840
1840
1836
1868
1842
1841
1838
1841
1864
1881
1873
2146
1840
1840
1867
1866
1869
1842
1866
1842
1869
1840
1863
1942
1910
1900
1836
1844
1840
1838
1871
1840
1833
1838
1836
1844
1842
1919
1845
1863
1840
2230
1840
1933
1864
1836
1841
1864
1873
1845
1836
1842
1841
1838
1882
1900
1877
1841
1900
1840
1873
1931
1882
1868
1864
1841
1868
2454
1861
1841
1838
1847
1879
1877
1841
1875
1837
1843
1840
1872
1931
1835
1870
1840
1833
1874
1840
1839
1840
1870
1836
1919
1839
1841
1842
1872
1835
1844
1864
1872
1866
1866
1870
1833
1868
1841
1832
1872
1839
1922
1844
1843
1838
1866
1880
1925
1842
1875
1845
1839
1844
1838
1838
1917
1833
1873
1842
1833
1863
1891
1843
1845
1866
1922
1872
1841
1836
1837
1835
1842
1845
1852
1865
1838
1840
1839
1838
1877
1838
1843
1833
1874
1837
1843
1837
1841
1839
1842
1838
1841
1839
1845
1866
1841
1902
1869
1872
1876
1844
1834
1836
1872
1845
1834
1833
1833
1836
1839
1847
1868
1837
1837
1869
1873
1862
1846
1843
1837
1870
1836
1832
1872
1842
1847
1864
1875
1838
1935
1841
1841
1847
1841
1879
1866
1875
1838
1865
1842
1844
1868
1864
1897
1899
1832
1837
1860
1834
1842
1868
1836
1840
1840
1843
1844
1869
1861
1912
1842
1873
1840
1872
1898
1861
1838
1868
1919
1875
2067
1829
1837
1840
1870
1843
1861
1840
1865
1836
1870
1837
1878
1871
1838
1844
1842
1870
1869
1842
1840
2160
1841
2155
1894
1842
1841
1845
1875
1838
1843
1897
1890
1834
1840
1839
1838
1833
1844
1918
1839
1851
1907
1872
1833
1835
1900
1872
1843
1842
1839
1844
1863
1872
1841
1838
1876
1835
1864
1872
1870
1878
1872
1837
1838
1876
1863
1838
1868
1840
1833
1889
1834
1870
1838
1841
1870
1845
1840
1840
1869
1840
1839
1838
1842
1837
1871
1877
1866
1870
1834
2708
1842
1839
1840
1842
1844
1876
2613
1842
1932
1862
1836
1837
1838
1887
1841
1835
1840
1871
1870
1837
1837
1876
1836
1845
1840
1880
1840
1837
1841
1841
1846
1838
1867
1838
1838
1891
1868
1868
1837
1868
1835
1829
1835
1878
1864
1843
1887
1866
1841
1837
1901
1905
1844
1870
1843
1835
1877
1875
1871
1868
2337
1897
1838
1894
1884
1877
1844
1846
1837
1842
1845
1845
1865
1884
1872
1843
1840
1877
1872
1834
1874
1910
1858
1848
1876
1941
1860
1874
1840
1844
1882
1850
1933
1876
1863
1868
1843
1917
1843
1844
1855
1839
1873
1843
1835
1840
1837
1834
1872
2318
1865
1833
1840
1874
1843
1841
1844
1865
1872
1841
1873
1833
1868
1834
1838
1878
1838
1886
1871
1863
1838
1886
1918
1877
1840
1892
1834
1835
1869
2757
1830
1836
1840
1840
1844
1871
1848
1838
1865
1840
1882
1878
1842
1835
1897
1833
1834
1840
1842
1906
1896
1868
1835
1869
1842
1841
1839
1868
1881
1866
1871
1877
1851
1837
1833
1830
1839
1861
1864
1834
1866
1836
1867
1837
1844
1837
1836
1867
1857
1859
1922
1869
1835
1867
1870
1839
1868
1840
1871
1837
1843
1869
1842
1841
1839
1843
1837
1836
1843
1877
1840
1838
1904
1863
1865
1839
1834
1842
1839
1836
1872
1842
1867
1859
1838
1839
1839
1845
1835
1890
1868
1913
1847
1844
1867
1850
1838
1864
1861
1872
1859
1839
1869
1910
1846
1835
1840
1862
1842
1902
1847
1851
1835
1863
1837
1838
1843
1879
1840
1837
1838
1845
1861
1838
1840
1893
2647
1853
1845
1847
1832
1838
1838
1874
1838
1873
1868
1834
1842
1829
1867
1874
1937
1879
1838
1869
1841
1838
1842
1844
1868
1842
1838
1835
1836
1879
1837
1867
1842
1838
1840
1862
1839
1875
1873
1839
1866
1842
1836
1866
1839
1841
1842
2050
1918
1872
1840
1874
1893
1844
1839
1885
1840
1901
1851
1838
1844
1834
1844
1846
1840
1840
1839
1839
1869
1877
1837
1838
1837
1888
1842
1887
1867
1838
1840
1878
1834
1841
1929
1892
1836
1868
1874
1888
1835
1871
1867
1841
1837
1838
1838
1839
1919
1831
1842
1839
1837
1847
1869
1839
1841
1836
1890
1833
1836
1868
1841
1898
1842
1912
1844
1836
1871
1833
1875
1869
1846
1870
1867
1838
1869
1845
1841
1873
1838
1866
1875
1845
1841
1833
1874
1876
1843
1839
1872
1835
1844
1868
1839
1837
1841
1844
1833
1867
1843
1842
1843
1905
1840
1834
1839
1868
1871
1843
1866
1851
1882
1853
1838
1852
1860
1868
1869
1843
1869
1876
1841
1892
1839
1848
1874
1871
1842
1839
1872
1864
1842
1840
1841
1839
1842
1868
1837
1839
1834
1870
1862
1868
1931
1836
1878
1862
1873
1843
1839
1838
1834
1837
1875
1841
1870
1842
1837
1836
1833
1866
1875
1835
1866
1868
1868
1850
1833
1844
1831
1840
1837
1848
2034
1845
1874
1841
1894
1879
1872
1840
1837
1845
1836
1873
1862
1869
1838
1842
1862
1845
1890
1842
1896
1869
1869
1873
1860
1884
1843
1843
1837
1842
1843
1873
1853
1916
1846
1843
1876
1844
1832
1874
1837
1840
1876
1841
1893
1895
1837
1843
1843
1899
1838
1838
1834
1868
1865
1866
1876
1836
1882
1849
1850
1834
1838
1868
1859
1836
1868
1840
1839
1834
1841
1841
1861
1865
1841
1839
1836
1847
1865
1870
1874
1873
1837
1872
1835
1842
1867
1873
1838
1841
1833
1838
1843
1843
1840
1842
1838
1840
1840
1840
1839
1839
2287
1843
1847
1839
1836
1872
1902
1836
1864
1863
1866
1869
1869
1837
1836
1922
1842
1864
1838
1844
1858
1863
1842
1839
1867
1895
1830
1888
1834
1844
1866
1834
1860
1890
2289
1837
1870
1842
1863
1842
1841
1833
1834
2167
1839
1838
1841
1869
1837
1905
1841
1862
1838
1833
1886
1845
1836
1837
1879
1876
1840
1871
4111
1931
2239
1905
1869
1841
1872
1875
1916
1869
1839
2367
1838
1894
1910
1837
1834
1840
1843
1841
1840
1929
1839
1829
1869
1903
1868
1910
1839
1840
1843
1871
1890
1837
1839
1866
1842
1839
1873
1843
1875
1835
1841
1865
1865
1899
1844
1885
1844
1868
1842
1890
1873
1864
1839
1834
1995
1837
1836
1876
1840
1889
1874
1842
1886
1842
1873
1837
1837
1841
1868
1861
1901
1842
1846
2266
1877
1853
1834
1875
1863
1873
1872
1841
2181
1867
1839
1876
1865
1837
1840
1838
1837
1835
2782
1860
1841
1838
1841
1865
1875
1869
1869
1867
1843
1842
1842
1868
1933
1921
1841
1839
1840
1846
1871
1867
1869
1868
1899
1872
1837
1837
1870
1845
1878
1880
1858
1847
1869
1838
1868
1842
1838
1870
1880
1835
1883
2104
1844
1841
1843
1877
1841
1868
1869
1849
1844
1836
1839
1898
1836
1840
1836
1845
1863
1841
1843
1837
1838
1877
1846
1875
1848
1839
1840
1838
1837
1840
1844
1873
1838
1838
1838
1838
1842
1836
1843
1838
1840
1844
1876
1839
1842
1834
1838
1881
1844
1836
1841
1839
1842
1829
1837
1839
1838
1837
1837
1835
1841
1838
1878
1838
1835
1833
1839
1842
1844
1836
1843
1838
1865
1839
1852
1834
1869
1867
1863
1884
1844
1840
1839
1869
1870
1829
1837
1845
1844
1838
1872
1868
1840
1874
1838
1846
1883
1888
1837
1869
1837
1831
1841
1873
1872
1835
1838
1834
1868
1875
1839
1839
1836
1839
1840
1836
1872
1839
1872
1833
1867
1865
1868
1834
1840
1958
1912
1844
1844
1842
1878
1864
1848
1870
1868
1839
1838
1868
1845
1868
1875
1865
1838
1874
1833
1838
1842
1836
1875
1838
1832
1869
1870
1866
1836
1832
1838
1875
1871
1871
1841
1844
1868
1843
1864
1887
1838
1836
1876
1863
1901
1839
1839
1875
1837
1876
1835
1843
1835
1873
1841
1839
1866
1872
1874
1841
1841
1866
1848
1872
1839
1869
1833
1834
1875
1878
1839
1869
1843
1872
1844
1840
1837
1839
1838
1839
1836
1868
1839
1862
1887
1833
1843
1834
1889
1842
1838
1835
1834
1837
1841
1864
1837
1832
1845
1840
1851
1887
1837
1839
1840
1843
1838
1841
1866
1870
1840
1840
1867
1844
1860
1869
1840
1833
1840
1841
1839
1841
1835
1842
1875
1860
1833
1836
1831
1837
1833
1843
1829
1874
1854
1843
1841
1838
1840
1875
1872
1839
1841
1871
1838
1868
1834
1849
1870
1867
1844
1839
1837
1839
1841
1839
1845
1841
1875
1839
1832
1839
1844
1862
1871
1858
1837
1839
1841
1842
1852
1848
1875
1855
1843
1839
1841
1894
1838
1837
1843
1866
1830
1871
1878
1838
1870
1834
1871
1871
1838
1834
1843
1839
1869
1841
1839
1834
1840
1840
1881
1845
1915
1875
1872
1867
1890
1875
1842
1845
1866
1867
1842
1840
1868
1882
1859
1838
1839
1840
1873
1838
1840
1867
1841
1928
1831
1925
1840
1870
1838
1835
1834
1848
1883
1872
1844
1834
1830
1885
1873
1874
1837
1862
1896
1837
1842
1840
1873
1830
1872
1839
1842
1844
1842
1837
1871
1847
1840
1869
1843
1838
1841
1876
1834
1865
1843
1868
1876
1849
1846
1839
1836
1871
1834
1839
1837
1875
1844
1890
1863
1841
1930
1840
1869
1839
1840
1835
1839
1843
1837
1871
1871
1876
1851
1849
1836
1843
1837
1869
1869
1874
1875
1873
1872
1869
1875
1871
1876
1839
1875
1942
1839
1838
1839
1866
1838
1839
1839
1843
1837
1861
1871
1840
1868
1837
1887
1840
1873
1889
1858
1833
1834
1834
1839
1836
1861
1839
1836
1841
1884
1915
1835
1871
1839
1914
1924
1874
1833
1885
1843
1838
1833
1883
1839
1843
1840
1869
1868
1840
1839
1843
1888
1873
1847
1866
1867
1867
1871
1841
1846
1883
1836
1878
1869
1839
1836
1875
1873
1843
1876
1843
1838
1870
1838
1867
1844
1870
1866
1871
1833
1872
1842
1844
1878
1838
1875
1837
1874
1836
1835
1947
1895
1867
1836
1838
1869
1864
1837
1872
1836
1876
1838
1841
1841
1887
1876
1838
1838
1873
1837
1839
1837
1876
1834
1838
1837
2376
1872
1921
1843
1838
1845
1840
1834
1841
1904
1841
1835
1871
1842
1833
1877
1838
1875
1836
1840
1838
1896
1870
1837
1916
1830
1837
1868
1892
1837
1837
1872
1847
1864
1844
1876
1873
1838
1837
1998
1868
1835
1839
1832
1833
1894
1874
1886
1844
1838
1840
1838
1838
1841
1874
1833
1840
1874
1866
1844
1871
1864
1874
1874
1875
1840
1843
1871
1840
1840
1848
1862
1876
1846
1836
1878
1839
1867
1842
1843
1839
1838
1842
1867
1893
1837
1833
1841
1842
1840
1841
1836
1839
1836
1837
1836
1872
1843
1844
1886
1839
1839
1838
1864
1838
1842
1841
1842
1865
1865
1834
1841
1834
1850
1837
1843
1872
1844
1839
1870
1874
1867
1876
1837
1842
1841
1846
1835
1882
1854
1841
1837
1848
1869
1850
1918
1843
1870
1838
1867
1842
1835
1834
1873
1836
1842
1838
1831
1885
1869
1970
1861
1842
1879
1837
1836
1837
1840
1851
1835
1841
1886
1840
1916
1843
1833
1845
1841
1837
1871
1890
1832
1841
1836
1898
1833
1834
1891
2631
1917
1835
1837
1837
1842
1839
1857
1837
1838
1874
1871
1866
1859
1866
1867
1835
1846
1840
1842
1841
1837
1842
1836
1906
1839
1872
1848
1841
1844
1837
1837
1872
1836
1836
1836
1830
1841
1842
1913
1840
1841
1834
1870
1838
1857
1839
1859
1835
1844
1876
1842
1836
1846
1848
1833
1868
1837
1838
1868
1873
1835
1835
1836
2159
1838
1839
1841
1840
1881
1837
1877
1878
1842
1833
1898
1872
1873
1869
1875
1876
1833
2680
1872
1841
1841
1838
1845
1839
1843
1839
1836
1840
1868
1837
1837
1874
1834
1898
1867
1839
1841
1880
1849
1836
1899
1839
1906
1839
1847
1835
1841
1837
1839
1875
1867
1883
1833
1834
1861
1841
1841
1871
1839
1834
1837
1875
1871
1868
1876
1888
1871
1868
1837
1840
1840
1841
1834
1928
1892
1834
1888
1847
1873
1836
1839
1842
1877
1836
1837
1833
1886
1835
1839
1840
1881
1842
1873
1841
1835
1833
1840
1835
1841
1933
1923
1851
1844
1841
1833
1912
1842
1836
1867
1869
1837
1843
1844
1902
1842
1868
1839
1837
1873
1845
1846
1872
1843
1884
1834
1863
1894
1860
1841
1850
1880
1835
1868
1863
1831
1843
1868
1871
1836
1839
1901
1874
1866
1841
1863
1845
1842
1884
1864
1834
1838
1842
1836
1855
1837
1839
1916
1836
1873
1841
1834
1861
1876
1902
1844
1886
1870
1840
1898
1863
1844
1889
1833
1912
1838
1872
1837
1844
1838
1901
1837
1839
1843
1869
1840
1867
1841
1913
1837
1844
1844
1869
1876
1837
1865
1872
1832
1897
1890
1835
1907
1928
1851
1838
1873
1867
1834
1868
1843
1839
1840
1837
1837
1844
1856
1836
1873
1851
1838
1837
1841
1865
1873
1834
1863
1838
1915
1841
1839
2048
1887
1877
1840
1839
1837
1875
1845
1867
2669
1842
1871
1896
1838
1835
1844
1844
1847
1885
1865
1864
1838
1843
1880
1838
1866
1842
1896
1835
1841
1840
1886
1836
1837
1838
1889
1845
1881
1873
1932
2602
1838
1871
1838
1837
1862
1843
1840
1839
1883
1843
1839
1845
1841
2132
1835
1840
1844
1847
1836
1869
1874
1834
1868
1844
1898
1845
1845
1846
1837
1869
1839
1837
1841
1871
1866
1877
1836
1842
1829
1844
1839
1889
1850
1869
1843
1842
1843
1858
1870
1834
1877
1842
1879
1873
1838
1839
1840
1834
1840
1869
1843
1840
1867
1841
1842
1865
1844
1833
1833
1836
1874
1836
1864
1848
1865
1873
1837
1837
1900
1839
1842
1873
1839
1840
1870
1839
1876
1840
1844
1888
1878
1896
1841
1838
1836
1909
1836
1842
1877
1842
1836
1867
1839
1838
1837
1875
1843
1843
1842
1849
1843
1837
1842
1839
1865
1839
1848
1866
1872
1864
1841
1834
1865
1898
1870
1844
1839
1868
1839
1833
1889
1837
1839
1838
1837
1870
1840
2203
1841
1833
1841
1883
1835
1844
1872
2212
1835
1862
1860
1841
1840
1840
1865
1841
1894
1853
1867
1842
1843
1893
1838
1841
1836
1867
1841
2219
1840
1837
1835
2111
1871
1837
1885
1843
2426
1831
1837
1841
1840
1840
1843
1841
1876
1837
1905
1874
1880
1965
1871
1834
1867
1843
1871
1866
1874
1841
1844
2369
1833
1875
1869
1837
1837
1888
1868
1929
1865
1896
1836
1870
1898
1841
1871
1838
1867
1839
1911
1866
1885
1844
1837
1866
1847
1833
1843
1840
1874
1838
1843
1932
1876
1841
1841
1840
1834
1835
1904
1842
1877
1840
1841
1833
1849
1865
1835
1839
1837
1833
1840
1841
1835
1840
1839
1868
1866
1838
1850
1868
1834
1841
1844
1834
1908
1844
1840
1869
1844
1837
1881
1863
1844
1837
1839
1844
1837
1837
1838
1838
1838
1875
1875
1840
1843
1840
1838
1838
1874
1865
1870
1915
1844
1868
1837
1839
1834
1844
1842
1840
1844
1840
1841
1838
1870
1837
1838
1838
1892
1838
1871
1835
1838
1837
1847
1840
1842
1919
1843
1880
1836
1840
1855
1887
1870
1839
1838
1836
1916
1837
1865
1863
1867
1886
1878
1836
1840
1833
1868
1866
1836
1843
1871
1859
1837
1839
1845
1838
1920
1835
1846
1839
1859
1909
1900
1839
2252
1876
1838
1845
1864
1839
1874
1885
1909
1843
1837
1869
1860
1840
1840
1839
1837
1870
1915
1869
1878
1846
1842
1840
2006
2231
1843
2498
1841
1836
1831
1846
1871
1839
1854
1842
1865
1834
1838
1834
1880
1838
1836
1858
1882
1838
1845
1834
1874
1879
1842
1830
1844
1839
1866
1840
1843
1899
1836
1842
1870
1848
1882
1871
1869
1867
1844
1837
1837
1858
1841
1885
1869
1842
1844
1841
1872
1838
1870
1868
1841
1874
1839
1844
1870
1872
1864
1840
1840
1835
1838
1867
1842
1873
1840
1874
1871
1863
1841
1889
1831
1838
1840
1835
1837
1843
1897
1870
1839
1871
1872
1896
1838
1868
1834
1867
1876
1872
1869
1837
1867
1870
1833
1875
1842
1849
1841
1838
1836
1839
1833
1868
1843
1838
1841
1842
1836
1837
1839
1850
1840
1843
1841
1840
1844
1844
1885
1877
1843
1855
1843
1875
1886
1839
1852
1844
1870
1922
1837
1840
1935
1839
1844
1841
1839
1840
1879
1881
1873
1840
1872
1867
1837
1843
1870
1833
1863
1842
1840
1887
1872
1869
1834
1841
1891
1838
1846
1894
1865
1890
1833
1844
1845
1897
1839
2615
1840
1865
1843
1836
1838
1848
1871
1838
1853
1839
1837
1837
1863
1847
1868
1876
1843
1841
1836
1830
1897
1842
1863
1880
1871
1883
1847
1845
1835
1897
1877
1844
1838
1869
1878
1886
1845
1891
1871
1839
1841
1839
1877
1842
1871
1842
1842
1842
1840
1844
1871
1837
1839
1834
1838
1874
1842
1866
1838
1839
1837
1841
1869
1833
1840
1904
1860
1873
1902
1875
1897
1840
1896
1872
1842
1832
1888
1846
1844
1871
1843
1841
1843
1838
1843
1842
1858
1836
1841
1843
1838
1830
2164
1842
1843
1835
1877
1839
1840
1837
1878
1865
1869
1862
1842
1835
1835
1871
1839
1869
1869
1869
1871
1843
1839
1843
1868
1839
1838
1866
1841
1843
1834
1875
1866
1872
1867
1874
1963
1836
1842
1842
1867
1866
1875
1837
1873
1864
1865
1839
1876
1867
1840
1886
1914
1836
1873
1917
1837
1909
1841
2910
1875
1844
1843
1846
1835
1867
1874
1877
1834
2477
1840
1837
1925
1837
1867
1840
1852
1867
1858
1898
1877
1875
1838
1839
1840
1838
1842
1876
1868
1839
1840
1837
1838
1836
1840
1872
1845
1868
1838
1839
1845
1840
1839
1839
1840
1849
1839
1840
1839
1870
1843
1843
1838
1918
1878
1871
1878
1842
1840
1839
1835
1869
1829
1840
1894
1830
1839
1897
2175
1864
1880
1875
1840
1872
1837
1842
1887
1872
1847
1839
1876
1864
1843
1870
1840
1874
1841
1864
1839
1837
1872
1905
1835
1842
1840
1873
1864
1841
1840
2245
1838
2701
1842
1844
1874
1873
1843
1838
1870
1837
1833
1860
1836
1841
1832
1838
1904
1866
1867
1837
1872
1871
1893
1867
1874
1838
1840
1840
1838
1839
1839
1846
1845
1874
1895
1873
1829
1877
1913
1871
1864
1828
1842
1873
1835
1866
1838
1835
1840
1844
2740
1885
1844
1838
1893
1830
1871
1841
1835
1837
1890
1830
1865
1836
1833
1874
1877
1871
1839
1878
1867
1869
1878
1841
1865
1835
1839
1872
1855
1839
1885
1843
1875
1871
1840
1835
1869
1869
1869
1833
1838
1830
1864
1874
1882
1840
1830
1867
1838
1837
1840
1839
1837
1844
1843
1871
1871
1838
1836
1839
1869
1898
1837
1897
1866
1874
1867
1874
1833
1837
1844
1838
1833
1837
1845
1840
1836
1874
1863
1831
1875
1841
1833
1840
1834
1841
1833
1870
1839
1840
1844
1866
1844
1839
1868
1839
1859
1869
1876
1888
1869
1842
1838
1876
1838
1838
1838
1875
1839
1842
1833
1866
1888
1836
1842
1861
1840
1878
1862
1834
1840
1841
1847
1886
1866
1840
1833
1871
1844
1866
1838
1873
1841
1843
1840
1870
1839
1874
1839
1835
1841
1840
1837
1877
1842
1838
1838
1844
1839
1878
1838
1841
1836
1873
1842
1876
1841
1893
1838
1838
1832
1880
1862
1841
1834
1844
1844
1844
1857
1870
1835
1842
1921
1841
1842
1877
1836
1840
1867
1870
1855
1838
1840
1841
1843
1866
1843
1836
1843
1841
1861
2140
1870
1837
1873
1868
1843
1841
1835
1899
1877
1887
1869
1882
1841
1843
1918
1836
1840
1841
1871
1874
1873
1871
1866
1850
1840
1874
1865
1841
1843
1839
1833
1866
1867
1849
1896
1896
1844
1840
1840
1868
1833
1866
1876
1841
1846
1889
1873
1865
1849
1843
1867
1841
1842
1870
1839
1895
1862
1833
1841
1838
1896
1872
1875
1843
1845
1842
1843
1868
1873
1839
1841
1833
1838
1869
1923
1842
1863
1845
1874
1841
1869
1840
1838
1891
1844
1865
1837
1873
1867
1873
1837
1875
1871
1875
1839
1875
1880
1930
1842
1936
1871
1865
1845
1867
1832
1867
1837
1840
1876
1871
1837
1840
1864
1875
1836
1837
1872
1837
1838
1843
1841
1837
1841
1837
1838
1840
1842
1837
1840
1842
1926
1832
1841
1873
1840
1885
1924
1836
1868
1870
1866
1876
1874
1839
1864
1837
1873
1841
1895
1833
1917
1835
1843
1867
1925
1869
1832
1865
1834
1840
1843
1869
1835
1868
2513
1869
1882
1838
1865
1840
1868
1869
1846
1837
1867
1867
1862
1869
1839
1844
1842
1838
1836
1874
1838
1843
1845
1839
2052
2013
1840
1842
1843
1838
1841
1875
1836
1861
1867
1891
1930
1841
2714
1871
1845
1841
1874
1872
1835
1837
1866
1839
1843
1876
1841
1866
1840
1876
1843
1880
1864
1837
1870
1872
1838
1840
1838
1834
1839
1892
1896
1829
1942
1896
1864
1869
1838
1838
1895
1842
1838
1838
1840
1834
1841
1878
2399
1837
1840
1838
1842
1839
1872
1865
1957
1843
1871
1878
1844
1841
1841
1843
1870
1908
1834
1837
1890
1835
1841
1866
1833
1833
1869
1842
1854
1874
1841
1838
1862
1897
1837
1843
1841
1836
1871
1856
1837
1866
1894
1870
1835
1873
1834
1877
1875
1837
1837
1866
1836
1873
1840
1839
1846
1874
1834
1873
1843
1842
1833
1868
1874
1870
1844
1841
1892
1833
1884
1845
1874
1835
1882
1841
1866
1841
1836
1878
1838
1838
1837
1834
1934
1836
1831
1867
1869
1879
1927
1874
1885
1836
1840
1878
1881
1838
1835
1873
1869
1835
1871
1897
1898
1872
1833
1838
1835
1833
1840
1836
1836
1867
1869
1882
1843
1869
1866
1889
1839
1898
1833
1841
1839
1872
1835
1869
1838
1833
1842
1878
1895
1867
1834
1844
1837
1840
1863
1886
1837
1840
1869
1838
1894
1841
2726
1839
1839
1841
1903
1837
1843
1931
1831
1844
1831
1845
1831
1877
1847
1865
1845
1875
1834
1872
2390
1850
1874
1872
1869
1841
1875
1843
1873
1875
1850
1922
1840
1843
1851
1841
1841
1873
1920
1849
1863
1867
1844
1867
1839
1845
1835
1890
1871
1836
1840
1840
1839
1869
1876
1833
1837
1876
1843
1846
1837
1839
1841
1870
1841
1871
1838
1874
1837
1841
1837
1834
1865
1829
1834
1873
1864
1837
1836
1864
1844
2511
1833
1837
1889
1842
1866
1840
1883
1932
1835
1841
1868
1838
1879
1838
1834
1875
1872
1877
1834
1860
1899
1837
1837
1839
1844
1839
1838
1898
1870
1838
1895
1928
1844
1839
1888
1837
1838
1842
1881
1901
1844
1844
1834
1840
1832
1834
1869
1845
1877
1837
1833
1864
1836
1869
1844
1880
1838
1888
1861
1843
1845
1867
1833
1839
1839
1851
1835
1840
1840
1841
1840
1861
1840
1900
1837
1870
1881
1841
1846
1926
1832
1868
1839
1842
1841
1844
1872
1839
1845
1840
1843
1869
1838
1842
1843
1839
1841
1839
1838
1838
1877
1851
1872
1870
1838
1843
1896
1865
1886
1833
1865
1894
1840
1833
1876
1839
1868
1868
1842
2034
1835
1844
1839
1838
1871
1844
1836
1841
1841
1843
1844
1839
1838
1878
1865
1836
1866
1893
1839
1845
1889
1868
1838
1843
1830
1842
1836
1835
1836
1838
1875
1838
1837
1839
1843
1926
1875
1927
1833
1889
1837
1867
1840
1941
1841
1889
1836
1855
1839
1840
1901
1843
1841
1844
1873
1830
1845
1841
1874
1843
1845
1838
1848
1870
1871
1866
1841
1842
1845
1897
1873
1867
1836
1843
1871
1837
1838
1839
1917
1844
1841
1866
1871
1844
1867
1833
1874
1829
1840
1891
1870
1872
1872
1842
1842
1875
1840
1840
1834
1843
1839
3329
1832
1842
1883
1841
1841
1839
1880
1839
1885
1874
1875
1839
1871
1895
1873
1835
1867
1868
1840
1837
1873
1851
1901
1884
1840
1893
1934
1866
1840
1836
1853
1839
1869
1868
1843
1833
1868
1872
1871
1840
1871
1834
1835
1870
1868
1845
1879
1838
1837
1837
1927
1844
1843
1862
1871
1868
1870
1859
1931
1834
1848
1892
1838
1872
1916
1839
1858
1842
1910
1879
1869
1843
1860
1873
1876
1838
1842
1844
1870
1833
1834
1842
1840
1873
1882
1840
1871
1838
1875
1844
1883
1843
1837
1847
1870
1868
1841
1873
2067
1870
1882
1870
1878
1842
1871
1838
1866
1840
1834
1839
1843
1838
1860
1837
1841
1840
2198
1842
1876
1880
1843
1872
1877
1839
1885
1840
1843
1839
1871
1870
1838
1883
1837
1841
2260
1865
1864
1872
1834
1840
1871
1836
1895
1875
1880
1851
1842
1883
1935
1882
1839
1867
1836
1838
1844
1875
1873
1869
1836
1842
1837
1838
1838
1837
1874
1912
2248
1837
1919
1854
1880
1842
1869
1834
1839
1837
1859
1841
1837
1866
1894
1838
1829
1835
1843
1838
1840
1841
1839
1848
1834
1876
1837
1837
1841
1864
1872
1840
1840
1867
1861
1867
1841
1880
1893
1888
1868
1835
1873
1852
1869
1838
1837
1860
1838
1892
1844
1878
1839
1836
1879
1838
1836
1839
1837
1830
1837
1843
1870
1905
1837
1873
1842
1840
1845
1833
1889
1834
1876
1873
1837
1838
1840
1843
1841
1852
1841
1837
1929
1843
1872
1842
1835
1844
1867
1840
1849
1871
1884
1867
1865
1880
1834
1837
1841
1841
1838
1858
1838
1840
1836
1922
1837
1841
1932
1839
1867
1838
1860
1856
1914
1868
1839
1841
1896
1846
1874
1838
1885
1871
1869
1870
1865
1842
1839
1871
1836
1864
1880
1845
1872
1871
1843
2542
1838
1893
1841
1843
1867
1832
1864
1865
1833
1871
1840
1841
1838
1839
1837
1863
1843
3748
1924
1842
1845
1864
1839
1871
1838
1834
1837
1833
1924
1874
2500
1873
1837
1870
1879
1873
1834
1867
1869
1833
1852
1871
1833
1864
1871
1844
1842
1833
1857
1843
1842
1862
1835
1839
1870
1838
1838
1833
1837
1843
1835
1874
1869
1873
2894
1870
1836
1865
1843
1867
1873
1834
1837
1867
1871
1890
1836
1836
1868
1861
1838
1842
1846
1829
1843
1847
1840
1875
1842
1901
1840
1841
1892
1843
1835
1842
1837
1881
1885
1843
1830
1841
1872
1877
1884
1844
1840
1841
1839
1841
1836
1837
1836
1840
1829
1841
1840
3917
1905
1855
1854
1865
1887
1881
1893
1877
1857
1841
1842
2426
1886
1866
1838
1874
1877
1834
1840
1839
1841
1877
1838
1842
1837
1840
1871
1842
1843
1886
1869
1842
1839
1863
1840
1874
1834
1843
1841
1876
1868
1834
1862
1833
1837
1871
1842
1893
1893
1842
1839
1842
1869
1888
1857
1847
1838
1834
1843
1840
1926
1833
1835
1895
1872
1869
1837
1899
1876
1845
1839
1870
1836
1874
1838
1873
1873
1877
1873
1830
1838
1890
1839
1834
1834
1836
1843
1849
1834
1842
1840
1872
1867
1843
1835
1838
1837
1839
1859
1868
1839
1868
1840
1866
1890
1872
1872
1842
1841
2175
1866
1842
1841
1869
1864
1848
1842
1837
1839
1837
1881
1840
1872
1840
1835
1838
1869
1875
1839
1875
1889
1872
1839
1877
1869
1843
1831
1840
1871
1841
1868
1840
2407
1839
1880
1865
1841
1877
1876
1843
1900
1874
1867
1869
1841
1840
1875
1906
1841
1861
1893
1877
1843
1839
1839
1863
1843
1869
1840
1842
1839
1868
1865
1872
1841
1837
1871
1845
1843
1841
1841
1837
1843
1888
1847
3038
1836
1870
1832
1864
1835
1832
1866
1864
1838
1853
1867
1842
1875
1842
1846
1871
1839
1838
1840
1836
1869
1866
1874
2513
1868
1839
1833
1872
1837
1843
1936
1841
1840
1843
1846
1839
1844
1862
1833
1889
1833
1837
1839
1885
1829
1838
1841
1878
1860
1872
1871
1833
1841
1839
1840
1837
1880
1844
1877
1833
1868
1842
1882
1839
1917
1861
1840
1876
1843
1839
1873
1877
1904
1880
1838
1839
1845
1864
1842
1842
1852
1834
1899
1832
1845
1841
1857
1834
1890
1861
1868
1845
1873
1838
1839
1847
1862
1868
1857
1848
1835
1840
1843
1873
1845
1833
1843
1906
1918
1911
1903
1868
1890
1840
1836
1835
1843
1833
1866
1841
1840
1874
1835
1872
1837
1882
1841
1869
1838
1869
1842
1902
1881
1840
1835
1844
1838
1872
1829
1842
1954
1839
1874
1920
1839
1841
1836
1860
1840
3540
1840
1870
1837
1872
1840
1839
1840
1836
2508
1871
1838
1893
1873
1861
1840
1865
1862
1873
1833
1887
1835
1842
1841
1835
1865
1838
1871
1870
1831
1882
1836
1876
1866
1839
1864
1881
1877
1832
1839
1876
1841
1835
1838
2108
1886
1842
1840
1894
1873
1839
1840
1838
1841
1837
1842
1889
1836
1878
1914
1844
1845
1833
1858
1840
1846
1870
1863
1870
1864
1842
1870
1837
1841
1836
1837
1842
1841
1836
1868
1837
1836
1868
1837
1873
1867
1869
1841
1871
1838
1871
1840
1876
1837
1842
1869
1845
1871
1838
1865
1844
1838
1863
1839
1838
1844
1848
1834
1905
1844
1861
1875
1923
2227
1833
1835
1846
1894
1843
1840
1877
1842
1865
1879
1891
1890
1835
3533
1840
1837
1835
1865
1834
1833
1836
1872
1838
1842
1864
1835
1867
1865
1866
1842
1844
1861
1836
1891
1843
1839
1888
1918
1841
1914
1837
1839
1841
1836
1838
1847
1840
1863
1872
1839
1866
1892
1838
1844
1841
1834
1851
1837
1874
1839
1839
1874
1899
1845
1877
1837
1900
1861
1843
1843
1848
1870
1840
1869
1868
1841
1841
1836
1863
1838
1880
1837
1839
1876
1877
1872
1836
1838
1888
1878
1864
1869
1836
1835
1840
1872
1843
1839
1841
1854
1841
2741
1874
1871
1837
1875
2093
1836
1840
1874
1863
1870
1835
1840
1836
2218
1869
1831
1869
1838
2077
1871
1836
1892
1838
1840
1863
1838
1840
1900
1841
1842
1872
1874
1846
1893
1838
1838
1837
1845
1922
1840
1830
1836
1864
1941
1843
1843
1838
1840
1880
1839
1843
1840
1836
1838
1872
1886
1838
1871
1868
1922
1918
1839
1873
1871
1872
1838
1840
1834
1830
1834
1877
1912
1841
1877
1841
1835
1842
1846
1874
1870
1842
1835
1842
1840
1839
1840
1867
1841
1922
1843
1859
1876
1870
1836
1840
1840
1836
1917
2002
1867
1865
1893
1845
1835
1842
1870
1875
1864
1836
1868
1842
1843
1874
1837
1864
1893
1843
1860
1863
1902
1842
1840
1838
1838
1869
1836
1837
1870
1869
1834
1836
1840
1936
1836
1840
1840
1846
1850
1866
1891
1886
1867
1841
1922
1840
1865
1840
1837
1836
1887
1870
1843
1839
1836
1834
1875
1836
1844
1864
1876
1866
1833
1867
1836
1876
1867
1835
1840
1876
1830
1844
1867
1845
1869
1840
1839
1841
1838
1926
2556
1912
1839
1845
1867
1843
1868
1837
1872
2543
1869
2097
1843
1869
1840
1872
1839
1868
1874
1841
1839
1837
1842
1863
1871
1873
1875
1845
1841
1866
1870
1842
1842
1875
1860
1871
1863
1873
1868
1843
1838
1833
1846
1833
1874
1842
1838
1844
1861
1866
1835
1871
1850
1881
1869
1932
1892
1870
2101
2132
1870
1833
1835
1834
1840
1844
1844
1869
1946
1840
1834
1868
1842
2174
1837
1866
1841
1869
1896
1872
1844
1838
1840
1842
1883
1881
1837
1908
1838
1867
1842
1873
1841
1837
1871
1840
1844
1836
1839
1838
1866
1860
1838
1837
1838
1849
1843
1860
1838
1865
1845
1840
1837
1843
1837
1835
1829
1831
1868
1830
1839
1840
1876
1837
1876
1888
1841
1863
1868
1834
1870
1838
1837
1873
1842
1879
1839
1843
1842
1877
1871
1841
1840
1871
2389
1840
1841
1854
1846
1875
1902
1867
1842
1873
1842
1888
1839
1869
1838
1867
1834
1867
1889
1841
2178
1874
1833
1836
1838
1840
1843
1920
1877
1834
1842
1837
1882
1875
1840
1840
1866
1839
1840
1882
1842
1872
1838
2350
1850
1842
1840
1836
1889
1876
1867
1839
1843
1871
1845
1845
1870
1875
1875
1865
1840
1836
1854
1917
2219
1837
1874
1843
1844
1842
1839
1872
1844
1837
1834
1837
1837
1848
1841
1872
1838
1835
1840
1862
1838
1865
1868
1871
1835
1837
1840
1840
1843
1865
1840
1915
1879
1838
1845
1847
1835
1839
1844
1833
1885
1869
1915
1873
1880
1838
1919
1838
1834
1871
1870
1866
1888
1847
1881
1870
1843
1837
1879
1875
1839
2413
1841
1871
1846
1837
1839
1836
1839
1910
1835
1879
1884
1840
1871
1837
1840
1833
1864
1843
1833
1840
1842
1833
1837
1837
1902
1843
1864
1836
1844
1845
1835
1833
1839
1833
1839
1844
1880
1841
1836
1840
1836
1871
1869
1842
1833
1865
1917
1843
1871
1838
1841
1836
1867
1837
1839
1844
1836
1892
1872
1875
1841
1852
1868
1840
1838
1833
1833
1874
1878
1868
1838
1865
1873
1868
1865
1895
1831
1843
1887
1867
1844
1841
1900
1879
1890
1906
1869
1842
1842
1839
1840
1836
1835
1875
1872
1840
1837
1837
1841
1871
1838
1846
1841
1869
1844
1836
1836
1868
1840
1839
1871
1845
1865
1841
1872
1839
1837
1845
1837
1879
1872
1834
1862
1870
1874
1837
1842
1878
1843
1836
1834
1875
1867
1933
1865
1840
1864
1833
1838
1869
1839
1844
1836
1875
1838
1886
1879
1843
1845
1874
1872
1840
1841
1833
1846
1840
1837
1997
1837
1865
1867
1866
2254
1870
1898
1877
1866
1869
1838
1873
1840
1841
1844
1842
1842
1839
1839
1906
1873
1837
1870
1884
1844
1842
1847
1842
1883
1833
1844
1863
1843
1841
1837
1884
1844
2109
1863
1842
1845
1843
1870
1866
1845
1830
1838
1840
1898
1868
2583
1839
1837
1834
1838
1870
1901
1844
1869
1838
1878
1868
1837
1868
1833
1840
1868
1836
1842
1875
1845
1835
1839
1870
1840
1878
1873
1876
1888
1839
1838
1843
1874
1834
1867
1876
1844
1872
1838
1895
1871
1873
1838
1836
1867
1839
1845
1834
1843
1842
1836
1835
1907
1840
1871
1836
1839
1841
1872
1837
1835
1872
1834
1839
1844
1886
1840
1898
1843
1843
1837
1872
1838
1877
1877
1838
1845
1839
1868
1838
1869
1868
1842
1925
1840
1841
1870
1877
1835
1866
1839
1855
1915
1886
1838
1869
1838
1907
1881
1837
1840
1866
1933
1830
1836
1881
1837
1843
1869
1843
1840
1876
1839
1838
1872
1838
1837
1837
1845
1911
1867
1843
1840
1869
1837
1833
1941
1873
1842
1836
1846
1883
1843
1834
1888
1870
1863
1896
1838
1871
1919
1872
1835
1842
1864
1868
1865
1840
1839
1868
1874
1868
1878
1833
1839
1860
1837
1869
1877
1861
1868
1872
1864
1873
1840
1874
1877
1872
1935
1838
1840
1836
1840
1844
1837
1841
1872
1830
1833
1828
1845
1833
1913
1834
1845
1837
1863
1838
1853
1843
1842
1867
1838
1866
1871
1873
1863
1838
1877
1837
1833
1868
1839
1838
1844
1873
1839
1867
1882
1834
1833
1888
1833
1868
1839
1835
1871
1840
1840
1867
1874
1875
1834
1840
1870
1842
1838
1845
1879
1878
1834
1840
1845
1842
1839
1836
1872
1871
1861
1830
1839
1842
1835
1873
1866
1839
1868
1868
1866
1837
1843
1873
1872
1842
1845
1840
1845
1833
1840
1841
1841
1832
1843
1837
1862
1873
1878
1876
1870
1836
1871
1865
1844
1840
1841
1867
1848
1872
1847
1874
1840
1843
1863
1842
1881
1838
1838
1837
1867
1841
1835
1842
1893
1865
1868
1842
1845
1840
1871
1837
1840
1887
1871
1840
1837
1866
3234
1843
1840
1836
1838
1842
1837
1838
1840
1841
1834
1869
1839
1843
1837
1836
1839
1868
1843
1881
1870
1852
1839
1868
1837
1866
1869
1839
1837
1869
1872
1874
1836
1864
1835
1844
1842
1835
1885
1878
1871
1857
1841
1883
1836
1843
1835
1839
1842
1838
1844
1868
1863
1834
1868
1837
1871
1842
1837
1837
1862
1872
1832
1840
1838
1876
1870
1843
1830
1844
1874
1874
1839
1837
1837
1833
1902
1873
1840
1842
1841
1839
1840
1834
1941
1841
1841
1836
1837
1837
1867
1840
1837
1877
1850
1864
1868
1871
1838
1876
1871
1843
1841
1835
1874
1871
1839
1871
1903
1864
1838
2129
1869
1840
1839
1840
1836
1863
1841
1838
1842
1839
1833
1837
1840
1838
1839
1839
1840
1842
1846
1872
1866
1837
1840
1832
1860
1841
1839
1839
1839
1864
1837
1841
1887
1900
1949
1842
1893
1840
1843
1836
1846
1855
1838
1843
1837
1867
1841
1833
1848
1876
1841
1844
1843
1915
1874
1842
1838
1869
1840
1930
1844
1847
1840
1851
1838
1871
1881
1837
1829
1908
1862
1837
1865
1842
1835
1836
1868
1833
1879
1871
1889
1850
1865
1835
1834
1843
1901
1843
1853
1839
1864
2051
1841
1881
1843
1840
1843
1865
1841
1839
1844
1844
1873
1833
1842
1841
1842
1873
1837
1839
1843
1873
1865
1844
1868
1838
1876
1839
1875
1875
1838
1868
1841
1837
1844
1865
1844
1866
1840
1902
1870
1840
1871
1838
1831
1866
2111
1839
1844
1877
1832
1840
1841
1875
1852
1838
1875
1866
1843
1872
1868
1867
1866
1873
1838
1835
1838
1843
1834
1844
1870
1873
1839
1877
1866
1840
1837
1837
1843
1838
1836
1834
1847
1875
1841
1836
1841
1840
1871
1845
1843
1837
1844
1849
1843
1868
1844
1838
1833
1837
1857
1840
1876
1868
1843
1865
1872
1884
1839
2114
1830
1844
1837
1842
1838
1840
1845
1871
1873
1841
1879
1881
1868
1876
1838
1891
1901
1844
2032
1870
1840
1837
1844
1841
1847
1841
1833
1838
1847
1841
1889
1864
1856
1861
1841
1843
1832
1868
1838
1839
1888
1924
1842
1837
1838
1872
1840
1865
1839
1837
1881
1862
1871
1841
1836
1834
1837
1839
1866
1834
1840
1869
1861
1840
1865
1842
1838
1839
1837
1846
1842
1853
1840
1843
1845
1863
1837
1842
1837
1859
1850
1892
1905
1844
1849
2030
1892
1890
1839
1891
2314
1877
1844
1840
1841
1838
1852
1843
1834
1837
1873
1871
1870
1862
1956
1836
1851
1839
1870
1833
1833
1842
1845
1843
1878
1837
1842
1894
1943
1839
1841
1872
1873
1873
1838
1866
1841
1859
1923
1839
1862
1838
1839
1833
1872
1837
1872
2253
1837
1902
1902
1856
1837
1862
1839
1885
1836
1899
1841
1839
1845
1833
1873
1844
1839
1838
2692
1874
1834
1830
1834
1840
1868
1869
1838
1858
1843
1838
1846
1870
1898
1838
1844
1836
1840
1841
1834
1843
1869
1842
1839
1875
1845
1869
3268
1832
1879
1870
1839
1866
1867
1841
1838
1841
1831
1839
1834
1864
1838
1841
1837
1875
1866
1834
2237
1838
1897
1848
1868
1836
1844
1873
1836
1843
1871
1844
1897
1837
1868
1864
1872
1843
1872
1912
1839
1872
1859
1870
1861
1925
1882
1896
1841
1837
1835
1851
1837
1842
1869
1839
1835
1870
1869
1839
2451
1849
1839
1834
1848
1874
1871
1838
1839
1836
1842
1839
1865
1873
1838
1867
1832
1834
1842
1835
1871
1838
1837
1913
1870
1837
1870
1835
1839
1835
1837
1872
1839
1842
1870
1833
1898
1836
1843
1858
1842
1837
1840
1923
1926
1839
1845
1841
1869
1837
1871
1834
1861
1843
1841
1837
1869
1834
1844
1894
1887
1874
1834
1846
1881
1833
1867
1863
1863
1843
1841
1836
1836
1838
1882
1843
1842
1871
1838
1870
1853
1838
1843
1864
1841
1873
1839
1837
1841
1874
1841
1869
1833
1887
1867
1886
1869
1834
1843
1839
1844
1839
1870
1844
1846
1862
1837
1843
1842
1844
1855
1829
1838
1865
1874
1871
1980
3086
1930
1838
1836
1881
1871
1836
1837
1877
1837
1871
1835
1838
2606
1839
1895
1871
1866
1874
1843
1868
1850
1871
1867
1879
1843
1872
1874
1870
1844
1868
1835
1891
1835
1877
1839
1840
1857
1836
1896
1887
1869
1840
1836
1836
1834
1840
1839
1865
1872
1864
1837
1962
1837
1844
1843
1872
1834
1846
1871
1850
1837
1838
1841
1840
1836
1830
2037
2193
1834
1842
1857
1868
1890
1837
1851
1837
1873
1842
1841
1865
1848
1842
1841
1838
1841
1840
1875
1872
1835
1872
1873
1842
1831
1873
1885
1841
1836
1868
1836
1837
1942
1866
1872
1875
1834
1837
1872
1870
1837
2526
1835
1861
1860
1835
1883
1872
1862
1839
1838
1836
1837
1841
1879
1868
1871
1872
1871
1841
1836
1872
1843
1865
1841
1871
1871
1840
1843
1840
1838
1841
1875
2173
1840
1838
1833
1876
1868
1833
1839
1843
1870
1892
1874
1851
1833
1869
1840
1867
1840
1838
1868
1838
1841
1870
1880
1840
1839
1881
1843
1969
1840
1868
1840
1893
1866
1841
2143
1869
1845
1867
1876
1886
1840
1840
1865
1833
1839
1871
1841
1833
1837
1877
1872
1870
1876
1869
1888
1872
1838
1838
1832
1931
1868
1843
1874
1845
1876
1834
1868
1888
1843
1839
1841
1836
1842
1842
1837
1845
1874
1892
1839
1838
1831
1870
1866
1847
1837
1838
1839
1881
1839
1834
1833
1829
1841
1840
1844
1839
1916
1840
1840
1842
1844
1833
1872
1838
1835
1835
1840
1833
1842
1873
1834
1842
2493
1859
1837
1843
1835
1897
1839
1843
1841
1838
1841
1840
1874
1875
1872
1871
1880
2265
1877
1843
1865
1837
1843
1840
1869
1929
1838
1879
1865
1870
1904
1833
1836
1854
1875
1870
1838
1836
1880
1870
1847
1873
1837
1844
1884
1867
1840
1873
1838
1841
1842
2279
1872
1838
1871
1871
1889
1846
1875
1838
1831
1839
1844
1835
1838
1869
1875
1898
1846
1912
1896
1869
1868
1840
1871
1843
1870
1830
1846
1829
1839
1841
1842
1840
1840
1868
1874
1840
1870
1845
1842
1867
1881
1855
1838
1844
1840
1835
1864
1837
1835
1871
1843
1903
1884
1873
1840
1843
1862
1873
1841
1843
1840
1874
1834
1871
1872
1880
1839
1866
1842
1833
1838
1872
1874
1871
1871
1844
1839
1836
1847
1868
1841
1865
1841
1872
1860
1855
1840
1840
1844
1867
1838
1871
2414
1876
1835
2024
1869
1853
1838
1839
1839
1865
1842
1891
1830
1855
1865
1837
1844
1888
1869
1873
1834
1837
1834
1842
1840
1844
1840
1844
1840
1841
1837
1844
1884
1872
1849
1839
1840
1870
1839
1854
1837
1884
1838
1839
1874
1838
1844
1867
1874
1843
1838
1837
1873
1840
1834
1830
1836
1839
1840
1879
1865
1840
1833
1842
1871
1848
1859
1838
1835
1851
1852
1837
1843
1869
1835
1842
1898
1870
1840
1843
1835
1843
1833
1844
1843
1870
1871
1886
1841
1843
1844
1873
1873
1866
1839
1834
1868
1841
1836
1865
1868
1837
1871
1880
1870
1874
1834
1864
1839
1838
1836
1838
1839
1876
1837
1840
1833
1889
1844
1843
1924
1873
1917
1867
1833
1844
1864
1882
1839
1863
1836
1867
1838
3158
1845
1838
1842
1842
1873
1835
1860
1835
1871
1842
1876
1841
1835
1882
1841
1892
1833
1836
1866
1891
1841
1840
1859
1869
1838
1839
1867
1869
1836
1875
1841
1834
1861
1863
1876
1841
1841
1837
1843
1870
1837
1974
1841
1839
1839
1845
1879
1850
1911
1873
1874
1841
1871
1840
1877
1836
1841
1844
1843
2456
1836
1921
1840
1842
1842
1838
1839
1872
1842
1839
1838
1880
1843
1843
1897
1833
1830
1835
1837
1872
1844
1898
1837
1837
1834
1870
1870
1845
1883
1839
1838
1876
1841
1841
1841
1905
1912
1876
1881
1835
1838
1881
1883
1843
1833
1914
1866
1842
1839
1871
1870
1838
1915
1839
1840
1892
1842
1840
1870
1867
1868
1844
1838
1863
1834
1840
1866
1841
1877
1866
1842
1881
1844
1839
1841
1896
1840
1837
1837
1879
1841
1868
1837
1841
1839
1836
1833
1839
1870
1840
1833
1838
1836
1897
2361
1833
1844
1885
1836
1889
1867
1860
1873
1836
1865
1869
1870
2255
1842
1852
1838
1844
1841
1936
1842
1843
1869
1841
1835
1910
1874
1841
1836
1829
1866
1843
1869
1876
1864
3483
1841
1836
1922
1842
1879
1873
1839
1840
1866
1840
1872
1842
1843
1843
1840
1871
1835
1871
1876
1832
1841
1873
1866
1872
1842
1873
1840
1839
1836
1875
1841
1884
1835
1846
1838
1925
1836
1841
1839
1838
1836
1846
1873
1869
1845
1920
1868
1860
1867
1866
1837
1844
1845
1863
1885
1841
1844
1840
1847
1877
1843
1866
1845
1837
1927
1882
1888
1870
1842
1837
1841
1873
1841
1838
1840
1840
1868
1835
1840
1927
2046
1868
1835
1838
1841
1839
1930
1873
1840
1841
1839
1838
1840
1871
1836
1841
1833
1866
1839
1839
1877
2423
1842
1835
1872
1873
1872
1907
1909
1913
1838
1836
1835
1839
1841
1839
1883
1839
1835
1838
1829
1873
1840
1840
1841
1838
1868
1873
1835
1837
1869
1868
1842
1837
1841
1837
1870
1886
1837
1844
1876
1884
1840
1866
1841
1873
1836
1839
1829
1928
1840
1839
1834
1844
1895
1837
1834
1844
1874
1874
1840
1834
1871
1839
1837
1875
1841
1844
1845
1840
1838
1839
1839
1847
1835
1834
1964
1837
1873
1839
1842
1876
1835
2824
1870
1840
1841
1841
1872
1838
1862
1918
1842
1858
1873
1873
1834
1840
1874
1833
1892
1861
1872
1839
1844
1866
1839
1836
1842
1843
1869
1843
1843
1906
1838
1838
1840
1839
1840
1849
1840
1872
1839
1847
1833
1839
1843
1842
1861
1832
1844
1875
1836
1841
1902
1843
1874
1835
1837
1839
1867
1867
1848
1844
1840
1838
1844
1839
1873
1867
1840
1841
1841
1836
1839
1834
1870
1840
1841
1836
1837
1881
1866
1843
1867
1836
1836
1837
1864
1941
1895
1840
1842
1834
1841
1835
1878
1839
1849
1868
1835
1838
1870
1839
1853
1869
1870
1842
1902
1840
1838
1842
1846
1844
1842
1844
1841
1845
1835
1833
1866
1870
1844
1834
1832
1841
1876
1838
1833
1873
1871
1871
1875
1841
1842
1859
1838
1842
1867
1870
1885
1874
1844
1839
1841
1873
1840
1841
1840
1896
1871
1913
1844
1850
1841
1835
1843
1871
1867
1860
1839
1837
1837
1873
1838
1872
2388
1841
1838
1875
1841
1863
1840
1839
1846
1838
1877
1880
1877
1874
1860
1860
1843
1839
1834
1839
1832
1834
1839
1835
1875
1833
1869
1895
1871
1856
1868
1923
1837
1845
1836
1871
1835
1890
1835
1866
1880
1840
1833
1832
1868
1851
1871
1874
1873
1841
1889
1839
1847
1839
1840
1837
1832
1848
1865
1869
1842
1843
1865
1861
1867
1835
1867
1836
1833
1842
1838
1840
1837
1842
1874
1840
1834
1874
1835
1843
1872
1892
1873
1835
1839
1842
1869
1864
1870
1843
1857
1862
1887
1842
1843
1867
1856
1863
1867
1864
1834
1847
1920
1866
1839
1831
1849
1840
1843
1839
1873
1899
1841
1839
1838
1843
1836
1870
1929
1839
1881
1833
1866
1842
1870
1844
1867
1834
1841
1842
1865
1839
1867
1843
1844
1834
1836
1829
1841
1837
1836
1873
1840
1836
1840
1865
1849
1841
1834
1872
1874
1837
1875
1832
1843
1863
1840
1843
1865
1866
1842
1834
1864
1841
1873
1891
1839
1842
1871
1839
1869
1875
1844
1867
1841
1831
1860
1868
1841
1869
1906
1861
1874
1870
1845
1872
1872
1902
1838
1840
1840
1841
1843
1834
1838
1868
1838
1837
1836
1867
1841
1835
1834
1840
1918
1891
1839
1847
1835
1841
1841
1844
1893
1837
1868
1886
1886
1865
1867
1900
1898
1844
2052
1869
1847
1840
1839
1845
1873
1836
1841
1843
1839
1840
1835
1837
1837
1842
1838
1840
1843
1833
1838
1838
1841
1838
1865
1860
1830
1838
1838
1837
1918
1872
1837
1872
1844
1833
1866
1874
1843
1839
1849
1889
1840
1867
1838
1840
1867
1840
1840
1842
1869
1840
1830
1842
1839
1837
1920
1844
1877
1870
2063
1838
1846
1883
1866
1876
1838
1837
1833
1879
1843
1869
1874
1844
1932
1836
1870
1872
1871
1836
1868
1835
1959
1839
1839
1839
1934
1844
1834
1841
1879
1855
1884
1874
1844
1880
1880
1880
1864
1871
1840
1873
1833
1872
1836
1838
1843
1840
1836
1867
1866
1876
1833
1869
1858
1842
1849
1843
1864
1829
1846
1867
1838
1864
1894
1870
1845
1840
1838
1840
1900
1846
1867
1837
1834
1868
1836
1837
1867
1893
1864
1832
1840
1884
1837
1839
1880
2368
1833
1830
1831
2362
1844
1842
1834
1919
1870
1838
1876
1847
1841
1871
1867
1882
1875
1861
1836
1837
1838
1832
1874
1833
1862
1870
1864
1882
2189
1887
1876
1836
1851
1861
1843
1836
1835
1836
1834
1840
1882
1841
1868
1844
1843
1882
1845
1873
1841
1873
1838
1868
1839
1888
1837
1872
1915
1841
1867
1839
1836
1840
1841
1835
1877
1843
1849
1873
1842
1839
1870
1832
1865
1833
1869
1876
1834
1865
1841
1873
1843
1845
1837
1872
1873
1869
1872
1968
1841
1873
1894
1889
1838
1839
1841
1859
1842
1837
1869
1873
1845
1866
1867
1838
1881
1839
1839
1844
1846
1947
1870
1842
1840
1871
1833
1867
1840
1870
1842
1837
1879
1840
1845
1874
1878
1837
1923
1867
1840
1840
1838
1838
1840
1836
1930
1889
1839
1872
1871
1898
1868
1867
1876
1840
1867
1876
1907
1844
1876
1842
1838
1839
1840
1836
1872
1836
1874
1844
1870
1859
1858
1834
1846
1842
1917
1836
1867
1840
1844
1839
1835
1869
1840
1839
1872
1893
1867
1873
1833
1844
1874
1877
1837
1841
1875
1842
1869
1836
1869
1839
1834
1833
1843
1830
1855
1843
1838
1839
1841
1839
1835
1873
1829
1846
1842
1879
1882
1833
1862
1833
1842
1868
1839
1842
1875
1835
1844
1873
1841
1846
1866
1870
1838
1834
1842
1837
1833
1835
1836
1840
1840
1869
1842
1873
1839
1876
1851
1836
1839
1838
1837
2492
1838
1839
1836
1840
1845
1873
1839
1838
1836
1832
1841
1884
1877
1868
1833
1838
1835
1889
1871
1841
1901
1846
1838
1877
1836
1839
1839
1863
1884
1867
1843
1843
1846
1834
1843
1844
1889
1863
1843
1864
1841
1837
1832
1885
1842
1837
1837
1932
1844
1882
1880
1839
1844
1836
1847
1837
1841
1831
1841
1839
1870
1884
1870
1889
1843
1834
1839
1843
1879
1834
1869
1838
1876
1857
1838
1910
1873
1840
1837
1845
1876
1852
1849
1838
1865
1844
1861
1835
1839
1843
1866
1840
1877
1837
1870
1831
1843
1844
1844
1835
1872
1872
1841
1840
1935
1847
1836
1830
1838
1874
1877
1839
1834
1837
1879
1840
1866
