714
725
737
704
714
719
703
732
714
787
707
734
727
716
715
707
715
713
749
1685
722
713
721
724
707
707
726
705
720
719
756
719
717
722
718
716
951
719
713
722
1106
719
769
927
728
720
722
719
708
703
715
703
718
727
720
708
711
704
707
703
713
722
718
704
737
720
716
720
709
708
723
786
717
719
1691
706
723
785
713
720
720
710
719
714
704
705
770
773
707
736
711
1419
723
1604
709
719
717
723
814
717
718
717
703
713
721
713
708
705
731
719
719
714
716
1373
716
758
793
717
707
723
737
738
710
702
711
704
733
736
715
717
765
706
705
722
721
707
728
721
760
721
714
704
707
758
726
719
720
715
722
719
717
724
716
716
717
706
786
704
717
704
717
721
704
895
719
704
724
705
713
720
717
727
732
713
727
718
716
716
719
711
719
788
717
722
718
713
721
771
713
724
715
717
708
765
729
722
732
707
707
714
729
724
725
720
704
707
715
705
704
703
716
719
706
707
713
704
718
774
715
725
709
773
705
777
718
723
757
716
714
761
725
716
718
876
1107
719
716
719
782
707
724
723
710
775
704
704
738
802
710
782
706
763
718
718
754
733
718
723
716
735
715
770
722
714
718
732
720
727
720
720
773
712
722
735
717
720
785
718
717
726
705
719
703
716
705
725
772
722
704
703
719
718
703
721
1546
719
780
717
709
707
712
722
713
720
722
720
718
708
718
723
743
703
779
714
716
718
718
720
713
717
710
712
722
730
720
703
719
703
704
720
755
724
722
714
726
719
713
718
705
715
719
721
716
724
733
715
704
777
720
718
714
793
720
704
721
708
721
704
718
775
713
717
718
703
708
720
705
718
717
704
728
714
708
720
774
715
719
721
718
718
703
719
716
774
719
783
718
717
722
705
717
703
769
709
714
772
707
708
721
722
717
707
704
720
716
717
717
759
717
731
996
714
703
719
719
723
717
741
713
715
718
718
702
727
730
713
722
723
727
721
708
705
704
722
721
768
719
704
712
769
706
776
707
773
713
723
707
794
703
770
720
716
718
719
715
718
703
715
712
718
723
708
715
704
715
717
718
703
716
707
721
785
703
772
722
722
717
707
724
703
779
746
718
762
756
768
725
720
715
721
718
776
718
713
947
720
724
763
714
728
724
716
721
771
720
715
704
720
721
724
763
709
718
716
722
1721
761
715
717
716
703
761
708
722
704
760
720
1376
793
713
720
794
718
720
707
703
761
721
722
708
707
1196
717
708
703
720
719
716
703
720
722
708
723
704
703
704
714
718
717
704
714
723
713
717
734
704
713
719
703
704
721
704
713
716
718
712
719
707
704
719
717
773
703
719
714
722
715
721
772
704
774
718
706
777
719
720
724
721
723
714
703
720
726
716
720
717
703
703
705
724
704
717
722
718
716
718
722
739
775
724
707
761
720
727
721
716
703
718
761
702
728
718
714
713
772
708
730
723
721
721
704
704
780
721
713
729
718
722
719
723
721
717
731
772
764
711
704
703
718
716
727
718
1096
712
763
716
719
706
720
713
722
777
760
798
779
709
718
704
767
718
723
762
772
738
723
729
724
722
708
718
712
711
718
706
765
762
733
716
711
704
705
946
703
774
719
716
704
703
718
718
722
704
750
703
703
738
718
724
708
703
707
712
703
717
767
720
703
786
746
704
717
717
741
720
718
705
774
714
718
725
722
726
721
704
704
720
708
719
720
719
731
725
717
706
704
773
715
772
713
718
707
707
721
704
723
718
722
768
719
725
707
708
714
714
708
717
730
717
718
704
704
714
718
703
723
830
714
704
715
704
723
713
755
795
717
717
719
722
707
716
714
714
720
767
718
716
706
716
705
718
711
725
713
719
703
767
768
718
721
707
704
715
707
740
719
720
708
776
731
722
707
758
707
723
776
717
718
741
717
770
707
766
720
718
716
720
723
722
712
814
758
1803
704
723
775
720
1805
717
709
719
706
721
707
715
781
721
715
720
715
721
718
724
718
722
1045
722
779
716
773
703
703
761
717
707
704
703
718
718
707
703
721
704
770
704
712
716
713
761
723
713
714
722
704
707
717
718
703
702
719
721
713
702
723
718
712
722
719
714
716
722
728
727
719
714
717
704
718
706
838
722
703
722
736
707
719
717
728
719
723
713
711
718
772
713
719
714
734
707
716
741
702
718
764
766
708
723
722
715
712
715
704
718
734
724
718
719
1414
717
730
712
708
724
715
707
713
721
715
707
718
721
716
707
700
737
706
707
720
715
715
716
729
717
707
702
723
720
717
717
824
720
723
736
707
730
719
703
726
703
722
704
715
711
719
726
718
725
710
709
771
714
703
703
725
720
713
713
730
722
772
720
765
718
721
730
730
714
717
708
721
722
720
722
706
798
716
717
703
707
718
707
703
714
727
721
716
704
774
721
706
706
720
703
708
703
704
722
728
704
703
716
723
720
722
764
704
708
703
715
723
719
720
718
723
722
708
705
771
718
722
703
896
718
704
718
719
720
721
719
720
721
771
718
707
719
719
706
778
770
707
785
715
731
717
702
714
723
714
713
719
718
703
716
714
720
712
721
716
728
790
771
715
708
719
722
716
725
704
724
715
704
705
721
718
731
707
715
714
768
761
719
704
720
723
704
718
716
711
716
719
719
708
765
704
723
703
708
722
703
705
724
719
717
708
722
714
719
707
707
716
718
707
722
703
721
708
704
704
717
711
717
712
708
717
717
703
706
704
704
774
703
723
715
717
767
774
704
706
1602
732
716
871
721
724
717
704
717
704
720
723
722
756
721
703
723
720
704
758
765
790
2372
716
717
779
725
722
721
703
771
718
722
708
796
721
721
721
715
1213
707
761
721
721
703
766
712
703
739
712
760
717
707
715
718
717
724
722
720
722
717
705
721
733
712
1122
772
707
721
717
708
717
716
711
709
721
784
717
715
1044
712
718
703
768
716
708
719
704
719
718
712
718
718
725
705
715
719
704
703
717
775
701
718
722
717
721
704
718
1415
707
717
720
716
714
704
722
720
716
712
1251
821
1046
718
704
707
709
720
722
704
773
713
708
772
711
725
714
716
705
721
718
763
703
717
714
707
798
716
717
714
715
727
718
720
703
718
721
699
709
704
716
721
704
718
716
716
714
726
718
704
1739
703
717
703
718
718
717
719
715
724
731
719
704
722
717
721
724
722
718
704
770
703
720
712
801
714
717
716
772
770
1367
718
705
759
716
721
703
726
761
715
771
722
719
722
771
797
721
722
718
767
767
764
714
765
778
707
735
716
721
770
764
707
708
777
718
718
703
723
720
764
729
726
707
772
777
758
708
719
722
721
714
714
722
713
707
706
721
722
1175
717
708
718
713
704
719
718
704
734
711
718
713
1089
723
717
790
722
709
720
751
722
721
715
721
722
769
719
1165
707
716
717
729
781
704
718
704
775
776
724
718
714
704
718
766
717
722
716
725
715
718
722
708
720
707
718
720
703
708
790
707
790
712
719
715
781
718
720
721
777
788
718
715
728
718
720
712
707
757
703
774
717
760
703
731
762
707
730
707
718
704
703
721
727
724
708
845
716
704
715
703
724
704
720
713
717
721
886
704
718
707
771
771
778
707
703
704
713
711
722
754
719
715
776
723
717
714
723
703
775
717
721
707
768
705
721
708
703
708
771
717
721
704
701
703
709
769
711
732
722
714
769
723
717
777
703
717
704
716
723
719
706
716
703
718
712
789
919
719
703
738
712
765
718
739
728
836
773
723
732
726
714
721
707
723
748
714
718
727
726
703
718
718
705
717
763
718
714
713
704
703
722
707
775
775
720
712
756
717
1373
781
717
707
703
715
716
722
704
712
715
716
707
707
703
703
713
704
719
722
708
703
713
755
718
707
718
754
721
721
705
705
720
1738
711
708
716
704
704
2057
719
721
717
715
722
704
761
724
766
704
729
704
719
703
713
720
720
707
790
722
712
704
719
704
718
720
712
707
722
704
707
716
883
723
718
704
719
718
721
715
1870
714
708
721
703
718
707
1200
712
707
719
704
718
715
750
713
722
736
703
721
722
724
721
707
705
704
703
718
736
771
720
718
722
728
703
723
714
708
725
703
723
718
721
718
718
718
715
707
774
790
718
716
727
717
704
764
722
703
719
731
705
723
704
703
720
707
721
707
766
770
712
714
724
719
704
703
705
791
789
703
704
703
1671
776
717
760
722
718
707
768
722
1398
714
722
718
703
720
717
712
705
703
727
717
715
721
734
774
703
704
777
717
764
768
704
712
723
720
707
715
722
704
706
718
720
717
708
721
729
727
767
772
703
771
722
717
722
713
719
708
777
738
703
716
721
707
727
721
777
708
765
719
704
721
704
718
703
779
717
737
737
703
719
718
783
712
723
726
718
713
725
716
718
711
773
766
705
704
715
712
715
720
722
712
720
765
777
716
772
720
738
717
725
740
713
747
715
718
707
722
707
703
719
721
714
718
722
778
718
712
704
703
718
717
715
764
765
714
902
717
728
703
720
721
706
718
719
704
717
717
719
715
712
720
722
720
727
716
704
704
728
704
722
775
715
707
730
718
721
722
717
723
777
731
719
724
718
753
768
711
718
718
723
720
755
767
726
716
718
711
721
717
714
768
717
723
1194
714
702
759
703
703
794
704
713
718
763
721
817
708
703
774
717
703
760
704
764
714
703
720
722
713
721
707
735
714
723
708
730
703
714
704
703
715
713
704
704
717
780
768
775
717
703
734
743
719
771
707
722
722
716
719
748
704
715
707
720
711
716
719
715
717
777
703
704
723
715
721
717
721
709
703
769
703
704
714
718
720
721
718
708
726
713
756
743
717
707
703
703
718
707
719
767
773
707
725
729
722
726
718
713
703
721
719
708
728
705
703
722
713
721
703
707
719
714
707
718
704
705
707
719
716
716
707
721
925
978
723
720
717
1652
720
721
754
718
703
721
722
837
720
707
704
944
723
704
714
722
722
1549
731
714
724
716
705
727
715
719
703
717
722
724
714
708
727
703
721
708
715
721
728
717
723
719
719
721
779
722
704
713
717
706
704
713
774
703
714
725
708
720
715
705
787
718
722
724
704
720
707
719
771
716
705
717
759
703
714
721
720
717
720
707
717
729
716
717
712
707
704
719
780
732
721
703
713
720
719
713
703
714
714
719
712
716
853
708
716
703
775
715
704
718
711
718
721
717
708
715
717
704
1439
703
703
718
704
735
709
720
721
724
704
729
717
718
704
1224
717
706
908
714
719
716
781
712
715
783
707
720
704
767
717
718
722
727
722
773
764
703
707
705
721
722
703
718
1433
718
720
723
722
703
704
717
735
730
720
833
700
706
725
722
703
772
706
707
717
714
717
713
707
719
754
714
716
722
703
707
722
715
724
722
705
705
706
777
707
722
723
720
1718
702
713
708
764
783
723
723
705
722
715
704
756
708
704
777
713
716
719
718
721
707
717
723
713
703
720
716
703
717
715
720
717
722
718
715
709
717
707
716
717
763
735
720
713
760
717
718
722
720
722
763
721
721
772
706
718
716
717
706
707
780
727
717
713
703
715
713
721
704
720
707
716
716
717
703
717
709
709
736
766
708
718
719
732
703
769
715
731
723
721
717
718
1008
704
718
715
778
715
728
703
722
718
721
727
767
707
716
708
773
720
703
729
761
707
757
703
707
719
711
707
728
707
714
726
713
714
722
714
718
723
707
763
703
704
707
704
721
774
718
722
754
719
722
724
704
721
727
703
768
708
700
707
724
721
703
771
700
719
706
704
712
719
781
749
771
779
707
703
721
703
771
725
721
719
706
705
717
717
707
704
708
718
762
719
715
703
719
721
717
721
704
714
704
703
717
735
719
770
729
715
735
710
719
719
737
718
707
704
705
766
717
720
720
716
704
720
725
718
714
722
844
719
720
721
712
720
720
719
718
703
767
779
720
717
726
733
703
770
722
718
1560
707
768
722
719
721
716
780
720
706
776
713
719
714
712
714
703
709
1419
716
707
723
710
719
722
707
713
706
721
721
755
705
713
707
767
804
720
775
717
719
718
762
703
792
712
722
708
719
903
787
708
719
721
722
715
722
706
718
735
743
737
720
761
703
721
713
703
718
717
757
703
721
703
715
722
719
703
719
786
720
728
777
719
723
709
717
722
704
722
723
719
703
706
718
718
756
750
718
720
704
771
708
704
705
815
722
704
731
718
719
720
727
707
776
714
722
1899
1300
720
719
775
791
717
705
716
718
703
724
721
707
707
803
717
715
704
717
715
721
720
707
715
705
760
718
713
720
708
721
704
719
703
703
763
721
703
703
1247
732
717
704
718
708
1196
707
707
717
895
703
1033
722
719
717
719
703
707
720
832
722
764
707
703
704
720
766
722
717
705
774
790
718
740
774
764
723
713
773
703
717
720
726
719
703
717
735
714
718
747
729
720
703
720
718
705
734
703
715
704
718
720
767
711
716
729
723
707
704
704
704
707
713
766
712
707
771
720
717
717
704
711
718
719
719
719
711
714
718
704
712
706
721
716
706
715
713
722
717
718
787
774
718
708
716
723
755
713
703
720
766
707
712
716
759
715
718
719
704
713
737
718
704
722
719
720
718
724
709
721
722
717
747
718
708
792
774
708
754
771
712
712
717
723
724
767
707
705
735
704
719
704
721
719
705
707
716
721
774
718
727
718
757
719
718
1446
714
791
704
711
718
718
712
736
755
716
718
761
708
772
704
790
718
709
761
718
704
718
788
703
761
787
718
718
704
717
730
721
708
718
714
718
718
719
721
713
708
721
723
717
720
718
719
717
711
734
731
713
789
764
764
703
714
721
756
705
721
716
706
723
726
706
714
703
713
719
718
704
714
709
730
710
702
704
716
715
704
713
719
703
707
729
719
725
775
705
707
703
742
707
766
715
723
702
703
705
706
719
724
723
718
725
699
703
704
721
715
718
707
1131
721
770
762
721
1600
763
722
715
700
721
722
719
718
723
703
718
740
726
718
718
717
763
765
704
705
718
719
720
704
770
719
724
728
719
781
720
727
724
723
707
714
714
721
720
798
719
722
793
719
708
705
703
717
703
720
704
704
699
766
707
704
703
721
773
704
752
720
707
703
721
713
720
707
753
704
774
720
769
717
801
717
813
717
712
721
714
703
722
764
703
708
729
721
721
774
714
704
704
725
714
716
721
1109
716
737
703
757
703
772
722
705
769
703
719
719
700
702
713
716
719
717
719
765
750
707
717
707
720
766
802
718
768
723
718
772
728
719
707
851
726
707
719
718
715
724
718
718
726
708
735
723
722
717
720
750
707
722
721
708
733
712
720
707
778
712
720
719
732
718
724
767
704
769
723
719
703
713
720
721
712
732
777
767
715
718
716
716
727
720
718
704
778
707
703
713
779
723
766
707
708
772
707
719
699
703
715
961
765
720
721
713
707
712
732
703
719
720
705
716
720
716
773
755
707
718
712
790
720
722
719
788
708
705
719
719
714
706
707
760
721
953
768
703
723
724
767
704
723
721
703
722
714
771
704
725
700
728
717
707
711
716
704
719
704
761
704
707
703
723
722
728
707
717
707
723
708
716
703
707
720
788
774
727
708
714
723
728
719
719
707
725
704
763
719
717
723
723
703
703
722
707
712
704
707
716
717
718
708
773
703
719
728
703
704
717
714
719
707
790
707
770
723
773
776
717
719
717
704
723
717
739
719
703
706
707
719
707
771
717
721
717
703
708
720
715
720
718
707
704
718
719
718
719
718
725
705
719
717
717
741
716
720
703
711
720
717
721
718
715
720
703
711
783
708
704
708
720
713
722
723
707
703
715
706
704
703
785
704
708
758
789
716
718
737
718
727
720
708
707
718
718
764
719
717
708
732
767
708
727
725
772
714
772
764
712
716
785
703
703
724
724
731
721
718
716
704
704
720
718
721
704
707
713
720
716
703
758
705
717
712
743
723
703
712
703
718
721
719
720
766
736
707
704
705
718
707
718
738
776
779
723
722
723
721
716
718
703
718
707
716
717
707
722
720
721
707
703
720
720
722
707
729
721
708
718
714
732
713
703
768
713
721
722
702
786
721
718
717
703
719
715
719
703
791
714
707
797
776
703
714
722
1799
718
714
721
830
703
733
718
705
774
707
720
717
707
993
718
706
707
716
723
716
760
707
704
704
717
708
718
719
718
703
716
722
716
717
704
713
721
711
729
797
708
704
720
778
703
718
719
712
720
715
716
771
706
720
719
722
704
713
718
707
874
722
716
724
705
732
722
724
719
834
817
717
704
705
717
729
703
713
717
723
703
724
717
723
703
706
709
778
767
715
717
714
705
758
767
708
711
703
782
708
718
716
719
704
722
704
720
704
716
707
795
795
718
720
713
704
713
707
719
707
789
704
717
717
719
714
704
778
723
716
721
791
704
779
835
729
756
723
708
717
715
703
719
885
720
705
711
721
758
704
707
720
703
708
719
707
773
764
720
720
710
720
721
724
715
722
715
714
705
712
711
717
715
721
799
725
806
720
714
717
725
733
714
704
705
705
715
716
716
719
720
718
704
707
707
721
755
767
718
703
718
719
719
708
780
721
723
715
707
715
778
777
719
724
744
765
708
726
704
707
706
703
714
758
767
715
707
718
774
720
718
713
722
720
708
773
753
713
774
710
704
735
704
727
720
720
720
728
706
722
797
703
717
716
718
718
712
760
706
708
715
724
718
770
713
767
703
703
718
719
715
719
763
703
722
718
717
760
704
703
719
703
704
714
703
730
766
718
717
718
719
724
713
719
717
720
716
707
723
717
720
706
724
715
714
703
723
717
721
756
722
762
722
719
770
708
718
716
716
716
704
761
715
718
719
708
726
704
718
720
780
715
729
706
704
721
717
717
704
722
778
717
713
724
708
713
719
718
703
703
703
717
717
722
716
720
704
1106
720
716
707
703
717
718
723
710
704
717
705
841
716
703
1313
725
707
717
761
707
728
715
764
715
720
707
702
718
718
798
715
715
774
719
717
777
703
717
703
716
720
755
721
717
722
717
718
704
704
789
722
717
715
709
714
712
707
728
720
770
705
703
705
703
707
715
722
793
719
724
714
707
716
723
717
704
720
705
718
722
703
719
717
724
715
706
702
720
1612
718
765
1134
707
723
721
706
726
721
707
716
759
718
766
714
719
714
710
708
715
759
703
748
703
718
720
704
724
718
718
724
707
770
771
718
765
703
1201
708
722
721
726
728
788
712
797
717
723
704
703
717
716
1462
704
715
721
718
707
721
787
717
703
783
712
714
721
723
708
720
