883
871
872
882
878
881
940
877
882
871
887
883
881
885
969
936
880
924
879
882
867
940
881
879
885
883
877
873
954
879
876
867
878
867
873
921
885
876
875
881
1026
937
870
1337
884
943
878
1666
884
886
887
876
877
875
878
1268
877
883
879
879
935
881
880
1297
882
880
879
874
887
885
891
883
978
877
899
883
1554
880
886
881
878
883
928
882
904
988
882
881
886
883
957
883
879
885
1435
875
901
873
879
880
866
883
883
867
867
881
883
885
873
881
867
957
866
906
937
887
878
920
882
965
879
869
878
884
871
937
876
882
931
886
876
880
885
924
918
874
876
877
883
925
878
952
885
900
870
871
893
879
882
879
882
954
929
883
879
887
888
885
922
885
887
876
880
883
929
1268
874
884
928
885
940
882
882
882
875
882
875
869
930
880
875
883
887
879
881
881
959
882
963
880
867
880
885
878
870
876
873
879
884
881
879
880
869
868
880
946
948
887
886
886
947
930
917
883
886
879
880
882
891
866
872
884
892
884
874
877
879
885
946
883
875
955
871
938
1034
885
877
867
879
1688
879
880
920
883
883
880
866
882
885
866
884
882
882
885
957
878
916
884
878
881
934
882
924
881
887
925
925
927
882
926
879
877
880
905
925
878
878
879
867
922
884
877
882
882
881
944
882
930
887
928
928
887
884
890
1533
880
881
885
885
926
882
885
885
928
885
927
883
885
882
930
879
886
881
887
948
886
885
948
884
882
945
884
944
875
940
938
866
882
882
877
874
869
922
886
870
880
871
883
881
884
879
874
878
877
1074
881
925
868
880
937
937
879
870
877
891
877
875
883
876
885
887
919
869
883
888
884
884
939
883
884
882
877
887
884
883
924
867
881
888
874
879
875
882
883
881
879
881
885
891
897
886
883
885
935
882
875
937
882
880
943
879
880
883
866
867
893
881
878
886
865
952
882
886
879
931
866
884
874
883
875
880
885
975
875
954
928
867
884
876
866
881
880
879
905
883
866
883
885
880
874
880
904
890
878
903
875
887
867
903
882
877
884
877
867
881
882
931
866
882
932
892
924
882
882
880
879
927
883
885
883
870
879
883
880
910
878
1618
905
880
935
880
876
885
878
878
865
880
865
876
925
880
882
870
882
923
882
891
882
883
914
928
871
875
883
901
882
886
866
877
882
874
882
882
1377
874
967
883
930
924
877
884
882
933
927
878
885
911
870
884
883
928
867
884
881
885
946
881
879
871
934
898
868
883
884
886
883
926
878
883
866
875
882
881
922
923
883
942
892
883
885
941
878
882
954
912
933
881
879
885
879
881
884
930
873
867
888
876
885
882
869
884
882
880
866
881
876
931
882
880
886
881
880
886
880
929
882
875
875
880
870
878
883
926
882
949
926
885
1182
883
880
884
867
879
880
880
878
880
881
883
881
1711
881
884
885
865
878
875
876
884
881
896
928
929
886
887
881
900
871
888
882
1214
881
867
878
885
886
930
867
881
879
884
938
867
882
887
887
925
883
881
887
884
874
881
925
885
884
889
880
880
882
913
880
883
881
871
1032
883
871
887
944
890
880
879
882
881
881
931
866
963
867
884
930
879
889
880
881
880
884
881
880
915
1941
884
869
894
938
973
911
881
887
880
881
883
880
884
916
880
921
885
881
929
885
1550
867
875
951
881
883
883
1254
889
877
883
881
882
884
878
886
885
879
884
879
869
881
884
929
1181
879
866
884
889
866
951
881
881
870
881
878
882
882
883
883
926
922
870
923
877
881
879
880
883
883
2534
939
880
878
883
929
877
884
883
878
879
882
873
944
880
882
879
885
883
932
883
877
882
886
883
928
881
875
878
1129
875
876
883
884
874
874
886
871
882
935
922
867
877
882
874
874
930
883
888
935
882
1095
880
878
882
886
881
875
883
887
917
880
870
1377
941
916
883
870
887
887
884
871
865
886
883
887
1121
880
878
884
887
945
904
879
882
888
883
928
884
875
881
880
897
870
886
926
884
922
928
931
878
881
875
879
879
883
878
892
883
884
897
884
885
1076
881
886
887
882
871
882
881
881
926
877
879
883
926
881
909
878
888
880
889
880
880
884
925
881
870
885
876
871
883
882
877
931
933
883
880
881
871
940
880
884
871
880
883
925
889
885
886
886
877
866
889
881
868
889
968
927
866
927
884
882
883
926
885
867
881
875
931
877
884
951
875
883
927
897
881
931
880
882
877
886
1396
873
964
882
883
927
875
879
889
883
877
902
945
866
886
883
886
927
880
880
879
884
905
884
885
951
887
936
876
878
916
933
880
881
880
880
955
880
882
885
879
944
869
883
879
889
928
906
878
873
880
885
881
883
925
884
912
879
1056
884
927
882
876
888
875
962
923
877
883
887
884
886
883
881
886
923
910
880
887
883
885
886
870
882
882
871
882
880
876
885
867
878
883
881
889
891
881
886
1560
928
885
886
885
878
881
886
874
866
924
882
879
931
879
870
883
920
928
876
885
887
868
935
880
887
1009
884
883
899
885
883
879
923
929
867
876
927
882
943
877
880
884
880
879
884
880
878
875
946
886
880
928
872
888
932
882
916
878
878
880
937
866
880
881
881
889
912
880
939
882
888
930
894
876
884
885
885
880
883
918
879
944
867
879
939
880
877
878
1331
883
883
884
922
875
880
884
876
886
881
925
886
881
881
880
941
886
875
879
869
884
866
879
929
879
881
882
926
882
880
888
882
886
866
876
876
877
879
870
921
882
882
878
881
891
883
880
882
882
884
880
932
927
904
886
883
882
867
931
885
881
887
930
929
928
880
884
882
886
880
921
1306
877
887
883
885
875
874
884
882
867
869
924
866
881
866
880
867
916
880
918
881
929
927
879
880
924
939
884
931
928
866
879
876
874
879
878
876
876
881
948
892
871
881
888
869
885
1077
868
904
1728
876
924
881
878
900
881
959
926
885
873
890
880
886
882
881
879
923
879
880
887
947
932
1480
883
877
880
878
880
881
916
887
870
883
885
871
879
874
884
881
933
1612
884
877
919
924
929
883
939
873
930
881
866
885
884
881
883
884
883
869
923
885
881
886
949
883
940
879
889
878
885
928
879
866
882
927
884
938
880
876
878
943
941
879
876
875
1988
881
880
885
881
883
1109
946
887
947
883
879
929
867
886
882
879
884
869
883
942
879
887
879
880
877
884
882
929
885
879
879
927
878
875
879
877
929
885
886
881
930
942
881
902
882
1583
882
941
882
888
878
940
875
884
884
878
877
877
867
880
876
878
884
867
883
881
884
882
882
879
910
879
946
883
886
883
867
880
878
880
873
885
871
879
870
877
925
885
883
884
880
884
884
866
866
882
880
942
882
881
883
866
870
882
965
866
928
953
880
876
866
874
883
944
866
881
902
948
885
884
921
914
866
879
882
1086
884
874
928
886
878
881
919
880
895
948
866
977
953
931
867
878
868
929
871
884
880
877
927
880
873
873
924
888
931
917
869
884
970
875
944
881
870
950
882
877
914
886
870
880
885
885
880
882
877
876
881
923
882
884
884
867
883
874
881
885
884
883
884
945
880
884
917
881
935
874
872
884
880
870
882
887
879
885
880
932
926
882
883
876
866
884
944
881
875
873
870
878
885
885
932
877
878
883
867
880
881
882
878
887
909
955
882
885
881
926
869
883
875
891
880
885
927
882
883
887
882
882
897
874
880
867
918
879
880
940
888
881
884
882
886
885
875
867
891
870
881
879
950
884
966
943
885
873
889
885
2563
881
883
882
891
918
878
884
942
879
884
885
869
881
915
867
912
947
926
876
887
884
884
888
888
886
948
887
885
886
878
879
927
885
882
886
921
883
873
882
881
909
883
921
883
877
883
923
936
883
882
936
882
882
946
875
883
926
938
882
940
1155
878
874
876
876
884
884
875
878
951
880
877
884
883
952
883
874
878
884
874
884
880
866
869
882
882
883
882
883
882
883
901
884
885
879
882
929
946
885
937
886
881
884
942
886
882
938
883
879
881
885
876
866
880
946
918
882
874
955
1215
940
887
869
885
883
918
883
945
880
885
917
871
921
884
882
880
918
930
880
889
882
887
879
868
883
928
874
930
931
888
927
929
1776
876
930
877
878
884
879
873
929
884
880
882
876
890
939
881
881
883
877
867
887
875
895
887
939
880
921
880
878
882
882
879
877
880
1346
913
930
948
943
950
2067
886
879
879
886
883
914
883
883
920
877
884
876
879
883
929
929
880
936
882
882
881
885
882
888
868
886
869
881
879
936
887
881
883
878
878
880
886
873
882
969
878
881
886
881
878
1244
877
1152
928
878
905
874
880
890
877
898
960
950
883
880
883
876
874
884
887
929
883
898
876
881
886
882
877
881
879
880
865
935
884
876
898
885
885
884
885
882
880
922
866
875
914
871
927
899
880
879
882
883
880
937
899
884
962
871
867
890
880
883
953
879
872
884
883
884
881
902
881
888
885
884
877
895
884
867
883
882
876
879
879
882
928
885
885
885
882
885
889
870
885
878
881
902
881
881
885
939
883
881
878
881
874
875
887
879
884
878
875
887
886
879
886
877
891
881
880
887
885
884
884
866
884
875
920
876
880
880
929
880
884
874
920
870
878
880
878
874
880
885
878
879
921
928
963
888
882
1478
866
963
948
883
886
864
926
879
883
878
872
880
930
882
942
883
875
871
1069
886
882
866
886
938
883
874
940
934
883
886
878
867
887
866
942
881
905
884
874
886
883
885
883
882
876
879
874
880
877
879
899
881
936
888
884
886
922
882
881
934
945
880
905
887
882
885
880
884
887
879
884
940
874
871
869
882
883
883
885
957
926
870
870
880
884
903
884
927
881
875
884
932
884
885
880
935
1965
884
883
883
887
882
876
876
867
879
881
871
877
882
887
882
929
940
884
884
887
883
924
918
885
878
1309
886
882
889
882
882
885
884
1111
1727
888
879
874
1042
871
928
881
880
951
877
879
1521
872
914
883
1030
881
879
935
865
871
891
883
882
924
949
881
884
882
884
885
866
867
911
919
882
871
883
878
880
931
891
886
882
875
878
896
880
885
866
886
882
866
887
886
880
880
882
944
885
885
943
881
888
879
875
867
868
879
880
866
883
882
877
883
881
871
886
929
897
874
884
880
882
878
879
882
883
889
881
881
878
871
876
877
884
885
884
968
930
880
884
922
884
883
893
882
887
879
883
876
883
888
878
882
886
867
882
880
885
929
887
1563
885
882
866
886
930
933
921
872
880
881
884
870
876
940
1569
937
883
1776
936
884
882
883
870
886
883
884
879
883
899
869
884
954
885
933
875
882
873
1301
882
878
883
883
880
876
929
931
866
866
887
880
880
964
883
931
884
889
950
868
935
886
876
882
878
878
881
929
882
881
953
876
879
880
878
883
889
884
885
888
870
947
881
883
879
882
875
866
871
867
882
883
880
880
870
888
879
879
880
881
885
881
880
884
878
957
923
868
880
883
882
886
879
881
867
873
881
935
897
955
880
882
879
883
884
887
942
882
1555
867
880
875
876
882
881
874
924
880
881
875
882
917
870
884
881
882
877
895
880
931
879
885
886
880
883
880
866
942
931
926
884
889
882
870
883
902
923
924
873
875
881
879
881
879
883
878
878
930
869
876
870
886
880
882
875
867
884
1440
868
885
877
884
921
875
866
885
884
884
885
878
880
880
882
881
883
888
888
880
882
881
870
883
881
882
878
925
962
885
866
885
937
870
881
876
880
887
878
889
937
925
867
879
871
866
883
865
882
945
871
891
879
880
882
867
886
878
1379
884
932
884
897
928
880
884
880
867
960
1126
885
1320
884
866
868
883
883
883
956
874
878
881
887
928
885
880
882
886
866
882
881
884
887
882
885
1030
926
930
892
875
879
880
884
880
931
900
883
879
934
939
886
878
877
876
881
875
884
923
870
879
879
939
881
879
889
875
882
877
923
879
882
882
875
881
880
883
882
884
894
881
874
883
882
891
883
925
884
884
882
865
881
930
879
958
940
887
888
881
882
883
884
885
882
880
1689
881
910
905
877
931
1352
878
880
880
875
932
882
887
878
880
931
872
931
884
886
880
881
868
880
932
885
866
877
867
887
866
895
874
932
889
926
881
867
879
880
882
933
880
886
931
865
882
883
881
886
881
880
875
882
876
884
942
870
881
874
886
884
884
875
883
875
867
928
911
1600
888
881
885
877
879
899
879
883
881
931
992
932
876
885
886
881
877
877
984
880
880
881
867
883
883
871
927
883
884
885
886
880
878
934
948
875
883
930
866
884
880
880
880
881
867
884
877
880
883
879
876
886
867
882
952
880
879
881
887
880
870
880
1320
1715
880
877
881
933
885
875
880
907
970
883
927
880
866
939
882
923
886
882
866
884
1328
880
884
881
882
932
885
877
882
884
881
879
882
884
867
874
881
883
884
882
879
876
915
879
884
880
878
897
879
877
878
869
932
871
933
883
869
881
884
885
866
886
887
884
876
866
925
881
884
883
882
880
906
878
883
882
893
884
903
883
886
867
867
884
878
961
884
878
881
882
932
888
867
866
881
930
882
922
870
957
882
865
878
885
883
880
881
883
880
870
871
883
879
905
880
923
878
884
887
883
885
880
883
877
875
881
866
926
883
868
872
874
877
937
882
899
879
882
886
881
1259
925
884
918
976
882
882
882
880
880
879
933
928
941
933
879
931
882
879
919
932
887
879
910
886
1069
898
879
882
879
880
867
901
867
886
926
879
883
928
883
919
882
866
881
882
879
930
870
881
936
885
886
880
874
959
924
878
874
885
878
880
926
879
932
878
882
879
883
965
884
876
880
870
907
877
882
883
876
887
880
880
884
882
883
882
884
875
933
885
869
882
884
884
884
939
925
881
1065
933
889
967
878
887
884
957
882
1179
878
888
881
887
877
878
881
881
888
935
886
875
880
877
876
867
888
934
885
929
877
924
930
871
879
930
880
882
885
887
925
883
883
874
878
882
935
882
881
924
881
883
874
869
882
882
925
883
885
884
875
953
881
880
882
872
887
928
879
884
888
885
880
952
882
876
878
878
878
952
867
883
882
887
882
869
883
894
881
878
1575
926
880
882
933
871
882
880
885
881
925
866
882
886
887
866
878
879
875
922
880
885
882
883
880
881
882
881
874
866
879
883
879
883
877
942
939
934
936
881
882
879
882
884
881
875
955
881
1516
887
879
880
937
874
881
1398
883
944
961
882
883
875
875
884
876
882
884
875
884
935
886
884
886
881
878
874
926
929
882
884
883
883
881
879
878
927
867
883
882
866
923
870
877
879
884
882
866
867
885
957
874
939
884
940
879
877
883
872
883
873
874
924
880
882
878
885
881
953
883
931
867
957
875
887
882
883
932
879
883
937
922
933
901
877
882
876
884
877
883
901
882
870
868
887
879
882
882
925
875
940
876
887
883
876
942
878
885
884
888
869
887
884
876
886
1285
876
884
882
878
901
885
873
878
878
885
882
934
879
944
880
865
880
932
884
884
890
868
881
945
904
940
882
881
897
879
880
930
881
880
939
887
874
881
891
880
866
886
1052
870
877
888
885
883
1248
934
915
886
886
944
886
880
879
874
868
885
876
882
885
883
876
930
884
879
870
886
876
881
881
927
900
878
879
884
876
882
886
882
876
880
927
949
884
875
882
886
883
886
878
881
1118
882
880
885
870
878
884
883
895
882
927
959
882
883
887
881
908
885
879
884
883
930
880
867
878
866
936
931
882
894
942
900
935
868
870
902
888
877
883
870
929
884
886
879
950
874
925
878
879
880
886
885
940
941
881
877
882
879
880
967
876
970
880
932
885
931
884
881
884
882
961
883
883
881
880
883
2258
879
886
884
876
885
881
878
883
881
944
880
886
898
906
887
886
875
931
882
879
868
888
884
888
885
961
886
862
887
869
879
873
928
882
887
885
880
934
882
882
881
950
880
885
869
884
878
934
882
889
883
883
942
898
933
878
882
884
866
934
932
930
880
870
880
870
879
886
882
940
889
882
885
899
880
879
887
880
914
867
870
881
933
883
866
904
879
875
884
933
887
937
883
886
878
876
883
882
887
891
885
884
885
870
886
1300
880
878
878
866
940
884
925
879
882
878
880
867
882
935
881
890
886
882
883
886
866
883
881
869
936
875
879
885
898
883
887
885
883
942
867
883
880
880
882
883
918
935
928
881
936
882
884
932
887
891
881
885
867
903
878
882
866
929
881
884
882
880
874
887
885
883
880
882
929
870
884
883
877
884
884
886
882
878
893
1025
937
928
886
871
870
924
901
881
882
877
885
938
883
936
870
887
898
874
883
876
882
884
882
883
882
879
927
879
882
885
879
879
881
877
880
950
881
881
881
881
871
881
882
882
876
937
880
883
880
886
887
878
923
878
882
874
881
882
883
883
896
904
883
885
930
940
867
880
941
883
867
880
936
879
885
881
883
885
1527
882
925
881
880
881
1408
886
870
903
888
886
886
878
881
881
880
883
882
882
883
884
879
866
879
887
866
867
878
910
866
884
923
881
880
880
938
940
876
877
880
888
875
886
885
881
866
881
886
963
890
886
927
878
918
875
929
879
881
879
871
882
883
878
880
869
879
874
946
886
881
881
884
894
880
883
883
948
881
874
882
882
883
884
943
883
883
883
881
883
1361
887
870
879
876
873
887
876
870
932
870
873
879
881
879
882
881
880
882
883
887
881
881
1872
878
884
884
869
876
938
883
882
882
938
887
882
942
879
879
880
867
881
882
887
886
875
880
884
916
874
881
881
884
902
882
954
878
885
881
886
884
882
878
877
866
885
924
945
866
891
880
923
879
880
878
870
884
1029
944
880
881
866
1411
882
885
875
905
875
866
899
884
867
878
930
930
882
880
876
879
942
879
924
880
876
876
882
948
867
886
881
945
867
879
883
881
881
883
884
881
881
880
883
883
884
885
887
886
883
880
883
906
885
877
881
884
883
878
891
920
875
885
883
869
886
871
881
951
878
882
883
880
892
879
881
899
879
882
881
927
881
878
884
866
885
880
880
899
871
877
885
884
886
936
877
874
880
883
876
936
877
881
949
884
867
877
964
884
881
945
884
884
877
884
885
927
931
879
880
886
881
879
869
885
884
881
885
880
880
884
867
882
916
882
884
944
879
880
885
880
872
931
883
871
880
885
882
870
923
880
877
883
881
926
878
941
877
878
881
928
882
887
866
880
885
880
883
931
879
882
1516
871
880
876
882
887
879
877
876
888
1173
881
942
866
870
876
879
880
882
882
882
882
880
879
866
884
881
1181
926
921
883
874
882
883
884
881
887
888
867
866
883
874
