587
605
671
605
605
583
604
593
605
588
592
594
596
592
600
583
599
589
599
605
593
608
612
605
611
640
596
599
610
608
596
600
585
597
983
603
586
591
607
607
576
599
757
598
588
698
1429
586
598
586
632
619
605
602
589
607
591
612
601
593
637
601
609
935
609
618
622
657
586
603
610
596
590
604
604
616
607
612
608
593
608
603
610
592
602
653
601
612
597
593
591
605
607
605
603
598
588
604
645
590
585
588
600
589
612
659
591
597
604
626
646
642
605
605
605
610
594
592
657
613
609
602
613
605
595
603
1718
605
605
770
586
605
599
608
608
590
643
586
587
589
607
605
642
619
594
603
603
608
582
609
601
603
607
610
586
594
587
593
599
604
665
601
602
589
595
607
591
586
607
658
588
593
585
585
599
593
602
643
587
598
606
592
604
606
611
589
594
604
597
640
589
589
587
593
601
661
585
658
607
602
585
592
642
596
610
638
598
652
675
607
604
599
619
596
588
904
592
617
585
606
598
635
612
602
611
600
667
607
610
608
604
663
654
601
595
610
606
599
613
608
639
644
598
621
601
664
607
646
595
642
606
611
609
607
637
605
588
591
606
596
597
589
604
607
591
590
587
588
675
594
603
588
594
595
666
579
610
594
586
610
652
635
608
639
601
601
605
659
592
589
605
599
602
606
613
608
593
612
601
637
611
602
597
603
602
595
605
663
613
606
601
591
672
653
643
607
594
595
594
598
592
593
590
613
592
618
600
597
602
606
600
599
587
671
611
590
605
592
609
596
587
607
587
608
593
603
612
604
602
597
590
601
611
637
628
604
639
593
581
606
603
596
591
601
591
621
840
598
595
581
603
605
600
608
592
603
598
609
596
589
602
646
609
579
592
590
610
591
592
607
605
604
599
646
592
593
583
597
608
593
594
600
591
624
590
584
644
592
586
606
591
592
606
598
594
596
609
604
607
603
610
660
647
605
589
595
608
612
603
580
596
596
601
610
605
593
594
597
594
1208
604
587
594
608
656
579
605
590
601
608
592
611
586
579
606
606
594
624
609
608
601
606
589
606
589
608
606
632
598
609
587
657
606
614
590
597
598
611
683
600
609
603
607
594
602
605
598
611
606
586
588
649
612
596
596
615
591
594
601
588
599
606
608
675
595
604
614
588
598
592
601
606
608
608
595
604
608
603
608
643
598
597
587
592
600
597
1698
1071
611
605
634
606
638
584
606
709
598
605
592
613
609
610
592
585
602
609
589
667
589
607
655
605
594
604
604
609
611
605
608
591
593
598
1751
609
609
593
604
605
605
608
606
592
596
674
610
591
603
609
591
585
597
603
953
662
590
599
822
595
589
639
607
604
641
593
601
603
645
626
609
602
644
593
604
606
605
588
609
642
609
649
599
616
611
602
615
615
610
654
588
582
591
605
605
659
608
608
589
599
596
628
593
598
598
599
648
611
605
605
603
612
600
612
594
605
612
596
597
593
607
602
599
591
593
592
589
866
596
594
606
605
605
615
642
610
624
610
609
608
601
612
591
594
646
607
592
599
609
672
593
591
606
591
609
601
639
607
612
605
607
608
587
601
593
595
606
657
586
611
594
594
612
605
665
588
587
591
604
661
599
608
597
657
607
588
609
616
591
610
601
594
639
604
593
639
662
627
591
596
589
604
599
592
592
608
602
601
652
598
1393
588
600
598
607
589
606
604
592
599
584
599
597
592
595
594
612
655
630
610
597
588
614
590
608
606
604
670
951
597
600
603
605
604
610
594
639
593
603
597
606
589
593
594
598
583
586
1092
607
603
588
607
596
651
599
591
607
608
597
602
602
641
595
606
599
601
587
671
587
639
589
592
599
606
666
613
587
659
592
604
594
589
615
636
608
607
588
613
659
691
607
604
602
594
606
598
604
586
585
605
601
608
602
613
602
594
606
600
592
641
651
645
600
648
597
615
604
598
605
611
607
604
601
588
593
599
603
604
592
589
594
608
602
595
584
589
596
609
603
608
606
593
600
587
603
606
601
605
643
605
602
595
614
594
600
829
596
586
593
595
611
614
612
590
591
592
606
594
594
611
611
613
605
636
603
609
586
584
592
581
632
607
587
592
596
606
622
581
628
657
664
944
601
605
611
640
599
591
589
605
593
590
579
606
615
613
607
606
601
608
610
602
589
637
594
606
606
602
604
664
593
602
603
616
649
612
608
616
635
611
587
609
589
604
623
587
601
605
595
608
598
604
597
606
594
596
608
646
640
589
591
641
664
583
607
592
594
598
617
599
587
604
605
605
601
602
666
607
605
596
610
679
654
603
601
612
586
616
604
588
647
658
594
626
607
655
667
600
607
602
579
642
647
645
662
590
610
607
592
608
597
595
587
602
668
601
705
587
590
1255
601
607
604
593
603
588
606
596
593
602
587
611
669
606
601
600
604
594
610
607
591
703
688
602
587
606
610
649
591
691
603
605
603
606
592
606
595
613
592
594
609
594
650
594
609
594
638
593
610
609
598
591
643
604
606
601
593
600
590
606
601
594
609
594
598
603
593
612
605
590
586
579
639
604
598
599
1542
607
604
594
601
593
592
594
608
598
607
587
596
592
605
608
594
592
604
606
605
606
612
603
609
610
593
606
603
650
588
604
594
607
594
610
627
600
692
594
608
602
604
651
606
608
639
591
588
585
588
603
607
604
606
610
588
604
609
594
611
608
667
627
595
604
600
599
594
611
587
655
593
598
606
910
591
594
601
586
602
595
592
603
602
606
607
609
599
601
592
603
592
610
660
599
605
594
606
583
603
597
608
608
609
602
597
608
609
591
598
595
602
592
585
604
591
597
755
605
589
601
590
653
588
608
606
595
601
687
591
604
604
593
601
606
581
593
612
610
607
648
671
589
613
641
592
585
593
586
600
586
591
590
606
602
662
602
594
587
608
590
595
587
602
611
602
589
594
611
602
596
612
592
597
606
605
1094
611
595
656
655
607
588
596
603
612
604
604
588
606
603
588
595
608
595
605
613
647
613
606
596
609
664
586
598
586
608
640
594
591
603
603
800
590
590
605
607
590
657
607
598
609
661
611
608
594
594
586
594
607
596
609
604
600
588
606
598
591
604
643
605
585
594
599
579
608
613
616
602
593
596
591
613
608
588
657
608
603
603
593
599
607
610
589
601
606
588
646
591
603
585
611
652
666
608
603
608
604
589
606
608
611
608
612
594
608
617
608
595
607
592
603
661
609
590
592
601
591
597
608
625
599
664
582
595
599
604
596
601
594
634
677
593
605
609
610
603
598
592
583
615
607
596
605
605
606
592
598
852
610
602
601
605
610
583
601
606
607
607
593
596
612
668
608
597
608
595
598
595
601
655
631
613
601
595
602
595
589
593
590
602
599
652
605
607
608
602
678
648
1207
606
581
675
606
586
616
599
604
654
589
603
602
657
591
597
606
603
595
604
589
648
604
611
601
599
594
610
585
649
602
659
597
596
592
597
593
641
594
592
596
594
590
609
675
605
593
599
593
606
593
603
644
611
1043
774
592
604
604
609
591
603
594
595
595
595
590
594
596
593
596
610
607
606
604
605
593
604
590
596
660
606
606
697
622
608
607
603
657
594
595
607
602
599
598
603
611
680
593
610
1132
589
605
604
608
596
612
609
604
607
607
592
603
648
601
594
606
686
610
595
608
651
612
611
592
582
601
611
596
598
581
604
600
665
583
600
601
633
579
607
592
606
598
593
592
593
588
585
595
640
590
602
606
599
615
607
610
605
592
601
595
650
592
614
597
609
588
592
607
600
607
585
648
606
599
579
588
592
651
611
593
608
626
597
953
597
607
592
591
605
597
599
591
594
606
606
592
595
586
590
605
607
596
601
658
610
610
605
593
592
587
603
606
579
606
594
591
584
592
599
606
610
591
594
588
812
589
593
592
611
640
606
592
604
594
608
612
610
603
599
1215
606
595
591
849
597
614
609
609
596
594
592
585
606
599
593
661
613
583
592
605
613
612
610
607
586
931
585
608
650
648
594
645
594
605
591
592
613
592
604
612
595
594
603
609
662
643
603
610
592
595
613
602
595
597
858
600
605
591
620
592
594
794
608
601
1337
620
695
815
608
649
596
605
595
585
601
607
594
608
598
588
608
607
593
606
605
603
608
652
601
1567
601
605
606
607
585
581
602
594
608
596
603
609
587
1018
598
599
609
598
604
596
596
604
599
609
611
601
593
607
608
608
595
591
612
605
596
616
606
595
609
582
605
597
587
601
602
603
589
609
596
593
1117
609
593
597
579
594
592
590
626
606
590
596
605
611
654
603
612
613
612
605
607
593
611
604
594
607
686
604
805
599
599
594
595
596
605
598
595
606
587
580
605
665
614
598
595
587
633
597
619
589
645
595
657
665
675
595
593
602
593
601
601
611
613
648
589
606
593
592
606
598
593
597
609
598
592
603
596
603
602
603
587
605
584
590
605
596
605
629
585
585
589
592
604
625
608
592
604
609
603
603
578
652
611
613
591
600
654
959
586
592
634
630
607
601
593
591
637
604
586
588
583
603
594
607
590
586
604
582
608
595
583
594
594
587
596
593
601
606
607
603
609
603
608
592
605
588
643
599
598
592
605
598
604
605
603
610
657
598
594
592
607
615
602
592
606
607
618
600
586
596
594
591
603
629
665
591
602
586
593
600
607
609
592
604
602
591
651
1053
657
608
601
611
593
594
580
605
606
587
590
650
591
593
613
593
606
610
611
611
591
598
605
585
587
605
591
602
588
590
598
593
609
595
607
609
652
589
606
600
607
591
601
611
610
600
648
612
597
592
613
580
590
648
647
593
589
613
596
592
653
602
595
606
593
608
658
613
590
590
608
594
979
1554
604
586
599
605
601
608
591
608
608
676
602
600
581
593
603
595
617
606
607
611
605
597
598
587
594
583
608
593
597
593
611
593
593
592
592
646
602
635
590
603
593
603
1150
591
603
587
604
587
595
588
608
596
599
596
605
600
597
594
596
839
586
603
609
609
610
608
596
611
646
610
605
597
593
602
589
609
585
609
620
655
600
604
592
606
641
590
576
596
608
601
593
604
652
580
595
606
587
596
613
593
606
608
600
583
614
654
1625
596
605
580
593
604
599
606
587
643
598
605
1217
603
606
654
607
602
610
606
607
610
599
589
596
648
602
589
599
596
597
609
591
592
615
610
608
599
662
601
587
606
597
600
597
603
660
647
604
610
594
612
609
594
653
612
600
611
607
590
604
609
581
658
592
586
1120
658
656
613
608
604
592
601
640
662
599
1422
594
615
853
596
602
591
1047
607
601
622
591
581
609
585
602
592
594
605
863
594
589
597
597
610
612
601
610
966
592
587
601
662
598
594
613
606
597
656
583
605
587
601
593
638
592
589
602
599
604
659
613
604
599
609
590
641
585
594
597
591
598
597
610
608
1112
603
597
585
614
612
1254
602
594
600
590
608
599
610
603
657
607
612
596
595
596
604
648
579
593
592
600
587
589
593
606
654
646
604
591
617
590
604
608
596
609
606
593
596
611
595
609
590
592
610
646
598
604
599
610
628
593
677
607
587
600
580
602
594
595
596
587
593
605
604
605
596
605
601
591
602
593
704
607
599
825
602
587
604
590
586
586
595
641
1326
602
589
603
593
603
609
595
668
614
609
606
631
650
587
684
598
579
657
603
609
595
598
604
587
609
611
605
593
594
617
609
657
582
591
595
650
602
603
591
611
600
603
591
609
595
587
581
598
586
591
609
587
593
613
589
590
607
611
632
600
605
588
604
610
587
590
603
609
684
615
609
604
603
582
603
644
606
601
603
590
640
586
586
594
606
643
592
608
590
589
616
592
602
650
592
602
604
591
591
591
608
607
587
600
596
588
589
611
608
594
611
608
649
588
598
606
588
605
647
609
643
604
589
612
603
594
647
615
601
603
606
611
679
605
612
587
607
603
598
593
641
613
605
602
680
648
594
609
609
606
602
595
605
661
594
597
608
606
608
609
643
591
594
615
602
641
589
596
591
586
653
595
589
607
602
605
585
614
603
831
602
587
588
594
659
655
610
643
584
593
605
613
589
590
591
600
612
642
591
605
591
587
606
597
597
606
595
609
608
599
604
588
662
591
590
630
653
613
603
580
591
613
611
600
596
630
588
593
590
606
609
609
606
610
605
595
606
603
595
651
595
608
598
594
608
614
597
602
591
602
586
605
602
608
610
605
595
601
641
598
602
637
603
611
590
605
601
602
597
596
601
609
587
600
610
587
613
582
604
591
591
608
593
585
594
657
586
581
635
608
608
596
592
605
607
601
606
611
587
603
604
601
598
605
594
592
605
590
604
585
595
597
603
593
584
603
606
605
594
675
592
893
592
593
613
592
596
595
601
605
651
612
611
592
593
591
651
604
590
605
606
598
602
591
595
605
611
611
611
613
609
606
587
608
609
603
648
587
601
605
590
597
590
641
600
616
606
643
586
597
613
587
592
597
594
601
592
604
591
599
596
607
707
617
609
685
654
599
598
607
596
587
643
654
610
651
594
612
641
595
649
596
603
605
595
591
609
607
613
597
586
591
603
595
600
604
657
595
593
599
640
608
605
590
585
635
615
654
604
643
610
588
592
606
607
606
595
600
601
609
612
596
604
608
609
595
605
610
610
608
606
657
606
611
604
595
694
606
608
596
596
587
606
593
606
644
604
648
603
609
647
640
604
590
585
608
604
590
645
588
609
607
588
607
599
652
605
590
606
585
592
592
592
602
606
659
601
589
600
612
601
609
590
598
642
612
610
655
604
599
615
579
602
664
603
605
695
654
608
610
597
1629
613
689
607
610
596
603
579
597
606
596
594
586
591
605
642
604
650
653
594
594
589
597
605
610
594
645
1727
608
588
620
609
605
703
593
599
598
599
609
608
609
599
591
602
607
613
597
600
606
644
608
607
602
593
635
586
818
590
668
586
598
615
596
594
615
587
597
584
641
610
583
595
660
581
597
591
606
591
600
592
661
601
666
611
610
608
603
661
606
594
650
589
606
579
659
584
593
604
590
643
609
593
593
596
637
589
602
588
598
611
609
608
604
597
658
609
639
617
612
651
603
603
598
652
587
595
615
597
600
602
608
594
602
592
580
609
589
603
818
606
605
600
592
602
608
594
658
610
612
689
610
590
590
584
586
595
605
608
609
609
593
599
581
591
607
592
588
592
609
608
611
603
588
636
610
609
585
603
591
601
591
594
607
590
588
608
603
598
607
607
607
610
599
607
609
602
667
603
654
597
609
621
642
659
600
589
607
598
588
618
590
612
618
597
654
579
614
665
611
594
596
605
631
598
634
591
608
604
607
652
591
583
610
594
605
590
605
617
593
587
659
650
584
584
593
609
584
647
609
607
609
658
596
593
624
597
599
593
605
592
612
607
597
592
608
606
607
652
598
588
653
605
650
587
610
597
599
602
593
605
604
609
612
645
586
581
590
666
603
614
598
592
609
605
606
596
600
601
609
605
601
597
696
949
589
608
613
605
605
617
656
593
597
611
609
592
668
591
611
592
607
596
608
685
609
638
603
596
595
610
603
605
604
656
607
592
583
606
595
596
588
594
605
656
596
609
590
651
602
612
606
595
606
603
600
610
588
599
590
595
586
590
587
595
592
605
734
588
594
594
656
603
609
611
606
647
607
612
608
588
612
606
604
592
601
673
593
612
600
597
595
653
609
606
599
596
586
609
606
594
667
650
652
593
663
595
594
602
606
607
610
642
607
608
592
604
603
635
647
604
665
607
608
606
594
616
595
608
729
606
601
598
593
595
699
600
689
602
678
653
596
610
608
595
606
608
588
585
594
597
579
609
594
592
599
656
596
592
586
592
587
590
608
593
602
592
664
599
593
589
606
595
596
656
651
603
594
607
656
627
609
603
602
611
595
595
604
603
601
612
591
587
593
602
605
588
593
592
598
592
591
614
591
592
592
656
605
592
1111
604
595
611
594
598
605
603
597
604
593
603
600
702
587
594
642
991
596
594
594
593
610
593
587
594
596
597
610
610
592
606
602
592
591
606
621
608
596
604
602
596
601
597
659
612
594
608
612
608
602
614
610
591
648
616
579
581
598
583
612
610
591
588
593
591
611
630
1118
603
608
593
594
591
600
601
586
604
610
589
592
595
603
640
595
603
601
605
594
607
642
606
601
596
605
609
590
606
611
578
601
593
600
605
593
607
608
586
594
884
612
600
604
600
609
609
637
602
596
593
585
606
586
600
588
911
597
619
595
648
596
611
602
602
588
644
615
592
594
589
611
608
600
594
643
606
649
658
604
613
596
610
604
606
599
603
597
595
649
607
657
599
607
609
610
1575
586
609
689
595
592
615
592
603
607
608
578
598
604
602
608
593
605
598
603
659
609
610
611
655
608
586
607
604
596
603
594
644
589
587
612
590
581
609
1207
600
608
582
580
596
596
608
604
597
612
608
592
598
587
593
591
587
604
657
596
608
606
609
607
594
607
603
593
712
601
604
607
590
635
700
603
605
604
588
592
608
603
592
601
602
589
609
597
602
610
596
595
610
652
616
605
592
588
643
600
610
606
607
608
592
604
602
600
695
611
610
606
603
602
602
608
591
603
593
594
588
609
585
603
585
588
592
658
608
604
607
603
653
594
608
602
689
604
603
644
594
615
579
580
617
594
594
598
600
586
588
602
599
610
591
584
646
592
590
591
604
595
604
592
603
592
608
597
597
602
662
603
658
643
599
614
589
610
612
588
596
619
603
597
594
593
655
596
603
605
614
658
607
611
603
592
607
610
606
608
607
594
592
602
595
615
601
595
611
603
645
594
606
604
608
595
595
581
593
608
604
601
581
605
594
604
607
583
607
604
607
605
596
601
1504
597
649
588
598
591
596
659
591
594
604
603
601
608
606
608
607
579
600
591
602
612
608
593
596
603
588
587
609
603
606
600
605
605
592
610
611
604
593
611
601
610
613
664
598
613
609
603
598
602
639
604
587
638
649
595
600
653
587
606
592
604
631
651
604
601
594
594
605
602
587
930
585
602
592
596
641
605
595
610
595
592
604
588
594
653
590
603
596
591
586
607
595
579
603
609
586
604
589
591
733
599
596
644
594
644
606
593
608
598
596
590
681
598
605
602
602
588
605
602
607
591
588
607
606
607
594
609
608
613
599
607
597
588
586
605
644
596
601
593
598
594
606
612
771
610
609
603
607
606
591
