397
383
386
387
431
382
442
431
391
439
451
383
381
383
397
401
383
382
386
431
397
377
445
440
394
435
393
430
397
393
438
442
394
383
437
383
385
383
385
432
432
383
384
430
392
435
400
455
383
377
382
447
450
443
465
436
382
393
383
382
383
392
384
434
383
447
448
382
384
384
383
451
429
435
435
382
384
387
431
382
435
387
442
430
439
387
383
380
391
433
397
431
393
384
446
431
615
432
386
383
383
383
392
385
504
394
385
386
395
386
383
431
445
385
444
448
431
435
400
396
393
383
452
382
383
393
454
395
386
450
393
387
445
449
393
382
431
431
383
444
400
382
383
444
406
396
393
383
439
432
432
430
493
382
387
400
383
382
486
450
392
383
399
397
780
383
458
402
437
383
383
382
434
448
433
403
385
384
398
382
383
392
435
383
431
382
398
387
436
431
435
394
430
398
446
383
408
392
387
386
447
431
444
435
384
387
383
386
383
430
452
387
432
431
448
393
434
440
448
383
433
530
383
431
506
394
431
382
431
432
449
434
431
449
431
499
435
448
397
397
441
432
383
442
396
393
387
394
382
439
448
383
458
383
433
445
401
434
383
453
387
447
383
383
504
393
386
382
450
461
383
455
382
431
386
397
431
398
387
383
443
382
452
393
1052
396
381
435
385
400
434
386
386
431
396
537
431
440
454
383
432
434
384
398
444
379
383
433
386
448
383
384
396
383
383
383
441
387
383
445
537
385
401
383
386
382
431
441
385
429
416
383
383
393
451
979
449
383
435
387
383
446
450
439
398
456
434
434
384
395
435
430
384
446
494
431
388
382
387
383
435
431
383
382
382
383
430
434
434
431
451
386
498
385
432
445
654
447
431
439
445
383
1260
382
383
430
393
383
383
490
445
441
384
442
430
382
434
430
397
448
384
383
383
386
431
383
435
430
431
387
386
382
443
438
381
383
497
383
383
446
395
441
441
384
386
382
382
393
444
415
393
382
386
457
431
432
383
430
417
382
397
382
387
432
383
384
396
434
591
382
385
440
451
399
435
431
383
450
383
500
391
383
383
447
385
398
399
385
442
383
381
383
493
383
394
380
702
461
386
440
395
435
446
445
445
452
431
397
449
1108
434
383
385
431
383
404
384
441
395
435
393
443
451
439
386
431
434
383
386
450
393
476
446
396
435
435
431
394
397
418
400
382
383
385
387
386
379
430
383
382
395
448
386
387
430
463
449
383
383
435
400
439
431
431
384
445
431
449
386
588
387
392
388
393
431
435
399
448
486
431
431
392
1065
441
433
442
383
446
386
399
430
462
845
383
383
383
382
396
382
383
444
383
383
445
382
383
449
383
439
385
384
442
399
382
382
382
431
447
382
387
398
431
392
382
384
381
393
443
443
386
394
387
383
396
453
495
387
430
402
400
383
437
399
433
438
394
431
874
412
435
452
396
508
393
382
454
383
431
393
387
444
401
387
435
445
431
494
384
399
398
393
382
453
445
385
383
446
499
383
449
471
387
397
401
391
442
398
445
387
1013
458
501
399
382
399
444
435
382
431
875
435
391
447
428
383
394
387
449
429
380
382
398
383
390
395
451
395
448
435
431
383
388
436
382
383
430
382
383
459
494
383
443
494
440
384
440
435
426
431
384
447
432
398
384
431
432
383
439
431
402
435
382
384
447
387
434
386
384
434
430
397
385
443
430
454
392
431
407
434
385
383
440
384
435
384
383
397
383
395
382
449
435
384
397
435
383
384
444
468
453
384
430
384
478
397
432
454
383
384
434
739
459
439
438
383
387
382
453
382
434
387
448
393
431
383
383
446
441
387
427
441
443
431
502
387
431
383
399
387
383
435
381
386
443
397
387
432
398
382
385
399
442
434
422
396
440
393
517
508
382
387
401
455
405
429
383
411
382
387
435
432
394
383
385
434
444
383
386
392
383
387
383
453
382
393
395
432
383
383
512
441
434
431
385
432
386
387
383
398
383
383
386
382
382
435
383
438
446
439
383
431
386
395
442
437
494
431
392
447
382
386
383
432
396
383
386
431
397
382
401
923
431
383
385
444
396
383
496
495
494
386
446
448
448
430
434
383
391
382
382
435
434
416
449
406
382
386
394
421
385
396
431
452
387
447
431
383
441
383
436
398
432
399
421
444
382
440
393
442
383
383
388
434
384
392
443
501
384
384
394
382
441
391
445
500
390
383
431
392
490
383
383
448
432
394
442
382
437
435
398
397
394
431
434
450
447
384
383
442
394
383
384
383
383
506
480
650
387
397
383
447
434
383
434
443
386
392
382
405
431
452
397
432
489
431
397
382
383
397
450
412
382
397
400
397
448
441
386
431
387
442
398
443
431
442
399
382
445
383
446
493
454
383
443
393
382
382
392
383
430
419
384
397
382
390
383
386
431
393
382
431
434
386
435
396
383
392
383
435
1042
393
383
384
442
391
447
383
401
447
394
426
431
397
387
386
384
444
436
515
383
446
383
444
431
431
385
391
443
433
383
395
441
450
431
383
382
383
435
441
434
462
487
398
391
382
386
432
435
382
383
383
447
436
434
382
397
449
383
396
383
438
435
435
391
449
383
382
383
383
398
434
435
447
400
435
391
383
447
431
525
435
382
394
454
433
396
435
439
384
435
383
385
393
382
442
385
446
435
451
431
393
383
430
387
383
434
387
383
431
440
435
383
397
383
384
445
383
387
383
394
434
434
386
393
384
394
430
382
432
432
383
383
491
383
392
440
441
385
436
383
383
434
448
383
383
387
386
443
382
458
382
431
396
386
444
435
391
439
383
384
435
399
432
383
491
432
382
446
385
431
384
383
437
384
392
437
398
383
387
384
396
440
435
398
384
394
392
430
435
383
387
382
384
445
431
393
397
439
401
384
387
382
382
386
383
382
382
435
445
393
444
382
383
384
392
440
383
431
447
453
383
386
395
453
387
504
446
384
434
382
431
382
431
434
433
387
448
434
431
431
401
401
395
431
442
383
386
435
384
394
383
386
382
432
1135
383
490
396
383
434
383
386
382
386
391
382
438
392
384
383
397
382
383
447
383
384
397
449
383
398
382
426
383
382
391
383
385
435
510
432
401
449
429
453
386
383
383
383
432
383
385
384
492
446
430
388
431
382
447
383
450
502
393
383
393
397
429
430
392
435
431
400
439
404
436
382
392
389
432
391
447
393
402
431
399
383
383
386
401
383
435
437
382
383
495
387
393
387
435
397
394
453
394
397
383
384
491
384
386
435
444
386
393
382
383
430
430
430
435
384
383
386
381
398
435
378
435
383
383
431
387
388
383
383
447
383
382
489
452
383
386
393
397
397
387
393
396
436
394
386
382
431
438
386
430
432
426
430
435
431
448
451
385
512
397
447
432
447
400
447
382
392
398
383
431
382
400
431
430
456
383
443
504
392
383
443
383
382
452
384
443
401
433
448
396
438
385
382
383
386
386
383
435
386
439
432
382
486
435
451
430
382
383
382
396
435
396
383
383
386
434
393
430
382
430
393
401
456
423
387
445
381
383
392
433
385
1211
383
431
383
386
383
395
1076
459
441
446
398
393
382
445
383
383
433
397
396
442
434
386
383
383
439
442
381
383
383
384
383
435
396
430
383
435
383
431
435
402
435
439
386
382
383
392
383
447
383
383
383
382
440
453
453
444
456
443
431
387
435
396
459
402
384
383
383
383
393
383
431
382
449
442
493
383
386
383
442
447
431
435
434
383
383
383
393
431
383
394
382
383
387
442
431
379
432
392
431
432
435
430
795
383
387
499
393
431
383
430
945
432
382
431
420
430
383
399
382
431
383
443
387
491
382
384
392
451
396
382
507
859
384
398
435
383
431
383
450
431
396
431
431
441
383
383
435
436
382
439
430
467
383
383
436
383
383
389
382
444
387
431
447
431
383
387
392
392
387
386
397
443
451
431
439
435
387
1639
432
470
394
383
383
431
392
395
440
383
449
383
397
384
433
383
385
385
384
386
397
454
396
386
387
1117
432
383
401
434
387
399
431
434
462
383
383
430
445
497
431
387
383
434
383
383
392
494
570
401
434
431
435
432
450
440
435
453
387
442
703
447
386
397
448
385
386
383
431
397
383
502
393
495
384
383
382
395
901
439
393
393
431
397
393
399
446
393
393
384
393
386
398
453
398
459
392
383
448
387
387
392
383
603
451
383
398
443
439
438
433
435
384
436
384
383
430
490
488
397
434
387
384
398
382
400
435
383
384
381
415
439
384
447
448
386
432
503
386
384
383
386
434
401
394
386
393
393
386
496
387
455
382
382
442
383
392
445
402
381
432
384
440
394
383
449
384
382
401
504
382
383
382
431
445
446
382
393
398
456
383
383
501
435
434
383
383
432
440
382
383
393
383
398
438
434
383
443
432
439
441
487
382
455
382
441
430
383
433
384
431
449
441
392
461
434
438
391
394
384
433
501
382
386
383
451
431
428
383
435
449
427
431
382
481
396
383
386
434
401
382
393
444
398
431
399
394
385
385
438
383
388
382
490
431
429
382
382
383
439
398
398
435
392
430
382
441
432
445
383
398
435
401
439
435
387
391
451
383
383
397
392
481
382
442
435
431
382
393
383
452
383
435
395
397
443
430
383
395
435
382
433
386
443
383
462
382
382
382
432
386
379
393
387
431
383
434
383
434
383
431
387
435
395
384
383
383
393
384
438
501
452
398
383
431
444
467
393
383
386
397
448
394
383
398
392
386
401
386
383
501
382
434
477
432
400
387
383
383
382
410
382
383
440
382
384
384
454
430
383
392
382
398
382
403
445
447
434
498
440
951
382
431
398
431
401
382
382
391
435
430
391
383
448
447
441
490
383
383
398
386
1006
381
397
387
449
392
443
424
398
431
394
396
490
430
431
398
447
383
383
451
406
384
435
449
393
431
387
444
379
431
435
452
382
386
390
432
382
393
396
383
386
381
384
444
432
447
431
383
434
395
397
393
382
446
442
383
431
392
438
408
432
378
382
431
434
445
378
435
402
393
383
381
387
387
386
397
379
435
383
435
382
435
382
384
387
381
430
385
387
383
394
381
431
431
432
387
383
384
397
431
383
382
489
392
397
383
387
397
431
401
422
397
431
435
402
382
386
385
395
384
435
435
384
487
394
382
394
430
430
383
444
386
400
393
467
387
447
384
445
441
383
1118
447
452
395
379
383
383
391
389
383
432
383
387
382
385
430
430
449
446
439
432
430
449
439
551
382
385
387
383
383
446
383
399
398
382
430
445
432
392
387
383
396
397
386
386
497
395
386
395
429
386
383
402
386
387
395
445
384
583
518
378
397
382
449
398
386
385
436
382
383
443
452
382
386
431
385
429
449
466
383
447
431
383
382
461
447
379
443
387
382
382
432
383
435
386
394
393
434
431
394
383
432
387
443
383
429
440
454
435
394
383
430
383
395
383
386
439
382
435
392
434
400
383
431
395
386
413
435
400
393
434
432
383
382
424
384
426
446
448
431
444
448
431
397
393
393
435
508
386
530
382
431
404
431
426
383
427
448
432
431
396
434
434
870
383
432
393
431
384
384
434
393
384
387
430
430
398
431
382
381
445
448
465
499
387
435
504
434
447
393
439
393
383
382
384
431
397
452
400
434
447
383
407
489
391
383
395
432
382
434
448
431
387
387
383
386
395
432
382
513
384
430
439
387
395
382
434
431
493
406
456
400
395
433
383
444
394
383
430
383
431
386
391
431
378
384
383
431
441
425
430
401
430
385
383
383
382
383
384
382
383
430
382
435
389
396
382
448
432
387
443
383
383
447
447
433
382
387
386
384
383
382
382
386
443
402
383
431
396
443
507
394
384
435
386
447
383
383
445
383
393
383
445
382
432
447
446
383
394
383
397
383
397
398
396
435
383
431
432
382
437
439
444
387
387
492
435
455
451
446
383
398
393
383
383
397
383
382
382
430
396
449
382
386
386
393
494
432
395
386
435
395
387
382
451
393
395
384
397
387
457
386
438
451
431
431
1115
383
431
393
387
396
387
434
381
496
432
391
399
431
433
431
401
383
445
432
382
393
435
383
431
434
395
387
442
393
431
384
434
436
394
383
430
393
383
393
383
431
387
383
382
382
387
383
453
418
441
430
383
393
383
382
431
382
386
384
436
454
441
502
383
445
391
383
390
450
488
445
387
445
431
432
408
387
386
440
400
395
383
394
383
431
445
392
443
382
441
383
443
395
401
383
383
431
431
397
432
382
383
384
398
384
490
444
435
391
383
382
435
400
462
525
453
396
430
383
392
383
443
386
387
435
396
384
444
397
429
445
447
383
439
500
399
382
384
387
396
430
430
446
386
388
383
395
447
436
382
386
431
396
432
387
446
451
432
439
394
383
446
382
382
432
387
382
450
399
433
453
449
386
383
383
382
430
412
451
398
450
476
392
386
383
383
394
434
430
449
383
383
403
442
392
383
431
447
409
383
385
387
430
432
436
386
387
432
430
951
398
393
399
399
395
383
396
398
431
382
434
383
382
435
382
387
397
450
401
381
459
432
387
440
387
431
434
396
396
387
392
384
431
399
435
448
392
386
478
383
433
396
383
386
447
383
383
397
430
431
393
444
431
431
394
382
432
399
393
431
382
383
397
436
384
432
386
430
387
392
444
494
435
397
391
386
741
382
400
439
387
382
435
386
439
384
392
448
501
431
398
382
393
396
383
431
386
398
387
384
383
392
443
392
393
435
400
398
383
382
430
431
383
383
383
383
397
446
382
383
431
448
437
451
377
383
392
446
431
383
386
430
451
427
385
400
392
384
436
394
431
385
403
383
385
400
435
455
384
431
430
395
384
435
385
435
435
437
383
399
404
383
382
438
384
387
452
382
396
383
395
431
382
400
431
383
383
383
435
383
383
439
382
435
430
383
387
452
382
446
444
382
402
431
383
430
395
386
385
399
431
442
387
499
522
430
401
394
447
436
395
511
392
398
450
396
392
448
430
439
431
383
386
386
446
398
397
490
443
383
383
434
449
435
387
431
434
387
434
436
383
383
431
382
431
387
438
431
393
387
430
440
383
431
384
382
382
431
386
431
382
398
383
393
382
401
434
430
382
383
431
391
430
433
384
434
387
438
431
392
383
392
445
393
434
432
445
382
384
383
384
393
391
384
384
432
430
434
436
393
448
434
388
454
383
386
397
431
434
435
445
382
396
491
434
395
382
447
383
383
439
484
435
430
448
434
434
431
382
392
431
446
490
383
382
455
495
386
450
445
382
383
383
396
397
399
435
382
395
392
383
433
449
432
382
507
443
1056
382
382
394
383
455
452
450
448
392
386
444
393
382
398
382
431
648
382
387
430
433
448
382
383
382
443
439
431
383
401
383
431
384
438
446
387
434
411
383
382
435
378
430
386
711
432
431
383
383
522
383
441
392
402
383
435
402
431
392
455
383
382
398
393
437
449
430
434
402
383
397
642
431
432
382
382
382
386
431
394
384
1069
396
431
387
434
444
455
432
434
383
383
448
382
383
383
433
444
449
388
442
443
387
383
383
383
382
430
443
448
430
516
383
446
383
397
426
436
529
432
430
442
394
382
386
430
384
387
386
435
382
382
393
382
396
387
397
447
442
446
440
391
385
396
382
436
383
432
383
509
386
449
388
387
382
386
496
398
435
451
430
439
387
387
386
431
432
429
444
383
444
383
504
431
382
382
383
448
438
505
406
497
432
434
382
386
383
397
432
435
398
448
391
431
383
450
393
398
431
393
436
449
399
383
383
431
451
383
383
382
382
452
401
448
432
395
440
383
448
384
438
403
396
382
383
382
390
383
382
382
443
382
434
383
377
396
378
431
432
430
432
383
382
435
431
430
435
458
430
434
431
434
430
400
447
453
384
430
432
446
459
382
435
448
446
393
383
383
387
430
397
392
399
445
431
383
386
434
382
436
382
431
392
431
382
435
398
487
398
449
382
401
440
473
382
387
393
430
403
404
393
382
383
394
391
398
383
435
387
385
387
382
430
435
492
382
383
385
401
865
393
398
383
382
399
431
461
386
386
429
434
383
449
490
492
386
430
400
382
431
383
393
431
399
387
385
397
455
403
383
431
973
402
435
431
382
443
430
393
443
387
404
384
386
447
430
443
387
386
382
386
383
383
393
876
402
417
383
383
486
384
430
383
495
445
491
458
436
452
383
384
393
396
382
442
452
385
394
381
430
524
383
383
386
383
400
398
387
398
382
443
383
382
394
383
483
383
437
402
431
393
441
383
452
438
397
383
397
382
383
383
435
383
488
442
451
393
430
382
387
448
382
383
394
429
431
433
476
383
400
383
397
435
439
435
1031
699
392
395
435
386
405
435
431
382
382
445
431
386
396
397
383
386
383
383
383
452
382
448
435
395
382
401
434
400
395
435
383
431
434
387
398
805
431
432
446
383
382
430
393
385
387
385
382
443
504
405
383
432
435
431
435
435
434
486
399
439
383
383
384
441
397
382
397
448
382
433
408
383
440
431
394
393
431
442
397
383
445
396
382
393
446
383
433
383
383
491
430
383
446
452
385
441
382
384
395
417
436
397
513
392
432
431
384
434
399
449
382
382
455
446
439
973
383
406
383
383
383
436
396
449
382
383
448
434
445
396
439
444
382
382
491
457
387
448
449
383
434
494
382
383
432
387
383
382
582
435
383
491
383
433
386
386
383
383
397
396
445
392
386
382
397
383
391
383
396
383
383
504
393
449
386
386
435
402
398
383
391
674
473
395
397
430
450
434
394
446
426
407
384
394
394
461
431
456
396
383
401
431
382
383
431
383
395
383
383
442
393
383
445
451
427
398
386
436
384
523
396
396
384
396
382
450
430
386
383
386
386
383
395
509
387
393
396
441
386
448
436
396
387
431
386
383
430
386
446
447
451
435
442
388
382
383
382
386
447
442
435
394
430
382
436
510
432
434
436
384
461
384
401
382
473
409
396
392
383
431
382
435
382
384
446
394
429
382
446
985
382
394
383
382
383
447
497
382
438
382
384
382
383
394
387
383
431
386
443
382
386
415
385
383
430
386
453
388
449
393
402
393
402
431
432
394
383
449
385
382
382
437
465
430
401
383
383
397
431
439
393
383
398
385
428
382
383
432
411
444
395
430
401
387
431
445
453
432
398
445
385
387
397
382
447
459
382
431
431
383
386
431
388
383
434
386
447
397
387
410
383
387
385
493
436
