496
368
424
356
361
356
357
368
354
352
367
356
356
805
576
357
352
361
351
369
585
367
371
356
360
368
353
356
357
360
370
756
359
367
352
359
358
370
356
361
356
365
356
357
370
364
357
359
352
367
372
366
360
357
367
373
369
361
368
370
371
357
359
360
359
373
368
399
364
357
357
358
357
368
367
356
361
359
370
362
359
356
367
411
368
379
356
361
372
356
358
592
435
357
357
357
357
368
357
357
357
356
358
1018
357
476
364
377
357
358
370
356
361
360
357
356
357
367
368
419
369
356
367
421
352
366
558
357
373
356
357
360
368
356
356
360
357
369
356
367
357
367
357
418
357
356
352
422
786
360
357
357
357
360
357
370
368
367
356
369
369
356
356
368
360
358
357
357
357
368
371
360
360
368
357
361
432
365
366
371
357
357
374
375
357
356
360
371
357
356
357
370
369
367
357
356
370
360
405
352
367
362
356
357
376
369
356
697
368
439
368
357
356
370
366
372
358
370
357
361
357
357
358
356
356
356
357
357
366
502
356
358
361
356
357
356
368
357
374
356
687
417
430
543
358
367
357
368
357
356
367
367
353
366
370
423
411
357
360
357
356
359
357
368
691
367
357
368
357
360
360
356
365
356
356
356
357
361
357
357
359
356
368
360
356
361
374
365
429
374
357
415
358
357
356
356
367
357
357
356
356
356
360
361
356
368
364
368
368
368
368
356
357
356
356
356
358
357
372
370
356
368
369
357
362
370
358
369
365
357
532
357
357
358
356
357
357
357
565
364
357
366
356
357
356
357
371
365
356
370
370
357
357
372
361
358
356
367
356
356
357
361
369
371
356
356
358
357
358
360
1040
357
357
357
356
357
448
368
1026
357
357
357
357
357
388
358
367
366
356
357
366
370
560
356
356
357
371
369
367
366
366
356
356
357
370
370
357
360
357
359
373
414
371
356
357
357
371
357
368
357
357
359
498
357
375
359
356
357
357
360
414
365
419
360
356
357
357
371
357
361
418
357
356
356
361
440
366
357
371
356
362
357
371
358
356
556
366
357
363
368
372
435
356
367
366
360
357
357
357
436
358
356
356
356
356
366
360
370
369
360
368
356
407
358
370
356
359
357
357
357
356
357
423
367
357
357
357
366
357
357
357
355
357
357
361
361
370
362
361
370
353
360
366
365
356
360
366
1038
357
356
356
367
373
360
356
407
356
370
357
446
368
372
356
361
356
357
367
356
419
357
393
366
356
357
367
357
367
367
366
357
367
368
360
373
356
366
361
356
367
370
375
356
361
356
357
367
436
356
410
357
478
369
353
361
356
361
358
357
356
357
371
361
450
361
356
377
357
357
377
357
357
357
372
356
368
368
356
356
360
358
366
425
357
361
357
357
357
367
356
370
356
356
368
357
372
357
357
357
357
366
356
356
356
361
366
357
360
360
412
356
361
356
367
375
367
357
356
357
356
357
358
369
361
357
366
368
361
435
357
439
359
370
440
359
360
357
380
361
361
407
359
356
365
358
356
360
358
356
356
356
356
357
372
371
357
388
357
358
434
357
367
357
357
356
371
356
357
356
357
357
357
358
357
357
357
373
357
357
436
357
368
360
367
366
356
373
367
376
356
356
357
377
362
360
372
419
356
357
356
361
367
374
371
357
367
357
457
364
368
357
370
356
372
357
356
368
357
356
356
942
421
358
361
425
367
367
371
460
905
362
360
356
367
357
367
357
366
357
356
357
357
361
356
371
356
368
355
359
357
357
366
371
368
369
365
366
371
366
357
375
402
357
357
375
356
423
357
370
360
407
357
357
371
356
371
358
357
372
357
357
425
368
414
361
356
356
357
356
360
359
449
356
365
357
356
370
372
356
353
357
375
352
372
357
358
360
368
368
357
366
372
372
369
357
359
357
369
371
357
358
407
419
364
360
357
357
433
357
359
372
356
357
369
358
387
357
371
371
357
357
357
356
358
356
357
370
422
371
367
356
360
361
367
371
353
356
357
437
357
371
357
356
353
358
370
371
357
356
366
411
357
357
369
357
365
357
357
357
357
357
357
365
357
368
369
356
359
357
356
360
357
356
356
356
357
357
357
371
374
356
361
357
357
399
360
370
356
369
356
357
372
357
371
357
357
419
374
369
372
357
357
360
406
357
357
367
361
359
389
367
355
356
359
357
356
369
357
370
366
357
370
356
357
371
357
366
380
361
357
356
356
360
366
356
373
356
357
369
360
356
369
408
367
357
357
357
357
357
357
357
357
356
371
356
356
361
365
357
358
361
356
360
360
358
357
356
359
356
359
368
358
369
357
370
357
829
356
370
378
357
367
360
359
357
370
414
357
358
357
384
357
360
357
357
373
367
359
367
356
357
361
373
356
357
379
357
374
370
360
366
357
356
356
361
357
357
357
372
372
356
367
434
356
365
376
357
375
361
365
1114
361
368
357
356
356
379
423
367
368
357
368
1037
367
356
356
373
356
368
356
1043
367
356
366
357
360
360
357
361
361
356
361
357
372
357
357
370
357
356
356
361
370
428
370
357
360
357
362
356
1044
356
411
358
371
360
470
372
358
411
406
357
360
430
356
356
356
357
365
369
352
375
416
356
359
352
362
364
366
357
361
359
357
360
356
370
357
440
356
356
357
366
356
356
356
360
356
409
352
356
356
356
359
358
366
358
360
357
368
357
426
357
433
362
370
357
370
371
356
356
355
357
370
358
357
373
368
369
356
358
361
356
356
375
423
360
369
370
366
356
357
357
412
355
357
357
357
356
368
361
368
356
357
357
423
369
365
371
361
371
367
356
361
359
356
367
357
356
376
356
371
358
374
361
367
366
360
364
371
367
365
375
367
356
413
367
356
356
360
365
357
357
357
356
364
367
356
359
928
357
356
372
358
494
356
357
367
357
371
363
551
415
357
975
363
366
360
356
357
370
360
360
360
359
412
500
368
356
360
374
357
357
356
366
372
357
356
367
369
357
357
366
360
357
366
368
363
357
356
357
356
682
369
357
371
357
365
357
372
357
358
358
429
356
368
356
356
357
356
689
357
356
367
360
357
376
372
357
357
357
356
356
367
371
371
366
366
360
357
375
358
356
357
357
358
545
360
371
514
370
372
356
367
369
367
359
519
364
360
357
357
371
357
357
357
359
359
356
372
356
372
374
370
370
368
357
356
356
411
370
357
368
360
356
356
360
356
388
357
360
358
415
369
364
370
357
357
356
367
357
356
357
357
357
361
361
357
367
356
356
356
356
361
359
358
356
358
357
403
369
370
369
360
357
377
360
361
357
356
357
612
547
377
356
367
370
357
356
368
356
358
430
356
357
372
357
357
357
357
361
358
357
367
434
369
373
357
357
356
358
357
371
378
356
357
356
356
357
357
357
355
357
366
356
367
360
359
431
361
361
367
357
361
357
360
356
366
360
357
357
372
357
356
357
371
357
357
356
370
357
370
356
360
357
372
443
366
357
429
412
359
357
371
361
357
405
367
367
421
361
357
370
437
366
356
372
394
367
374
357
373
358
357
372
371
356
408
366
360
356
356
418
357
365
368
559
367
357
376
369
372
375
367
359
366
367
357
356
353
357
367
367
357
371
357
356
372
367
357
358
357
360
359
359
366
360
357
361
366
356
379
360
371
357
357
367
368
356
371
357
359
357
360
357
356
368
356
365
356
457
359
410
357
372
423
366
357
371
402
372
357
369
361
357
371
422
360
375
361
357
365
357
357
357
429
361
358
362
357
360
368
366
357
357
356
367
357
356
355
371
357
366
360
371
368
375
371
356
358
356
361
357
560
356
415
365
358
360
357
372
370
371
358
372
357
357
357
431
371
369
369
366
367
357
356
366
372
357
371
359
355
356
360
367
356
407
364
356
357
356
369
357
358
431
357
368
356
367
360
357
424
367
366
357
369
411
357
368
366
357
357
371
367
358
356
367
367
372
363
366
749
360
403
357
357
374
356
360
361
356
408
373
358
358
367
356
368
357
356
418
357
433
356
370
357
358
357
367
361
369
361
358
357
358
356
450
369
357
368
374
357
368
357
451
356
368
365
356
357
372
357
377
361
353
367
357
366
357
356
367
357
376
357
370
367
356
373
361
356
422
357
357
423
843
357
356
368
357
367
357
432
356
371
357
365
361
358
367
366
367
371
374
366
360
372
366
383
361
356
357
360
371
357
357
356
357
357
360
360
358
368
357
357
355
357
372
360
356
419
357
371
357
372
367
357
556
356
358
356
367
355
366
360
359
371
448
366
356
360
372
371
358
356
369
357
356
356
357
369
361
361
366
357
419
358
356
449
367
356
405
404
421
357
356
415
462
423
372
357
370
372
356
357
356
387
360
356
357
422
355
357
359
356
366
356
360
357
357
360
360
368
415
356
370
356
357
357
376
357
435
360
357
412
371
393
358
367
360
371
366
361
357
373
357
356
370
361
367
357
358
360
360
356
357
357
422
356
355
460
370
370
373
353
371
367
358
358
359
369
370
399
367
369
369
356
360
367
427
357
356
365
358
357
367
357
367
360
356
371
370
357
358
356
356
357
358
357
371
356
357
360
366
356
357
367
356
356
358
368
352
357
357
360
366
357
369
366
356
367
360
357
384
422
356
364
357
415
357
365
356
361
356
367
372
430
373
371
356
418
356
357
367
357
366
359
372
370
360
356
356
356
359
356
368
370
357
403
357
367
367
420
415
357
360
356
356
415
366
358
357
357
371
357
357
356
360
370
367
358
372
357
369
360
371
419
357
360
370
366
357
360
356
422
356
372
357
359
368
373
369
352
352
357
357
383
357
360
356
358
357
370
1010
357
357
361
433
357
355
356
361
369
357
362
357
363
420
416
356
359
360
360
357
361
367
356
366
358
356
356
358
360
375
356
1031
361
356
365
368
356
457
378
353
356
367
356
361
356
357
357
357
356
360
357
370
366
359
359
356
368
358
357
377
360
357
368
358
360
360
357
388
357
569
421
367
365
365
367
365
357
365
367
366
357
451
357
357
369
373
366
357
356
359
368
356
360
369
357
360
436
357
365
366
357
371
356
356
358
367
370
412
360
356
359
365
357
358
357
355
356
356
357
356
787
360
367
368
357
424
371
356
360
356
371
356
356
357
421
359
360
368
372
366
357
357
356
482
356
357
373
361
370
357
361
364
353
416
1028
357
356
366
358
458
378
356
412
472
357
357
366
366
358
356
357
371
368
356
356
367
358
357
357
378
357
356
357
368
378
375
366
357
357
360
357
357
357
361
361
376
356
358
365
370
356
357
356
371
357
377
357
357
357
422
357
357
369
356
360
362
372
421
357
358
356
367
752
356
366
357
357
357
371
392
356
425
358
357
429
368
467
359
555
352
360
356
710
357
359
370
358
357
366
371
408
371
428
424
373
369
355
366
886
574
423
357
367
367
357
356
356
357
367
374
451
356
357
357
356
357
356
365
422
357
361
356
357
357
356
417
373
417
356
357
370
361
357
412
356
366
356
357
357
356
357
359
357
356
372
357
367
356
359
357
357
369
377
366
357
458
360
358
365
359
371
365
357
428
353
356
357
357
357
374
368
361
357
358
409
355
358
358
358
356
360
359
360
365
358
357
356
361
353
361
373
962
356
357
357
455
357
357
360
361
357
366
361
407
356
366
357
367
356
368
357
417
417
360
366
356
415
357
366
356
360
357
361
364
356
365
357
356
360
357
378
361
356
375
365
360
366
374
356
358
356
367
375
357
372
376
377
357
366
369
357
357
356
367
356
357
356
360
368
357
358
359
357
357
383
417
356
358
362
370
356
356
367
357
357
359
418
357
358
436
356
361
366
370
356
372
357
356
357
410
368
357
359
357
366
360
370
367
371
360
358
366
356
798
369
353
356
357
358
356
357
357
357
416
357
356
371
360
361
355
368
356
369
357
356
371
371
357
356
358
356
358
356
356
357
401
431
357
356
368
357
375
359
361
357
373
379
358
356
361
374
371
356
360
357
368
371
398
368
357
360
374
357
372
356
357
357
357
357
368
357
358
357
357
357
357
357
357
357
538
358
360
357
356
372
360
371
430
356
357
370
366
356
374
357
359
410
357
356
391
412
357
374
559
356
352
356
356
356
556
435
367
357
356
356
367
356
374
371
357
353
368
356
366
356
423
370
357
360
357
370
357
370
357
357
357
373
356
357
357
357
414
367
356
363
359
356
357
356
357
358
357
356
360
357
359
368
360
358
360
370
356
357
360
370
372
396
372
355
367
361
374
357
357
415
357
420
357
356
357
365
360
357
356
367
352
352
360
433
436
361
359
357
361
357
356
356
367
361
358
369
373
361
357
360
357
356
357
410
356
357
381
430
363
357
365
360
357
432
366
358
356
351
357
371
356
412
451
356
357
361
420
356
368
356
365
375
360
357
368
420
360
365
419
368
366
376
360
360
372
370
357
357
357
352
370
370
357
360
382
357
352
367
357
356
356
360
373
356
370
372
405
356
357
375
361
367
356
373
359
358
356
356
366
357
357
845
360
359
372
356
356
356
370
357
375
357
424
371
357
356
366
366
357
367
367
418
357
356
356
356
360
356
358
357
370
371
356
359
360
356
372
455
356
366
371
361
368
356
367
413
356
355
359
356
356
357
357
352
366
359
375
357
357
368
356
359
356
375
356
372
357
356
357
359
375
369
374
364
357
359
414
372
357
417
371
356
357
357
372
357
367
401
366
370
356
367
418
356
360
357
370
357
357
370
355
357
371
357
360
360
356
368
357
356
358
1042
368
356
421
357
420
356
360
370
371
365
360
367
361
374
420
371
360
370
377
358
357
360
352
368
360
356
357
376
372
356
366
357
421
356
438
436
357
357
366
367
416
451
586
356
357
357
374
368
368
419
360
407
357
357
357
356
357
356
356
355
415
437
370
375
359
356
361
357
533
359
356
1042
813
358
367
357
377
361
413
360
357
361
360
357
367
948
367
356
357
356
370
357
357
371
371
360
356
357
437
367
357
357
356
356
357
356
361
373
358
367
357
361
356
356
368
357
377
369
357
356
374
355
436
372
357
357
361
358
361
356
371
356
356
356
495
355
355
361
366
548
357
352
368
356
357
357
357
357
358
356
356
367
368
371
367
358
376
357
366
372
356
358
361
356
357
360
368
357
433
357
425
369
446
371
377
371
373
352
357
367
362
356
357
357
360
356
359
361
371
356
368
357
357
357
367
356
367
356
358
357
368
367
357
435
356
867
357
366
359
357
357
360
359
395
371
357
357
356
360
368
356
357
360
356
356
418
368
357
357
356
364
356
357
366
357
357
361
363
356
367
359
367
356
356
357
371
372
357
358
357
358
361
357
363
358
429
356
357
376
361
370
369
356
356
373
356
356
352
357
378
356
368
357
359
865
440
357
352
356
1043
433
367
361
357
357
361
360
375
365
359
356
356
360
371
378
367
358
356
357
357
369
370
358
435
357
371
371
356
368
416
368
371
356
356
358
360
357
357
357
358
367
358
356
371
356
368
357
361
374
356
361
363
435
368
394
370
356
421
359
356
359
364
365
360
880
355
592
356
511
358
371
357
357
357
357
357
356
360
440
357
367
371
357
368
367
356
356
368
356
357
357
371
371
356
367
361
360
376
359
357
367
367
421
377
357
356
356
370
358
362
356
357
417
357
357
357
357
372
355
371
356
357
368
367
368
356
373
357
357
366
356
367
357
376
356
408
360
360
367
361
367
356
353
361
367
359
357
360
356
357
367
357
364
357
357
371
435
357
369
374
373
358
366
356
360
357
415
372
356
359
358
416
356
356
364
357
594
370
357
366
357
356
370
367
355
368
356
414
367
357
358
368
357
356
357
358
358
356
358
360
352
367
361
417
372
372
367
359
369
361
371
355
373
415
355
360
365
356
356
357
370
357
421
357
356
374
371
361
357
530
355
368
380
367
370
356
966
361
360
356
445
367
361
377
356
367
364
356
356
357
357
368
356
357
376
367
411
356
420
361
356
367
360
357
357
357
358
1038
357
372
356
356
357
356
367
371
356
361
360
370
360
357
357
369
357
357
357
371
365
357
359
357
357
376
413
359
357
357
356
374
358
361
357
356
357
376
357
371
368
366
357
357
370
356
367
357
367
357
368
372
356
356
355
357
682
371
356
356
372
412
357
423
369
372
357
356
365
359
358
435
361
357
367
365
387
357
368
361
422
449
360
366
357
356
357
356
357
417
362
358
356
367
356
356
865
372
437
357
356
429
357
357
356
356
414
361
353
373
357
440
371
375
370
357
359
357
366
423
364
357
357
366
357
368
368
370
377
360
359
371
356
358
560
422
357
365
356
365
368
367
418
357
360
373
357
356
431
367
375
356
359
370
364
375
367
357
356
357
366
357
434
441
357
356
358
367
356
368
371
356
356
377
372
356
357
370
357
426
372
367
355
373
370
420
370
357
356
368
378
356
356
356
372
367
414
357
367
410
357
798
376
367
356
357
361
369
356
381
367
356
357
357
357
357
371
357
366
365
450
356
356
357
358
367
357
356
356
357
438
410
360
358
356
357
356
374
474
374
361
358
433
422
357
356
560
356
358
371
357
357
365
366
360
367
373
355
356
367
356
356
357
357
360
357
358
356
360
367
368
361
357
357
369
371
356
361
356
369
356
357
370
357
357
364
364
370
358
368
397
356
356
369
356
357
360
356
365
361
361
368
357
360
357
356
362
361
417
367
356
357
367
356
361
367
419
361
370
357
367
357
357
361
365
357
357
357
357
368
356
368
361
357
357
357
369
357
367
366
356
356
357
357
357
361
356
357
356
356
357
417
366
368
356
356
1046
357
356
371
356
411
357
357
360
370
358
374
371
372
357
360
665
356
357
357
357
361
357
357
371
367
370
356
442
416
358
371
367
357
367
367
356
356
358
357
371
360
356
361
356
356
419
436
357
366
357
358
373
367
367
356
357
357
357
374
356
367
361
358
357
368
434
356
357
372
521
357
365
358
368
357
360
356
459
359
356
357
370
357
357
361
356
357
357
374
429
376
411
357
357
360
367
361
374
372
373
358
373
360
357
357
356
390
370
360
366
356
358
371
356
357
361
357
357
357
358
359
369
357
367
353
357
374
365
367
441
360
357
784
367
360
372
356
357
358
367
360
959
358
390
356
359
356
366
360
356
371
356
378
357
370
427
360
357
359
357
357
358
361
357
356
360
360
360
373
376
358
371
356
366
361
357
365
367
361
375
361
411
373
356
371
358
356
427
360
441
361
356
371
