525
514
546
543
533
533
527
527
512
527
978
951
529
517
571
526
530
516
530
513
1063
523
509
544
523
510
535
515
592
598
524
565
515
532
524
523
536
526
516
539
517
530
532
514
542
514
529
517
510
528
523
529
525
514
514
538
518
516
999
513
515
517
540
522
1074
528
523
522
514
527
515
518
515
529
515
538
535
534
513
521
515
524
513
528
515
514
516
517
524
593
534
524
513
540
545
538
532
532
524
524
534
523
519
597
509
532
537
516
611
515
519
541
515
526
539
541
540
527
522
514
513
527
576
536
517
524
516
534
524
530
532
568
533
514
571
572
514
535
540
518
536
530
530
519
535
513
519
530
538
559
543
537
514
517
514
513
515
538
513
528
562
731
535
526
513
586
519
526
533
516
526
567
586
536
530
514
515
555
516
527
532
516
587
512
537
514
522
514
533
518
533
529
545
565
534
541
514
529
519
514
521
587
531
530
523
517
525
513
515
529
594
517
537
533
572
519
525
518
539
579
514
527
513
520
534
525
534
514
517
519
514
514
528
524
511
518
533
535
517
517
515
530
515
515
535
514
534
518
800
538
531
529
535
555
585
533
515
540
527
516
531
536
575
580
527
535
516
514
513
519
513
532
526
534
515
519
535
513
514
529
514
537
518
517
528
522
515
518
535
518
519
535
609
541
537
531
525
535
534
535
530
514
571
517
515
516
513
516
516
513
538
1316
514
528
515
523
516
513
526
530
518
514
514
527
515
527
536
529
515
535
519
535
533
583
515
513
525
574
526
524
581
524
594
515
590
517
525
563
535
517
518
542
540
520
516
538
519
520
526
519
514
531
517
544
525
537
515
513
588
515
544
527
540
525
516
515
543
514
526
515
623
514
631
517
525
534
1539
513
528
540
576
531
589
536
541
523
524
529
524
537
525
535
532
515
528
533
590
534
530
513
530
524
525
513
540
538
509
515
514
554
533
535
537
514
533
517
539
514
532
516
515
533
530
524
534
517
531
515
531
518
530
521
551
519
514
515
523
535
579
519
518
514
524
519
534
573
531
517
614
514
532
519
564
529
525
519
513
536
517
538
536
532
535
525
1500
513
579
514
530
536
516
513
532
531
529
518
518
533
578
566
519
608
541
523
522
552
516
521
529
515
515
531
514
513
516
590
512
538
524
518
533
1283
534
531
510
533
537
534
514
535
536
514
526
515
514
515
539
515
517
527
535
514
571
519
532
524
516
514
514
519
521
524
513
539
517
538
513
523
519
523
517
523
591
526
514
538
531
529
513
525
515
513
520
517
537
515
522
516
534
514
515
515
515
516
514
531
514
531
535
519
519
525
532
1136
1168
514
513
532
529
718
514
533
517
530
513
528
525
523
524
531
534
525
524
804
516
519
527
527
546
527
536
586
517
515
578
513
529
528
533
514
534
527
542
543
1148
578
535
514
517
585
519
515
537
617
518
538
579
538
515
517
517
517
521
517
515
513
532
536
530
515
531
510
514
559
534
515
529
520
518
530
525
518
536
530
515
515
1181
532
527
536
529
517
535
519
539
527
523
526
515
530
532
531
525
523
540
514
529
540
534
542
518
527
535
521
525
513
525
519
515
529
527
514
518
513
518
514
528
749
535
599
514
512
535
518
524
515
534
826
514
575
526
594
531
532
537
514
517
514
515
513
525
525
572
572
513
519
515
524
515
524
538
517
571
516
530
511
515
525
534
529
515
527
513
514
517
533
513
534
515
513
1459
533
513
526
535
531
518
518
519
516
537
527
516
518
530
515
514
515
532
513
539
532
532
587
517
772
532
589
594
523
540
531
524
546
519
513
519
523
522
534
517
531
524
524
513
517
538
515
554
527
534
513
529
533
540
529
513
515
517
539
535
535
531
525
514
537
529
523
514
525
530
524
516
519
547
534
514
525
513
518
531
534
538
547
524
533
515
514
515
526
515
534
535
586
540
575
585
514
512
534
536
515
534
526
541
517
523
516
524
513
516
516
611
1512
530
538
525
529
513
516
517
525
616
527
527
524
538
516
529
532
519
524
514
540
520
580
534
522
517
575
525
515
537
517
527
517
561
514
514
532
513
530
513
518
514
525
514
529
560
515
514
526
521
526
519
1380
517
581
545
525
566
545
514
836
513
537
522
534
519
609
526
515
534
513
517
513
514
680
523
537
516
542
517
524
515
533
511
515
517
533
527
516
597
516
539
515
516
620
814
574
561
513
515
515
528
514
514
515
529
528
528
527
528
515
528
523
513
533
575
530
532
519
532
535
518
538
526
518
1359
519
513
529
536
514
513
542
513
516
539
519
529
579
513
524
529
520
531
508
514
513
515
611
513
513
540
534
518
511
514
523
535
511
514
518
515
573
538
514
530
525
584
536
525
532
526
574
589
513
512
526
535
514
1267
525
582
529
528
528
524
529
510
527
527
515
513
573
530
513
991
546
587
515
530
537
532
874
521
513
674
513
522
517
515
514
593
518
540
595
519
530
514
618
535
524
517
514
513
572
516
538
539
571
515
532
519
518
586
516
523
537
509
528
527
518
517
525
525
515
513
525
530
529
570
541
533
525
536
518
515
514
902
517
552
538
528
526
514
516
515
531
543
514
531
515
511
530
532
536
532
515
522
520
518
516
524
518
540
518
516
517
578
518
536
519
514
528
515
517
600
532
515
515
513
579
535
515
564
526
517
526
526
517
515
516
530
528
513
519
527
573
510
542
575
547
528
533
520
515
532
522
511
613
533
525
513
515
515
523
524
537
517
524
513
522
532
680
515
517
515
519
517
614
534
520
524
526
531
528
513
528
526
527
513
525
531
515
525
524
532
536
513
523
517
532
535
517
524
513
564
515
515
537
527
529
524
525
518
535
589
519
534
523
513
540
518
516
544
525
515
515
514
521
534
514
517
514
524
547
527
530
534
528
519
515
516
514
524
528
575
513
535
608
515
523
523
518
514
514
590
540
515
514
576
519
515
520
534
525
537
589
516
515
514
527
530
516
537
524
513
582
517
547
513
600
515
534
513
513
1005
516
526
1002
514
544
517
532
523
528
525
588
516
525
514
515
533
518
523
526
524
527
517
532
514
527
582
534
528
519
524
514
515
517
514
535
527
525
523
513
537
517
627
514
525
515
514
523
515
536
523
528
533
514
526
524
529
523
535
529
536
527
515
525
516
516
513
513
532
527
515
514
528
533
569
514
513
514
514
527
536
525
611
514
533
518
515
521
516
522
514
561
588
534
537
523
525
527
523
513
515
518
516
519
518
541
541
529
525
532
515
514
516
531
516
524
581
537
630
531
518
523
515
525
515
513
517
534
529
532
582
517
616
532
514
522
529
536
534
534
527
532
518
528
520
514
514
522
516
525
514
577
513
515
523
526
537
514
1300
567
515
513
519
536
514
530
518
518
513
519
518
513
523
524
523
550
522
533
532
580
515
571
533
536
526
535
515
518
543
544
524
528
534
531
528
513
514
513
527
530
514
529
517
517
516
536
536
542
515
533
514
526
525
514
576
532
516
519
527
533
525
517
598
515
531
516
535
534
554
532
594
529
527
514
523
520
519
515
534
518
589
564
623
525
526
536
535
537
545
526
527
538
582
528
537
532
535
523
528
513
524
533
515
528
529
514
513
541
517
531
525
530
535
578
901
513
1166
516
527
529
514
515
526
530
530
516
522
518
515
539
524
534
516
572
516
514
550
517
534
530
516
514
536
521
534
533
532
565
525
513
514
625
586
537
513
530
530
514
536
523
520
516
518
534
533
577
516
558
527
582
527
523
514
525
536
527
524
574
513
514
535
555
515
526
526
513
526
523
513
515
533
528
514
581
576
514
514
517
531
516
515
517
519
601
536
519
528
539
513
514
515
516
532
571
528
525
570
526
511
533
526
514
562
530
536
522
515
530
520
537
524
514
532
539
512
539
525
514
517
514
544
516
513
515
548
516
522
526
513
513
535
523
531
573
538
523
530
513
580
518
513
533
520
523
515
517
528
514
530
526
532
527
514
513
514
515
515
514
534
510
541
522
514
526
515
515
528
514
515
528
513
513
514
524
529
572
515
577
514
572
517
522
524
529
525
516
533
515
514
531
532
582
516
513
536
513
552
531
535
524
545
538
528
538
538
515
538
534
530
516
526
513
515
514
516
514
534
525
512
519
513
516
517
525
523
516
513
527
516
527
514
537
519
533
526
530
524
518
516
533
528
531
523
529
545
517
534
514
538
539
540
521
531
513
515
514
516
514
534
526
621
540
545
513
510
526
530
533
539
569
515
513
533
518
533
515
519
514
515
583
519
516
515
530
514
514
533
515
569
514
528
529
541
582
525
528
524
569
531
523
527
515
515
514
576
538
515
538
528
511
514
518
516
528
539
514
525
541
532
517
523
515
519
519
513
517
515
513
528
517
523
516
515
529
538
514
528
514
570
533
514
526
515
527
519
537
533
523
543
538
531
515
572
529
520
530
523
516
514
516
513
527
532
513
513
528
515
524
536
531
543
513
1570
514
965
527
573
526
539
530
530
514
524
527
533
517
591
513
514
523
515
513
512
542
514
513
537
513
533
513
516
533
539
516
516
524
524
533
514
519
515
515
525
541
515
518
524
515
514
531
515
515
514
535
522
540
528
516
522
537
517
514
514
530
513
514
522
586
519
538
515
514
513
523
517
514
512
528
517
514
541
537
529
514
617
517
526
586
535
534
522
530
517
538
530
587
524
527
767
613
514
532
513
512
535
516
516
514
516
519
539
514
615
573
514
519
512
524
516
514
528
516
530
518
533
515
515
533
523
533
533
536
511
517
517
529
523
514
536
514
522
527
524
515
539
534
545
516
536
513
525
513
519
514
514
527
538
523
532
537
518
513
538
516
514
513
534
518
515
531
514
579
524
537
515
524
535
514
577
632
514
629
543
515
533
535
531
524
535
533
515
528
525
559
515
539
579
547
513
515
528
523
529
589
527
523
515
515
531
535
534
524
533
574
534
533
515
526
515
517
517
529
516
540
532
538
581
529
537
533
537
516
572
528
539
514
532
521
513
528
512
514
535
514
513
537
519
530
533
523
514
529
532
519
532
536
515
539
514
514
519
513
608
531
514
513
515
527
543
514
536
529
522
522
524
539
530
534
526
519
533
526
518
541
523
1152
715
526
537
519
513
533
543
518
513
525
517
524
513
515
520
515
527
535
540
517
523
530
536
513
519
532
527
565
530
579
513
519
521
802
515
518
524
513
517
518
544
616
530
895
514
538
533
525
515
536
517
528
533
515
533
525
527
535
525
538
530
517
515
517
536
513
530
529
527
513
594
515
583
514
519
538
515
517
532
513
515
540
526
514
524
1197
537
528
514
535
514
633
519
537
514
541
533
529
584
513
524
531
525
515
516
523
513
517
526
528
513
528
534
522
518
519
535
514
523
513
537
514
518
536
1011
513
525
523
519
528
533
515
514
517
515
539
538
586
538
518
530
531
514
528
529
589
516
519
513
534
516
515
566
514
528
533
515
586
534
516
529
538
529
533
516
519
540
751
538
589
527
523
516
515
522
582
539
515
515
517
538
529
513
530
522
542
530
527
529
517
516
513
529
518
531
515
532
524
514
513
516
1030
545
525
1165
510
735
537
584
535
535
516
514
517
759
534
514
512
512
531
530
517
536
516
522
514
523
518
532
533
530
514
515
524
541
513
530
524
525
518
514
514
527
517
519
514
535
518
528
539
514
578
540
513
512
516
536
515
511
549
541
531
525
524
522
528
517
514
590
529
531
539
520
526
515
530
517
538
538
513
527
520
516
515
532
516
512
537
529
525
527
537
561
516
567
525
506
535
532
513
525
517
559
531
519
536
534
516
572
514
511
515
531
514
523
535
533
514
517
1260
534
567
514
513
516
514
519
515
531
529
534
541
523
516
515
514
525
517
640
536
527
513
531
523
538
514
537
601
514
544
519
519
517
520
515
524
527
529
515
515
535
516
526
515
512
513
530
515
514
514
526
527
538
537
514
528
522
533
518
524
513
514
514
532
536
513
513
537
526
515
533
539
515
519
729
529
514
535
513
540
529
514
516
537
517
527
531
522
528
623
514
533
541
510
576
534
522
530
525
517
574
614
516
797
527
529
525
526
536
517
533
534
517
510
512
1322
514
513
526
516
519
515
534
515
524
599
514
514
523
514
509
515
518
513
518
531
594
514
514
539
1368
537
541
515
519
519
514
534
520
511
534
537
519
514
737
524
525
534
513
519
528
541
527
542
523
510
517
513
534
540
516
574
525
1154
517
513
517
524
527
587
514
515
576
519
514
515
559
536
536
526
538
539
514
514
540
535
519
517
519
516
590
565
525
514
517
536
532
514
518
525
513
530
527
540
515
518
514
625
526
517
571
536
528
533
536
519
523
533
513
513
540
517
515
526
692
526
536
537
542
528
520
534
536
575
531
535
1505
527
528
515
513
531
528
519
568
519
517
519
513
514
517
515
516
547
523
538
515
519
569
517
526
538
533
528
526
526
577
595
541
517
572
538
513
517
514
525
535
576
513
530
529
515
527
526
512
515
514
517
523
516
525
518
523
519
525
595
595
517
513
527
513
519
533
577
533
510
528
530
529
513
514
536
513
526
531
537
535
515
531
532
529
528
537
578
513
523
530
529
516
514
514
513
573
515
573
513
583
518
513
524
540
580
515
518
523
532
567
523
524
532
515
524
516
515
518
519
536
514
522
528
556
529
523
523
527
517
513
525
514
540
522
521
518
525
604
517
519
543
516
514
514
514
535
517
514
528
739
545
514
564
580
514
533
531
537
540
624
517
514
532
515
523
535
519
524
591
514
566
519
515
527
518
725
511
592
564
515
515
515
518
534
515
516
533
513
534
516
525
516
523
525
539
519
516
530
513
513
516
538
520
517
513
515
533
526
527
515
519
511
537
574
522
523
530
540
523
526
513
553
514
542
539
513
524
532
592
515
515
517
1232
526
521
517
528
529
533
532
524
516
533
539
512
514
585
513
523
528
513
513
523
527
522
514
517
541
531
514
524
531
517
511
1424
513
534
513
516
517
514
527
518
515
539
533
589
594
528
527
522
539
529
527
526
518
519
515
516
538
593
535
528
519
514
515
514
518
511
514
526
578
573
514
513
526
578
521
515
525
533
530
514
515
519
534
513
515
519
515
537
527
526
531
512
524
520
525
513
515
513
515
518
514
516
525
514
514
537
529
517
514
515
515
525
514
513
532
514
530
515
515
536
527
533
529
517
516
513
581
557
535
514
540
533
569
537
515
518
514
519
523
516
530
517
516
564
528
515
513
573
541
514
514
573
523
569
517
514
518
573
524
533
514
532
531
533
591
515
616
628
528
513
520
518
515
538
517
514
516
532
516
573
531
517
575
515
513
530
1067
533
585
542
526
520
539
530
515
525
513
513
540
514
515
521
519
650
528
538
524
529
523
519
569
515
581
597
514
515
525
584
524
573
514
517
519
526
518
534
543
516
513
534
538
513
516
514
536
523
519
534
515
528
531
720
525
515
521
517
514
516
525
588
526
517
535
513
515
572
1165
750
518
530
538
533
528
513
526
515
526
513
513
529
517
515
516
528
520
513
528
533
514
519
513
538
536
531
528
534
523
517
514
546
524
514
537
584
539
528
515
515
527
513
532
518
515
515
518
536
515
525
514
526
541
772
531
515
524
530
530
527
572
523
512
543
531
528
578
517
530
513
530
567
513
515
514
529
531
531
535
517
525
889
552
577
535
539
523
539
524
513
530
533
530
519
516
515
721
516
515
591
583
517
519
532
532
517
524
523
514
523
514
523
519
514
532
517
528
513
513
529
515
517
529
520
530
515
523
516
522
563
520
513
596
519
536
536
538
529
517
568
527
519
533
588
519
533
517
580
540
514
535
513
606
517
526
534
590
527
548
530
523
516
534
538
526
534
531
515
523
516
531
517
527
525
533
536
540
517
515
519
529
528
513
552
513
514
577
572
540
1316
517
526
533
534
532
533
523
536
592
534
541
511
537
525
515
520
514
516
527
530
533
527
510
515
524
516
516
531
525
536
540
519
595
534
513
528
515
532
541
530
523
513
519
513
580
519
512
532
534
585
515
513
529
517
513
513
528
513
539
513
541
516
586
533
537
537
515
534
537
536
518
528
538
529
556
529
532
539
514
523
513
530
518
524
514
517
540
533
524
572
515
533
579
535
525
532
522
513
534
519
520
514
511
524
534
538
517
531
537
528
511
526
540
588
526
574
515
524
528
515
524
535
518
591
522
570
573
536
513
513
515
525
514
537
513
524
521
538
536
518
545
514
532
516
528
526
514
515
532
559
532
515
514
529
519
514
527
528
516
516
516
526
529
607
536
531
513
536
534
516
516
536
516
523
526
513
518
523
785
513
514
514
525
530
568
513
524
527
523
643
539
1173
513
519
518
521
524
534
530
517
519
521
513
1025
515
532
513
531
529
576
527
515
534
527
536
536
576
516
517
516
519
522
515
525
536
524
516
595
528
514
589
533
541
539
571
517
519
533
529
515
539
527
530
533
514
515
532
529
532
543
515
519
519
516
522
518
512
543
517
513
515
525
530
537
539
517
527
528
513
532
516
510
515
531
567
515
538
532
522
516
530
518
534
568
519
531
515
526
533
523
513
527
515
513
535
513
515
513
522
535
516
526
525
566
527
519
514
514
527
515
514
515
535
514
528
513
519
541
526
525
513
516
543
542
514
514
519
514
525
530
563
515
523
513
532
515
532
536
514
564
536
537
534
517
521
513
514
539
519
515
529
514
532
581
513
524
538
516
526
528
514
516
526
551
536
516
521
525
514
526
741
515
521
529
536
533
535
517
515
549
528
577
524
574
591
515
515
514
514
516
542
515
513
515
531
528
537
526
535
533
542
516
513
513
516
534
514
516
526
519
516
532
532
517
581
525
513
581
511
533
514
525
525
523
526
526
515
516
633
521
532
532
533
526
529
515
534
536
517
636
536
515
517
513
537
539
513
529
515
513
535
515
517
517
516
530
586
537
535
513
524
524
540
514
529
518
513
524
587
608
515
535
519
523
514
517
528
512
539
531
514
533
525
534
534
584
526
518
515
517
513
515
513
581
575
513
514
519
589
523
531
555
538
515
521
526
606
613
531
1313
616
528
517
534
514
528
624
533
514
534
514
516
515
513
527
526
516
535
532
530
516
516
556
581
578
524
529
515
531
531
530
518
518
514
526
529
515
528
520
533
533
522
514
515
529
539
514
536
513
513
522
516
516
