577
581
640
640
579
580
574
587
580
592
587
592
572
581
580
575
564
579
570
577
581
624
570
565
576
564
582
582
648
569
581
585
584
625
567
574
586
589
624
581
582
634
575
572
568
575
581
569
565
609
574
584
584
584
561
579
583
575
579
568
583
573
585
603
590
585
580
584
579
578
583
646
588
568
578
589
581
1273
581
594
602
563
582
565
577
576
573
586
582
588
579
579
580
568
592
574
564
581
589
573
578
582
631
585
588
578
588
682
583
575
567
584
564
1077
582
580
572
626
585
569
572
580
589
582
567
581
583
579
639
575
581
579
590
578
582
584
580
579
646
583
581
585
574
571
575
625
587
586
585
584
1357
585
569
586
624
568
567
632
585
569
581
575
579
583
577
583
580
1337
582
622
577
581
573
578
669
608
574
575
586
587
579
580
625
578
582
585
588
581
585
629
584
588
570
585
585
582
590
585
581
586
575
578
587
582
576
565
667
568
585
578
577
578
565
574
578
577
581
577
574
572
575
578
579
584
656
592
582
598
579
624
597
574
583
572
583
590
579
637
586
584
587
1141
563
580
561
596
590
843
576
631
576
569
571
572
565
569
585
580
620
616
583
590
581
584
584
628
569
584
586
576
576
967
581
571
572
588
580
629
574
646
579
583
575
561
578
1003
588
680
585
581
581
583
578
579
589
580
579
630
589
571
580
581
580
574
579
588
579
591
581
580
575
565
587
574
579
569
570
585
573
589
641
568
582
588
566
565
619
584
579
887
571
578
581
584
575
573
572
570
585
580
587
583
566
576
577
569
577
576
638
567
581
623
584
808
585
573
580
580
581
577
573
579
646
577
628
579
593
578
585
589
565
583
581
670
584
570
578
581
581
591
672
569
1243
583
580
582
577
585
580
636
573
578
576
580
647
568
587
584
1456
576
617
579
571
571
575
586
571
585
571
568
578
577
567
577
637
580
581
566
583
576
589
579
584
568
565
573
584
583
577
565
589
578
566
585
590
581
590
576
563
583
591
587
581
577
587
585
579
576
578
649
573
575
586
584
580
574
573
586
587
586
580
583
586
582
580
626
571
568
576
566
583
577
570
581
584
573
582
574
561
584
579
581
576
586
580
568
579
587
629
585
579
576
571
579
578
575
580
614
573
579
576
585
609
582
563
570
562
577
636
595
579
587
620
581
581
583
583
640
588
568
572
696
565
578
574
584
583
571
579
569
585
570
569
566
798
573
583
579
582
582
582
629
580
572
606
570
578
570
578
581
585
587
576
580
578
585
584
584
575
640
578
566
582
589
579
619
574
574
627
632
642
584
667
581
574
565
581
579
561
572
572
577
579
589
566
576
588
572
574
582
563
579
579
604
575
594
563
570
592
575
584
572
603
723
576
585
578
577
580
576
573
574
578
571
591
590
570
600
583
575
593
585
587
580
577
567
584
573
590
574
627
576
576
589
579
580
574
583
564
585
587
583
627
594
587
582
577
572
576
569
582
629
566
567
564
585
585
577
583
578
576
574
564
590
1100
582
576
572
578
587
581
577
570
587
562
592
618
602
578
572
566
568
566
587
597
574
580
581
584
583
576
585
572
583
585
591
585
577
586
572
580
633
579
583
583
573
584
583
563
678
564
563
577
582
644
654
648
577
561
570
585
646
574
569
574
626
581
640
566
574
587
575
584
571
638
643
584
578
633
580
586
579
760
581
1662
578
575
618
577
581
621
627
573
627
579
580
589
583
626
575
577
580
570
585
577
585
572
639
593
582
586
829
599
590
1175
576
568
578
582
579
586
565
563
1013
567
584
583
572
583
586
570
566
572
569
576
569
572
574
578
583
577
565
561
582
573
577
976
575
575
587
583
587
587
633
582
626
588
643
588
585
640
588
581
842
566
584
587
572
570
570
664
592
610
586
585
579
583
579
583
641
583
584
561
572
577
621
596
601
577
571
573
569
588
585
584
578
587
566
576
588
580
583
586
1371
576
573
567
576
588
583
580
581
565
588
570
580
580
590
585
571
621
564
584
583
573
578
583
591
586
581
636
584
591
655
576
583
581
581
570
574
577
570
585
628
576
582
585
579
572
625
1261
583
583
582
583
580
582
583
578
584
575
587
571
576
583
574
574
582
567
585
588
587
563
611
579
630
587
631
571
590
577
626
572
623
589
620
579
587
583
585
597
584
574
583
629
583
577
649
576
568
587
587
581
587
581
574
615
565
582
576
574
583
587
587
582
569
577
1041
588
583
580
576
569
587
567
579
578
670
630
573
586
572
587
582
680
634
633
587
585
577
582
579
585
579
581
573
576
586
583
624
647
566
576
577
664
638
586
584
583
576
584
574
585
583
590
581
575
588
579
581
643
631
587
580
622
582
584
626
586
670
622
577
581
644
571
670
600
574
578
591
581
573
642
582
578
579
585
588
584
579
580
580
586
628
576
568
579
567
570
580
572
582
563
572
590
565
589
567
571
589
577
584
574
581
570
581
582
564
578
572
579
580
582
582
578
585
580
626
646
580
578
579
585
578
577
586
575
573
1365
582
565
641
573
586
575
584
574
581
583
582
583
564
585
579
585
629
621
578
574
578
571
571
564
576
587
578
581
583
582
618
561
576
582
574
575
580
587
572
582
586
571
572
570
580
646
580
567
586
581
579
577
577
585
579
590
584
576
566
563
584
561
647
862
583
586
578
570
572
579
585
565
580
571
564
587
582
583
642
569
572
583
569
581
572
571
581
585
584
586
580
575
564
575
586
584
579
568
577
590
588
660
580
591
586
581
578
651
578
581
571
593
667
635
580
577
564
564
583
572
566
566
588
586
636
635
565
592
574
578
571
585
586
579
580
577
582
580
590
586
576
651
582
571
584
573
625
574
926
636
583
579
584
583
585
593
586
575
582
582
668
583
584
567
583
586
575
589
578
564
583
581
584
584
581
580
587
590
576
590
582
578
585
1342
582
584
579
566
569
584
571
581
580
565
578
563
581
582
580
575
573
586
587
576
565
582
571
576
569
587
579
580
687
576
581
579
580
579
582
594
585
582
644
609
580
574
584
658
577
574
562
583
568
582
569
577
585
591
569
583
625
588
579
587
575
589
587
617
578
561
572
586
586
674
585
658
572
577
581
625
574
569
578
581
582
584
588
569
571
584
586
577
627
583
583
580
634
585
582
568
588
565
571
582
583
577
575
575
576
583
575
582
570
586
1152
581
584
584
585
633
570
574
583
586
565
579
574
588
631
573
573
581
581
579
576
578
571
590
580
586
578
571
583
574
576
568
585
582
578
580
579
578
588
579
571
561
580
579
578
584
580
570
565
587
573
567
570
645
643
584
564
642
571
586
579
569
565
586
576
580
579
587
591
629
581
574
590
569
584
583
564
581
585
649
574
583
598
585
621
581
586
583
576
578
583
594
577
656
571
564
580
584
575
578
584
585
588
567
580
580
569
583
627
568
591
585
570
582
628
582
575
586
580
569
575
586
581
587
587
587
574
584
576
568
577
563
587
568
584
581
581
574
587
581
573
571
581
573
584
590
588
589
587
587
583
583
576
579
584
582
581
578
581
579
561
578
589
573
567
588
571
572
577
567
599
582
624
577
580
577
582
577
578
568
570
644
589
566
677
596
577
638
581
581
586
561
577
580
584
642
576
583
588
576
582
574
585
575
575
574
778
657
578
578
581
587
581
562
575
581
587
581
583
581
583
582
570
576
583
568
667
579
581
587
574
563
577
587
619
592
588
584
1185
578
585
585
586
586
587
588
586
577
580
574
634
580
580
583
585
583
583
627
566
578
585
675
584
580
580
804
589
572
564
575
573
572
585
563
583
577
578
572
582
573
571
643
593
624
581
576
582
1357
581
575
586
569
582
586
576
579
584
581
578
576
572
578
567
610
579
590
573
581
563
574
569
579
581
582
586
1228
582
589
563
630
581
582
577
583
582
580
576
573
582
565
577
574
573
584
575
574
578
572
580
574
575
584
573
571
629
571
577
664
588
586
567
643
571
582
571
580
572
578
586
582
585
572
636
578
651
562
634
585
571
587
587
568
1641
584
581
582
579
563
604
566
585
571
568
578
581
572
631
564
564
565
582
573
573
578
569
571
580
564
562
565
564
578
566
623
572
563
577
585
570
562
567
582
590
566
577
589
625
680
582
634
586
587
583
579
583
578
578
576
579
572
577
572
570
578
573
581
644
591
574
569
616
623
572
574
584
583
582
577
582
563
587
621
633
583
583
570
578
647
585
586
582
575
580
569
587
578
582
587
727
578
584
586
575
582
575
573
590
614
619
589
645
571
581
577
640
1353
579
641
584
583
578
577
648
583
569
581
572
574
580
591
582
583
588
576
634
590
564
586
564
573
588
644
579
586
583
582
567
584
573
594
569
571
576
573
579
582
586
649
570
581
1039
561
581
584
566
576
593
579
580
584
648
629
587
588
567
579
589
584
582
587
632
586
578
1073
582
614
583
578
609
583
591
571
579
579
581
572
587
574
578
642
575
584
572
585
570
580
589
839
579
583
581
570
581
634
587
584
584
584
575
591
582
571
573
578
574
671
568
583
577
578
565
581
630
576
587
576
582
579
626
586
581
586
586
576
561
587
588
573
584
579
576
592
581
631
583
580
568
583
577
570
576
586
575
577
581
577
678
576
581
580
586
570
581
583
591
573
590
585
574
579
582
577
583
585
577
586
577
1218
569
588
575
567
574
571
579
578
581
590
577
684
578
584
589
583
581
590
570
570
648
586
585
581
582
582
576
582
581
570
575
569
567
581
573
572
571
616
579
581
1298
586
637
571
586
565
625
579
584
565
590
630
565
584
568
639
582
586
579
563
566
564
586
581
582
1196
627
578
567
629
587
581
564
629
586
566
579
574
577
586
583
578
578
583
586
578
565
580
630
576
582
579
568
581
575
580
565
578
571
647
581
577
578
574
564
572
571
569
578
563
582
585
568
567
638
586
584
574
575
574
583
629
786
565
576
574
575
563
578
572
576
596
580
584
578
587
582
586
588
576
577
586
585
576
570
639
578
625
583
573
575
581
581
580
581
583
576
577
580
563
585
636
581
581
583
588
605
590
578
639
565
636
617
585
578
586
574
582
577
571
663
579
584
592
582
579
576
578
569
563
576
567
585
574
618
571
563
590
618
647
590
588
579
627
582
583
628
582
614
574
576
579
585
566
586
585
582
587
636
585
815
568
572
579
589
580
589
574
628
566
585
582
580
583
581
577
617
572
623
584
573
574
582
581
576
629
584
582
576
585
590
705
588
646
566
578
571
570
580
582
579
594
577
578
637
584
574
566
576
642
573
572
574
581
583
668
587
575
593
575
580
651
568
577
571
578
594
583
582
647
572
579
579
572
579
584
588
588
658
585
649
565
573
579
720
581
623
582
589
566
568
588
629
583
568
615
575
569
583
575
576
575
592
579
582
646
634
588
575
581
575
592
560
590
580
582
588
581
579
574
589
567
587
590
586
580
580
590
584
568
1129
572
581
591
584
581
565
580
590
579
586
1215
570
584
594
578
695
573
581
576
572
576
576
580
571
581
582
585
581
565
565
578
647
579
576
591
646
577
579
585
586
570
581
572
587
581
581
569
580
579
562
584
591
577
582
584
573
581
580
579
561
640
579
563
633
586
579
578
574
577
594
563
574
567
565
588
569
568
572
637
573
577
583
581
578
636
657
573
591
583
571
570
581
589
581
579
578
564
585
566
579
573
581
589
583
582
583
579
639
576
589
566
574
629
577
572
581
572
583
581
579
576
583
577
567
575
585
579
571
576
634
584
582
577
569
588
572
574
564
590
585
577
575
586
633
577
626
585
635
572
564
576
568
582
575
586
572
578
574
570
578
575
574
585
564
579
572
580
589
580
580
579
579
581
1264
646
580
573
580
579
567
564
565
612
575
567
565
571
582
586
624
586
572
570
568
677
581
575
590
574
580
582
781
585
585
587
583
586
577
563
624
583
590
586
624
569
638
565
565
574
581
584
578
583
585
576
575
581
573
563
583
588
1338
588
582
583
583
565
575
586
585
588
589
590
590
587
577
578
588
569
581
574
628
578
643
568
590
584
578
581
587
564
584
623
590
586
572
589
577
586
585
579
586
591
565
572
586
575
585
655
573
580
576
579
569
582
585
617
582
575
565
587
589
590
575
575
584
578
568
578
617
575
584
584
573
582
579
563
568
584
619
583
589
583
575
577
658
590
610
617
568
587
579
582
812
575
576
585
634
581
614
584
582
570
574
584
569
580
670
578
585
623
579
568
570
580
576
579
644
584
578
580
577
597
587
570
576
586
1133
587
586
584
581
570
572
576
586
572
564
581
586
613
595
586
561
587
565
580
583
580
587
584
624
580
564
568
580
1135
570
581
586
569
589
590
571
583
575
575
581
580
580
576
564
570
580
588
587
579
568
588
583
619
625
652
585
575
571
571
581
580
581
652
573
624
561
586
625
647
570
582
572
575
572
631
579
580
570
587
592
582
580
580
576
580
592
626
576
577
589
621
583
581
584
584
589
583
585
570
567
566
578
577
588
576
564
577
561
1194
584
583
587
579
584
561
581
592
585
588
582
574
578
987
575
644
572
574
582
567
574
625
568
573
572
577
577
578
583
581
583
578
582
583
581
583
583
632
566
578
570
640
648
576
585
656
576
586
574
582
584
579
581
582
575
572
583
588
573
579
580
576
566
581
624
578
577
593
579
568
572
579
638
583
640
578
588
583
573
575
641
573
582
618
576
665
571
573
616
579
584
591
587
569
567
580
565
571
578
587
579
577
576
568
582
578
577
576
583
583
639
573
580
587
593
571
583
587
585
584
582
630
582
581
631
565
568
587
644
586
584
585
718
567
579
567
588
583
679
580
579
581
582
573
563
575
580
568
571
566
580
581
564
575
575
586
585
1084
588
570
576
570
561
582
585
615
582
585
581
573
579
581
584
572
582
585
581
582
581
582
577
579
642
586
581
580
585
574
576
578
586
582
565
579
563
583
585
581
569
583
583
580
568
579
570
576
645
588
588
588
580
573
624
603
584
577
576
586
580
582
572
563
585
579
589
582
636
572
578
573
573
580
575
587
565
581
578
589
661
586
583
580
573
577
632
582
584
646
650
585
566
581
573
636
566
621
648
574
582
587
586
569
574
575
820
563
567
641
636
570
569
617
591
575
572
585
570
620
584
573
579
587
584
565
572
613
579
577
582
586
575
586
583
608
578
588
578
618
569
624
582
571
583
570
578
575
587
588
591
576
589
588
634
572
582
575
572
577
574
574
643
568
583
649
581
585
627
582
575
580
579
573
580
577
577
583
570
575
589
613
584
579
566
586
583
563
570
582
577
599
600
618
582
638
582
594
574
579
587
567
585
592
568
581
586
574
578
577
575
569
582
580
586
586
588
588
627
563
576
564
585
573
577
586
569
605
588
565
574
589
581
581
577
620
582
571
580
589
578
598
586
573
577
567
581
575
571
584
579
578
580
581
576
576
586
581
583
584
587
581
585
561
565
600
571
583
571
584
631
630
577
588
580
831
569
581
562
577
579
569
569
581
585
584
582
586
582
589
579
579
583
568
581
590
639
636
595
642
581
569
580
583
577
573
580
589
561
621
584
585
583
581
579
567
652
588
581
571
585
666
564
586
582
567
631
579
566
574
594
580
584
568
581
570
567
581
564
574
572
625
577
613
578
585
591
584
580
574
579
568
654
579
579
579
574
569
586
588
587
577
578
588
581
591
586
570
593
576
580
583
588
585
582
581
570
572
581
575
587
591
828
592
591
578
586
587
586
564
577
584
584
576
582
1198
580
578
579
586
585
581
584
585
572
580
584
619
579
580
580
624
585
562
727
574
567
586
585
587
594
582
588
581
586
586
581
583
590
589
644
567
582
586
627
569
582
580
567
584
590
584
574
576
581
578
585
581
1283
966
570
576
570
588
563
581
582
584
571
580
573
585
588
580
584
580
574
585
580
1380
583
566
580
647
579
583
570
575
576
578
571
577
587
638
565
564
586
589
573
591
586
575
625
570
575
586
598
561
584
585
581
573
580
587
582
1070
662
578
584
582
573
565
573
573
580
645
577
653
580
575
576
586
576
574
584
572
580
568
631
589
578
588
577
593
592
583
575
580
581
580
564
591
571
574
564
563
588
578
587
574
582
578
584
562
580
582
583
577
579
576
578
578
568
582
574
579
583
582
576
578
572
573
577
580
592
577
583
624
573
578
581
582
584
584
583
591
581
583
582
575
583
574
601
580
577
591
575
576
569
596
582
577
571
576
584
583
568
587
573
574
580
591
591
577
572
587
577
576
586
582
612
578
577
579
587
575
571
580
574
566
580
585
640
582
588
587
657
584
582
576
576
566
584
570
573
587
576
585
580
584
580
567
576
581
580
563
578
580
578
580
575
591
585
606
625
581
564
582
577
575
584
578
575
579
580
581
583
642
633
587
576
589
573
573
574
588
580
620
572
572
577
581
584
583
579
576
585
578
576
633
586
588
582
576
577
586
567
564
571
578
586
566
571
584
587
565
581
588
584
583
585
581
581
575
584
623
566
584
585
626
579
585
578
579
589
654
591
590
586
583
561
584
568
619
649
581
587
568
578
585
579
582
584
588
579
581
584
581
578
626
647
578
574
583
590
591
619
577
569
578
580
563
576
581
578
579
581
628
585
584
587
584
584
581
579
589
588
578
574
581
588
630
568
576
581
584
574
584
595
568
1526
585
589
571
589
583
581
574
642
584
776
637
586
651
580
566
578
579
576
573
580
583
619
586
585
654
573
594
574
564
581
583
577
584
581
583
586
574
577
578
570
577
570
568
565
569
580
586
618
586
581
578
582
575
578
582
578
591
578
587
572
582
570
627
578
571
580
575
576
581
581
586
589
892
573
589
584
583
586
581
574
584
585
621
579
575
614
578
576
632
581
592
575
581
571
580
584
589
588
591
579
585
577
1258
584
589
581
577
587
580
584
590
583
574
589
584
579
579
579
583
574
579
584
565
578
581
587
583
570
580
573
566
580
579
576
576
584
569
586
628
568
577
581
579
637
637
571
570
581
638
584
587
579
566
733
589
576
589
588
582
589
571
582
672
578
590
628
571
619
581
584
581
585
585
584
565
576
584
576
567
564
580
589
639
571
569
583
581
580
599
565
586
580
583
577
565
578
571
578
582
586
561
583
561
583
576
573
579
579
575
581
579
583
586
583
579
571
583
575
584
568
589
577
569
601
579
570
585
579
631
566
575
587
586
570
572
575
570
577
567
575
587
577
575
571
569
567
567
580
573
574
583
569
582
578
579
579
641
577
585
580
569
770
563
638
586
585
626
575
584
582
591
586
628
624
630
588
584
585
563
674
575
580
561
577
586
578
575
641
630
571
583
584
585
564
578
577
591
628
579
583
573
587
587
582
694
583
572
586
596
583
571
586
567
586
587
586
582
577
580
626
583
587
570
565
601
585
578
570
584
582
582
580
582
569
653
583
582
582
581
594
570
582
581
579
572
577
581
580
578
585
579
572
578
577
577
580
567
582
640
569
580
605
569
632
575
576
584
569
590
672
984
587
570
590
583
577
587
594
591
576
647
571
566
584
587
657
582
576
584
582
575
583
589
562
586
574
590
578
594
586
577
566
590
589
575
582
587
580
584
589
570
578
587
587
584
589
652
588
566
576
584
566
570
638
586
580
579
571
571
565
580
575
568
570
577
578
586
585
581
572
617
584
574
581
578
617
584
580
568
570
564
598
583
587
581
584
579
570
579
587
577
590
578
577
589
580
574
586
590
580
588
581
583
678
582
586
573
583
586
574
582
567
602
581
583
563
575
584
569
572
577
570
565
565
579
583
566
572
575
590
566
583
585
667
585
584
584
614
580
584
586
568
576
578
583
590
591
566
582
586
576
568
636
565
565
582
586
581
663
582
576
570
574
570
569
565
1543
570
579
582
580
702
586
586
628
579
568
586
630
582
585
581
568
570
563
586
561
582
571
582
580
585
578
570
642
593
565
584
574
576
575
1169
582
582
569
577
564
585
579
572
582
567
579
584
585
561
577
580
575
587
588
582
580
586
578
577
585
578
580
561
578
583
582
561
577
583
585
580
582
580
582
561
587
570
592
584
578
579
572
582
577
587
639
584
585
576
579
581
568
570
578
576
579
581
581
566
581
567
583
578
586
572
670
579
573
573
580
589
583
576
578
581
581
583
570
576
570
563
577
581
697
579
581
582
579
582
579
581
583
564
1070
568
587
584
580
594
571
580
585
583
580
655
583
581
580
571
582
575
570
614
575
584
577
580
667
588
593
583
588
637
576
571
579
582
588
587
573
579
590
563
587
571
589
567
583
628
567
580
568
588
575
583
643
1076
647
589
583
588
561
583
586
600
581
727
578
591
582
584
573
582
578
582
625
1553
579
589
638
589
582
592
587
565
672
583
614
582
581
580
577
576
563
581
583
575
578
579
576
584
588
596
575
583
579
586
578
585
590
583
585
587
566
582
576
583
585
565
578
591
564
572
567
581
585
563
572
574
563
633
624
581
667
588
644
587
572
587
593
565
579
574
580
575
565
584
574
577
606
574
584
585
589
561
571
573
573
589
588
576
584
574
580
584
568
590
562
567
613
577
573
583
581
579
585
633
574
582
566
567
575
571
587
576
571
573
573
566
578
580
586
566
571
591
576
568
623
570
571
589
582
565
586
588
586
586
568
564
567
584
583
589
568
581
570
576
577
583
581
582
584
582
564
578
573
572
583
569
586
589
631
577
624
638
625
613
561
582
582
561
578
584
579
580
585
634
582
581
579
585
587
570
582
580
577
579
579
583
581
572
1134
587
580
575
563
659
570
586
580
641
573
579
581
575
581
587
584
587
625
591
582
577
584
583
582
631
673
581
588
582
586
580
648
574
577
578
635
578
579
564
589
578
572
580
579
585
588
622
569
574
583
586
562
589
567
579
577
570
636
632
587
584
587
588
582
588
579
584
683
586
582
572
564
620
572
577
599
574
567
581
590
576
590
634
579
942
561
1075
585
564
568
581
587
584
578
580
569
580
563
579
582
585
573
576
587
584
569
620
572
579
579
578
577
595
580
574
568
586
576
583
564
585
587
579
582
589
616
581
586
583
587
583
581
582
790
589
587
574
585
565
571
581
589
585
587
580
569
582
590
586
575
580
571
830
584
626
579
585
606
585
585
589
586
586
582
580
579
947
573
574
574
565
579
576
575
579
570
578
565
580
583
568
576
581
578
616
571
595
580
577
578
578
576
579
629
582
571
584
581
569
579
637
570
570
588
582
581
587
585
583
583
578
579
589
579
575
585
579
579
589
583
602
582
577
583
1727
580
1139
575
582
579
577
588
565
599
570
576
582
616
580
574
1030
635
588
582
572
577
627
581
569
573
584
808
587
575
587
568
581
586
573
569
577
591
580
586
585
580
580
575
589
564
631
583
639
579
561
648
585
581
593
585
578
584
585
582
578
583
574
568
643
621
631
588
580
578
568
580
569
565
582
584
587
582
583
578
584
578
578
562
574
583
567
599
588
587
568
586
638
580
587
585
574
584
576
580
571
583
639
583
582
574
582
629
591
652
582
635
582
583
583
578
618
590
581
566
626
579
573
571
566
581
575
590
584
587
569
580
633
584
577
630
567
570
588
570
1520
619
583
570
588
651
590
568
584
577
585
583
584
588
683
569
579
567
585
566
567
568
585
569
620
591
835
565
576
567
586
574
629
629
574
590
627
571
576
581
589
636
649
584
573
573
585
621
623
589
589
580
583
582
580
583
589
578
641
581
574
586
583
580
568
581
587
579
579
581
571
564
565
580
576
578
588
653
571
645
577
593
588
581
583
589
576
756
577
570
584
621
579
578
579
579
578
579
568
631
590
579
571
597
584
586
575
578
963
570
672
589
582
574
664
1034
583
584
576
621
579
588
574
578
572
583
563
581
567
674
567
581
571
585
583
587
579
576
577
573
568
581
588
591
573
586
561
576
591
588
583
563
574
571
634
586
569
614
654
565
591
578
586
582
587
630
584
578
575
576
577
586
584
574
579
636
575
574
648
646
582
582
585
574
572
577
573
581
629
1118
581
586
588
573
570
584
580
589
590
583
654
581
585
563
641
619
579
583
616
582
570
565
575
633
581
621
570
584
573
578
586
570
565
565
572
569
617
582
585
565
586
589
586
617
621
589
576
571
562
589
589
580
588
1269
686
579
573
572
606
583
583
585
574
582
590
576
619
572
568
571
663
573
639
591
567
588
644
587
574
579
587
576
569
649
574
576
582
572
589
579
580
576
583
585
579
580
582
585
578
563
570
625
617
622
569
587
660
581
586
587
583
583
581
575
582
593
587
588
590
582
587
653
568
576
569
571
580
581
585
583
577
622
627
581
1299
585
659
588
623
619
581
583
579
580
583
583
620
579
592
568
574
588
578
802
579
562
634
585
581
581
580
580
629
571
569
569
582
571
574
578
574
582
588
580
584
587
586
579
583
578
583
570
654
587
574
583
586
561
584
581
581
583
573
576
814
577
583
580
579
591
582
645
1049
567
588
582
568
664
580
563
577
565
568
567
582
587
588
578
1665
577
588
578
575
592
580
579
575
578
587
586
636
569
579
613
586
571
576
579
599
630
580
642
580
584
583
568
581
568
580
572
583
589
569
666
566
578
576
572
578
579
576
588
573
629
585
585
584
584
587
590
580
580
578
583
581
590
584
584
591
580
578
588
575
563
569
574
570
563
578
582
579
574
573
582
570
621
582
583
611
680
578
567
585
589
576
569
579
569
581
585
587
584
582
581
645
580
576
623
576
566
565
579
581
577
583
576
590
577
621
578
578
1152
574
584
581
570
638
582
568
585
579
574
587
587
583
568
604
571
574
584
818
568
583
576
620
578
565
1521
567
574
586
581
573
581
571
572
632
578
640
634
581
586
585
581
583
572
582
578
638
580
580
567
583
652
633
569
588
578
590
585
564
642
632
566
637
577
587
568
584
590
580
588
589
582
624
583
578
586
640
586
643
586
635
588
587
567
582
584
563
580
571
570
569
637
588
561
568
572
573
593
576
581
625
585
578
577
587
621
589
588
581
586
573
582
590
570
585
586
630
589
661
577
586
581
569
592
575
570
569
570
573
582
579
578
587
575
574
581
580
579
578
613
575
589
589
574
576
574
571
597
586
597
638
571
570
586
579
584
572
578
573
569
572
654
646
586
591
589
587
585
588
588
583
581
855
587
573
576
588
583
585
589
576
652
638
567
626
577
577
586
584
590
586
587
576
584
586
587
577
583
591
591
585
579
588
586
586
585
581
585
577
586
584
599
588
583
582
582
582
586
576
631
580
579
581
570
568
589
588
585
590
580
567
576
582
642
629
627
582
593
579
570
588
588
583
574
576
580
576
587
588
591
587
585
586
576
589
585
573
582
576
576
582
586
582
600
571
581
590
575
581
587
577
580
583
580
653
583
587
620
642
579
583
587
588
646
577
567
565
582
579
584
580
568
580
587
585
589
586
577
568
633
580
570
622
582
578
579
579
573
583
578
581
578
584
1282
579
573
570
637
581
619
659
574
569
581
627
565
589
568
573
575
598
570
580
586
612
568
623
591
579
577
584
587
571
588
583
603
624
579
585
585
613
578
565
574
579
583
589
580
581
568
576
583
578
624
582
580
583
586
590
566
576
600
580
580
585
572
574
563
577
570
578
584
573
566
564
580
574
589
578
582
585
804
577
565
575
572
583
587
584
568
585
584
582
658
577
580
575
582
586
586
657
571
563
574
585
582
585
582
584
591
610
587
583
667
578
583
580
591
578
570
571
633
589
579
587
586
576
582
624
583
593
663
578
583
571
571
589
585
584
579
581
566
566
579
564
645
580
580
583
569
575
589
579
578
682
585
634
577
571
583
574
569
590
579
565
581
565
587
584
573
573
574
585
577
566
578
579
578
586
583
584
572
589
599
590
573
576
632
573
644
615
577
566
585
586
579
573
627
579
625
639
573
698
566
582
579
567
583
584
582
584
564
566
580
1288
587
588
579
582
846
570
589
581
629
631
586
585
637
574
571
587
625
581
587
580
588
583
578
584
586
580
627
588
597
608
584
580
574
573
588
636
585
567
572
569
576
576
569
568
572
564
569
577
574
573
574
616
580
572
585
588
575
565
585
585
581
584
570
581
585
587
582
584
575
584
576
577
938
579
579
575
617
567
587
575
577
584
585
588
582
566
576
581
578
626
582
587
563
573
575
586
622
578
587
583
589
577
571
578
571
579
585
587
574
572
589
585
575
587
591
629
620
591
578
589
621
582
575
593
584
585
625
581
586
582
568
577
579
626
577
579
643
635
862
566
570
584
587
583
582
572
566
568
569
629
589
590
579
657
577
580
579
573
585
636
577
576
584
582
565
567
611
584
584
582
590
581
586
577
581
588
590
585
585
577
569
579
588
621
570
563
577
585
578
585
572
580
647
588
576
580
582
579
583
580
585
573
578
565
571
989
581
583
622
578
616
569
581
624
587
584
570
588
568
577
580
570
577
587
625
589
566
591
590
586
574
578
597
590
583
580
575
574
587
579
579
585
1315
576
585
576
593
583
580
617
584
580
584
581
587
576
583
578
586
576
584
567
585
609
576
579
584
660
589
571
572
586
573
586
563
568
624
580
589
570
569
579
573
561
586
580
566
581
585
578
578
579
588
571
584
579
576
582
586
579
576
581
586
563
683
576
585
588
582
590
573
564
579
578
572
623
568
574
587
630
581
585
572
585
571
619
561
582
579
579
583
638
1703
580
643
568
586
588
585
585
586
576
617
575
586
568
584
582
581
616
646
565
578
562
582
583
572
581
586
572
575
603
576
579
598
581
565
575
627
594
585
572
580
572
573
582
581
569
578
637
627
577
585
580
583
583
575
638
582
582
577
585
585
589
587
588
581
591
589
581
582
584
577
576
583
567
575
585
588
567
586
573
643
576
654
654
586
570
579
635
637
575
647
576
561
576
578
586
644
575
587
587
570
581
614
582
583
581
578
589
577
571
579
579
585
580
580
628
583
582
569
581
688
633
577
575
623
583
578
578
568
567
580
738
575
575
597
578
580
588
625
579
578
580
581
578
590
592
564
619
575
581
588
587
576
562
614
583
583
581
581
582
579
581
585
576
572
584
561
633
568
586
589
561
581
577
587
579
569
561
573
581
606
584
575
572
563
586
582
581
590
579
581
576
1201
586
578
584
573
715
579
589
585
582
585
582
583
584
630
593
576
621
585
587
570
641
585
575
591
908
574
581
586
578
570
577
572
582
586
584
587
578
588
572
582
591
586
582
565
585
578
576
595
585
579
580
572
589
583
572
569
580
573
568
640
583
587
586
577
583
579
575
573
565
643
585
566
570
587
568
574
574
586
570
565
610
564
585
578
633
575
579
585
577
579
576
577
573
589
641
587
580
580
576
577
575
572
567
576
577
568
576
731
584
626
629
582
577
576
572
574
630
565
577
586
567
581
578
577
584
564
580
633
579
584
567
589
573
570
582
577
593
1142
623
583
585
646
619
586
581
573
569
579
579
627
573
580
572
581
578
584
578
575
582
645
584
571
580
579
580
620
582
568
578
807
580
584
583
589
587
591
609
627
575
571
594
584
572
573
576
586
587
591
571
584
659
570
592
585
581
586
581
586
580
574
576
572
584
576
583
580
583
567
567
573
565
583
583
589
700
565
649
591
566
570
581
572
604
565
573
570
584
588
578
564
657
577
578
578
602
581
585
581
581
576
570
607
574
577
589
612
577
579
577
611
580
584
567
571
618
574
566
610
567
565
574
657
581
573
564
578
579
584
579
576
581
577
567
579
578
579
582
581
583
582
577
739
584
583
580
580
587
576
583
576
635
563
584
630
564
562
613
575
574
566
585
579
580
586
562
590
586
563
568
573
585
580
576
579
579
577
571
576
584
563
563
588
582
589
570
579
572
584
571
589
618
584
581
579
584
588
571
583
577
656
568
578
805
644
576
570
575
584
583
623
575
582
581
586
579
582
584
596
589
581
566
578
583
574
564
602
570
651
581
579
583
580
582
580
577
580
579
627
584
570
581
567
650
650
588
583
579
583
1087
564
573
578
1003
589
582
601
582
575
587
575
585
572
574
564
577
561
583
615
567
581
564
584
713
589
573
625
567
583
564
568
584
580
569
567
572
572
573
575
564
580
568
572
581
588
573
568
573
568
585
583
582
570
578
589
578
584
577
573
571
571
577
586
576
585
582
574
580
813
585
1131
576
581
589
583
583
583
572
571
574
575
584
581
591
571
584
580
577
586
585
562
583
568
575
568
581
584
585
573
573
567
620
582
576
583
566
578
565
571
580
571
567
671
583
633
583
577
575
579
567
584
578
620
581
580
573
585
566
567
570
587
566
581
584
582
574
570
576
639
569
582
588
564
618
584
632
566
579
569
583
639
584
586
632
622
567
585
579
639
580
573
582
584
658
577
612
579
565
645
565
587
587
568
570
578
582
576
572
583
577
645
575
570
574
576
598
575
563
568
582
629
589
585
584
587
579
588
575
579
579
875
592
564
565
578
566
594
575
579
575
642
569
583
583
614
596
571
580
577
601
580
583
579
581
580
582
570
567
589
622
573
577
579
566
627
566
577
565
578
628
564
568
571
581
572
620
570
591
586
582
566
584
1277
579
581
564
578
569
576
583
582
577
582
570
598
571
616
570
581
569
574
571
582
564
587
601
624
567
580
571
577
580
574
570
571
617
583
586
579
571
565
626
583
593
580
585
585
581
579
675
587
576
583
585
587
580
576
624
572
580
570
576
579
575
573
579
582
594
583
568
583
586
580
650
642
584
578
572
563
579
586
585
587
570
574
569
583
586
573
567
595
586
589
617
581
570
582
579
565
579
626
694
606
578
589
588
581
588
573
585
581
577
567
577
588
571
576
569
564
567
577
569
583
582
658
586
612
667
568
572
576
612
576
621
575
567
582
618
571
563
581
588
588
574
570
581
575
575
637
583
587
574
580
579
590
587
587
581
577
583
583
570
576
598
569
576
569
577
574
586
582
577
575
582
566
583
628
588
577
582
583
587
576
582
579
584
582
577
620
572
581
570
574
569
572
585
569
585
561
584
589
582
584
564
576
640
573
575
655
579
581
587
571
568
645
571
576
574
583
571
581
568
583
566
581
574
590
564
571
574
572
585
575
574
570
577
572
577
571
567
584
624
572
578
571
620
574
580
587
566
583
574
583
582
586
581
590
563
571
573
576
587
583
572
564
568
574
580
561
573
573
571
578
585
589
581
647
569
634
587
578
616
580
568
581
570
573
568
582
602
583
574
588
638
575
579
573
570
585
611
578
582
579
583
580
580
582
565
577
580
579
592
1135
638
577
576
584
575
570
635
588
587
582
572
568
663
593
587
588
585
589
601
563
573
585
585
581
576
566
568
624
585
588
591
589
582
580
590
584
584
585
575
578
589
581
569
583
584
566
585
584
587
582
635
587
584
575
578
573
576
563
564
632
621
587
568
617
577
589
628
579
586
576
582
586
563
573
568
580
579
577
582
587
591
584
584
569
580
570
584
582
587
578
584
578
580
1653
576
582
579
588
578
569
580
569
577
572
563
578
579
590
577
570
584
571
638
575
562
570
574
578
575
627
582
585
580
571
576
583
579
564
647
569
659
616
582
577
576
579
566
587
649
583
587
579
585
577
580
578
585
569
615
573
573
576
581
572
583
574
583
567
615
562
566
580
653
637
571
587
575
576
583
579
576
581
585
576
588
581
583
636
581
582
578
570
566
572
572
582
572
574
646
584
579
576
585
587
580
586
587
583
566
576
579
574
642
568
580
568
592
972
622
587
570
570
580
585
808
581
655
581
584
564
588
634
568
651
579
568
575
586
568
575
571
574
580
584
575
565
576
578
585
583
588
570
586
584
590
572
582
583
759
591
587
584
587
574
1348
592
586
630
583
598
572
608
569
576
561
636
581
569
582
571
581
594
576
563
591
563
563
631
588
568
572
580
576
575
583
582
577
566
573
590
589
583
572
583
582
589
1293
572
567
583
586
571
568
581
589
633
636
584
591
583
579
583
586
634
569
587
586
667
655
584
578
582
572
565
584
581
588
586
580
575
779
588
623
586
581
574
584
607
611
583
589
601
588
575
578
583
765
575
585
584
579
595
580
584
583
571
588
580
583
580
581
582
626
576
590
586
583
570
586
574
613
582
581
577
610
592
592
569
579
564
575
1262
590
588
586
585
576
573
586
587
592
584
582
568
569
566
569
586
609
580
565
629
589
566
573
579
585
582
583
579
580
625
580
590
567
583
576
618
591
591
583
584
579
584
582
632
628
585
577
579
582
586
585
563
572
579
583
584
628
592
588
584
580
578
578
581
588
578
585
666
582
589
567
584
585
575
585
577
578
582
565
579
587
575
580
584
578
589
564
568
578
601
571
569
581
598
645
583
572
588
572
578
581
582
584
623
579
633
572
577
580
564
632
643
588
579
570
583
577
576
612
579
625
582
585
586
585
571
579
585
582
564
572
578
586
581
649
586
576
586
589
590
594
681
597
567
572
577
618
583
586
585
583
574
577
569
571
563
581
588
582
591
582
578
565
590
572
574
590
565
574
623
579
565
561
634
640
580
585
566
583
570
611
570
575
573
579
568
589
746
799
569
583
581
593
581
576
575
578
567
579
631
630
577
586
575
581
583
576
581
581
570
579
579
629
578
585
567
567
586
589
1086
571
575
570
585
584
577
578
569
571
584
571
571
581
612
570
577
576
585
579
585
573
569
582
646
584
589
582
581
591
580
920
581
581
584
576
569
569
653
590
625
567
615
592
581
568
585
584
581
589
579
561
585
585
576
574
617
584
595
586
573
575
574
588
632
571
567
639
584
590
575
620
639
573
574
573
573
617
594
569
579
564
578
580
575
567
595
589
583
579
587
584
565
577
582
596
585
570
584
572
579
624
576
574
576
588
579
580
576
763
579
583
580
633
584
567
566
563
589
582
582
775
580
629
577
590
572
587
810
768
586
566
579
576
576
576
574
577
580
640
564
570
574
579
572
580
577
585
631
579
577
565
592
591
577
579
584
582
569
578
581
585
576
588
584
595
587
568
631
581
577
581
579
582
582
561
583
621
567
564
564
1524
574
646
585
592
580
581
592
588
582
619
582
568
593
658
583
573
585
569
566
581
597
583
572
637
573
580
587
585
588
587
574
583
647
567
832
567
588
570
582
568
575
574
580
648
572
631
583
563
586
561
587
570
574
588
616
580
591
581
1232
585
574
592
579
576
584
582
579
574
573
564
572
581
565
581
577
564
571
577
577
667
571
581
585
590
627
591
567
576
583
579
621
566
567
904
567
571
565
585
582
587
615
580
585
582
576
573
576
563
584
576
576
586
584
584
579
585
583
582
567
582
585
566
583
565
575
581
587
587
584
583
626
571
622
575
574
576
586
579
583
634
588
586
582
570
578
574
571
593
581
578
569
573
570
590
588
584
582
583
620
583
586
568
579
580
568
586
575
561
570
580
585
572
574
577
573
575
579
627
562
586
585
585
577
581
585
587
579
585
591
566
565
572
578
618
585
568
597
570
582
585
570
579
575
578
570
585
578
581
584
563
574
1033
621
575
579
585
573
577
580
580
584
646
579
583
579
581
592
588
586
576
584
583
586
629
587
577
579
582
567
586
580
577
582
572
586
582
580
589
629
573
576
577
580
629
580
589
569
565
567
582
570
581
571
627
580
577
582
618
577
605
639
665
588
582
570
648
571
629
578
576
564
569
633
586
571
578
582
576
670
585
588
578
589
633
586
584
582
568
567
570
585
580
583
583
578
583
635
1161
639
568
583
575
621
615
582
599
578
588
628
583
574
588
596
583
586
566
577
573
584
581
644
626
586
579
569
588
577
587
576
583
581
588
1067
587
582
583
580
584
571
569
575
573
572
587
573
585
568
575
565
567
565
565
571
584
588
613
583
589
578
622
577
578
579
566
583
565
585
577
580
567
586
562
561
577
622
570
641
579
564
576
579
574
583
584
583
656
573
657
580
796
628
576
575
570
587
588
572
579
570
627
580
588
589
625
588
582
571
587
581
570
572
1612
646
679
586
577
571
624
583
578
592
572
638
578
586
588
576
661
582
581
577
582
566
590
571
606
583
588
592
583
582
580
589
585
571
578
595
581
582
572
575
571
629
629
569
587
580
565
574
580
589
565
585
583
647
585
567
579
581
582
587
618
585
596
584
581
588
581
585
587
577
580
589
631
567
575
635
568
596
579
586
584
589
587
582
586
577
574
583
571
586
563
584
636
562
581
585
581
566
630
648
582
589
584
583
577
567
585
590
584
569
638
586
589
587
588
562
635
564
585
590
573
585
608
581
582
582
588
573
569
576
561
585
583
574
1625
590
583
567
565
582
587
582
584
576
583
576
586
590
641
588
573
562
631
580
581
581
584
585
581
585
584
586
584
585
586
582
575
590
631
584
581
569
584
650
573
566
566
573
578
583
580
581
582
569
564
588
576
579
581
574
570
596
590
584
566
578
580
595
586
581
581
623
593
581
580
576
577
566
577
588
589
573
565
567
577
586
580
583
573
588
566
572
575
588
630
580
581
583
582
585
584
571
575
580
623
584
566
565
577
585
574
572
564
563
585
609
570
571
578
568
572
675
575
579
584
616
571
570
587
568
574
579
581
587
586
577
578
585
587
561
578
582
563
591
710
1293
615
571
568
562
564
588
569
583
616
569
578
584
583
574
590
581
573
584
586
582
583
589
581
580
572
575
644
628
578
587
567
582
585
584
585
651
640
590
591
578
584
587
584
631
576
580
582
579
582
562
632
612
581
592
578
568
961
580
588
581
584
579
575
588
591
700
623
583
587
590
584
587
579
589
580
612
580
573
580
577
575
590
620
574
581
566
573
567
566
580
580
580
578
587
568
921
588
579
578
585
610
580
583
586
584
1284
589
620
647
639
575
573
582
589
565
579
586
562
633
618
580
565
624
582
582
567
589
582
578
590
635
581
646
579
583
627
589
567
588
566
562
625
581
571
969
575
584
651
568
569
585
578
579
581
582
585
584
649
580
564
584
593
591
647
574
594
564
573
572
589
589
579
588
584
587
587
625
581
590
564
570
572
575
586
580
592
584
581
625
575
582
565
581
626
596
581
586
574
578
584
588
585
587
586
573
636
577
570
650
572
562
628
584
583
582
579
587
577
571
568
581
573
566
648
578
580
636
634
561
642
571
581
578
563
585
580
575
567
577
591
582
571
583
647
578
566
576
564
627
641
585
587
580
564
584
584
580
579
584
574
644
592
586
577
573
577
622
623
565
631
581
573
573
575
574
583
579
572
587
584
585
624
582
569
584
624
579
583
581
567
581
565
564
575
565
621
628
586
578
589
571
584
620
567
588
638
579
574
597
582
586
576
588
580
564
642
652
583
578
581
575
584
629
579
578
573
586
589
563
645
634
579
578
580
572
573
574
572
570
575
565
575
570
587
583
584
803
633
568
580
584
585
582
580
579
580
585
622
627
579
578
619
576
585
587
584
642
565
589
574
582
562
575
638
584
589
575
578
571
568
585
563
577
636
571
583
566
588
575
578
588
644
577
565
565
567
572
580
586
577
580
581
577
585
565
578
582
581
578
571
587
575
1359
577
586
637
584
574
573
564
580
582
586
581
565
595
577
585
565
584
582
570
579
576
580
583
1456
584
586
580
585
569
579
577
592
571
777
587
578
583
585
625
583
583
585
591
583
646
569
577
566
564
572
566
576
575
573
583
816
578
582
575
561
574
624
608
613
576
583
964
586
575
578
570
571
567
653
574
573
582
586
570
576
581
623
569
579
579
582
587
592
591
577
578
582
580
582
578
577
574
583
572
571
621
591
589
581
583
566
584
576
585
592
574
585
573
589
577
586
614
570
569
580
583
575
590
584
593
566
572
807
586
584
577
583
578
591
569
590
570
575
623
566
573
577
667
567
580
579
581
590
833
624
572
583
577
565
573
591
576
564
670
576
573
565
573
587
572
620
575
571
563
584
562
586
626
596
568
572
580
596
567
586
579
595
642
576
565
581
582
621
586
590
640
568
565
564
598
576
582
574
575
584
577
581
564
629
588
612
575
582
574
569
618
579
574
566
583
651
580
586
589
618
1037
582
580
578
649
585
582
582
566
577
579
565
566
566
579
618
582
619
630
575
594
579
574
584
574
572
567
583
588
572
576
568
572
576
584
593
579
577
581
634
572
570
579
567
575
584
585
645
587
585
582
567
576
579
570
642
579
655
578
584
574
577
572
582
573
635
563
676
573
570
565
567
586
576
581
588
583
570
588
579
582
573
587
564
575
585
584
581
579
574
583
573
585
571
564
584
661
562
590
620
588
590
582
579
586
572
577
590
585
570
567
579
576
583
619
567
587
580
569
584
574
586
586
582
589
591
584
589
570
570
582
581
561
585
582
588
589
574
583
876
581
582
575
571
577
580
584
576
579
584
581
577
587
583
588
581
583
634
576
629
583
587
575
577
580
586
574
583
565
637
574
578
573
573
573
563
576
582
573
581
579
567
582
584
574
577
584
573
624
570
566
582
584
574
566
632
586
776
584
585
582
588
585
575
581
575
578
572
578
570
584
585
601
586
587
570
592
581
582
580
567
581
582
582
575
577
624
565
567
585
582
587
579
584
584
583
583
588
564
584
580
581
579
616
623
584
586
566
572
583
584
571
652
578
584
584
592
594
594
584
582
583
587
588
588
605
580
578
575
625
635
578
580
582
619
580
581
584
568
586
580
583
592
592
580
574
573
580
635
584
586
569
583
588
584
576
581
574
584
580
563
580
581
577
584
638
570
579
621
582
588
590
590
581
585
576
568
680
571
641
585
566
580
806
580
587
567
576
590
585
581
585
589
581
631
579
577
584
583
582
580
584
583
586
570
583
574
575
585
571
579
576
571
580
589
588
630
587
568
568
589
580
582
565
566
589
568
589
579
564
577
582
582
582
622
583
568
584
580
581
572
569
589
592
566
596
1144
575
586
576
591
572
584
584
596
592
623
578
570
573
582
580
581
656
581
573
574
567
591
579
586
577
574
576
575
576
591
574
584
570
587
581
569
590
594
585
583
632
566
575
577
1034
587
566
582
585
583
579
588
587
578
587
585
578
578
651
576
570
571
584
609
567
594
570
575
577
651
583
577
570
571
577
591
583
573
578
562
624
572
574
579
627
579
573
579
568
579
584
588
586
589
653
578
570
576
584
585
584
581
568
569
568
576
584
568
616
586
586
583
585
630
584
565
567
567
589
584
656
584
580
581
578
563
592
585
573
563
579
567
589
595
577
565
582
583
633
578
585
586
585
573
582
586
678
581
570
591
580
633
584
588
589
621
577
586
585
580
579
577
574
578
567
639
581
645
578
562
586
632
589
611
572
637
578
566
581
585
578
582
579
584
576
569
581
586
589
590
584
571
623
580
580
574
577
563
582
587
1407
576
578
587
588
579
583
566
587
579
586
576
636
580
580
620
577
576
570
568
642
571
564
579
648
581
582
565
579
582
582
652
580
589
565
572
575
569
572
583
586
640
590
646
579
565
642
580
563
568
566
564
564
563
593
577
564
582
577
596
584
652
563
581
577
582
580
574
579
582
588
580
579
586
582
573
661
576
577
579
572
577
581
589
590
580
584
576
586
578
579
582
580
586
572
567
584
582
578
578
587
634
1030
581
587
582
589
590
581
637
567
622
582
572
587
577
593
577
616
574
573
590
566
590
579
574
565
583
584
648
583
565
576
576
577
578
561
586
589
586
574
580
590
600
582
584
585
595
586
585
572
576
577
584
594
580
568
570
579
565
570
579
579
580
577
585
584
581
578
575
587
589
581
585
584
582
576
578
567
582
588
579
571
566
570
590
576
578
587
566
581
1197
587
578
572
579
580
576
579
588
573
590
583
579
590
582
582
576
655
582
577
584
581
578
576
569
585
583
580
630
581
587
590
572
585
585
587
586
591
587
578
577
706
579
566
635
582
581
600
588
591
581
588
569
657
587
577
568
587
567
574
590
589
577
580
565
568
564
575
571
584
584
574
606
574
583
568
567
586
649
573
567
582
570
613
585
586
587
577
571
576
643
582
592
576
579
588
572
579
637
579
587
631
588
571
575
576
584
602
1351
581
1049
571
569
567
624
573
585
585
564
568
571
561
573
578
579
569
574
579
570
568
589
584
648
574
579
566
567
618
585
563
592
573
637
630
580
603
589
563
581
605
582
585
577
574
575
566
574
581
591
585
627
571
571
566
685
618
576
574
567
648
585
587
573
579
613
587
584
578
586
583
578
584
579
586
620
584
585
581
642
582
579
580
579
580
659
573
628
630
579
584
577
570
581
568
566
589
585
581
569
776
569
582
584
588
581
583
571
571
584
567
579
586
610
576
581
565
582
636
588
621
569
581
585
577
567
576
574
584
585
583
579
582
597
586
622
590
628
571
587
561
581
585
582
568
568
581
578
583
622
627
570
574
590
580
623
590
577
579
572
586
584
585
575
578
606
640
585
568
636
583
575
581
582
622
576
591
577
571
576
595
584
585
562
587
565
582
583
578
573
565
583
582
585
584
592
582
578
581
574
575
586
581
580
586
589
637
571
585
566
611
579
583
634
627
582
582
580
583
590
583
589
578
664
585
584
643
1264
582
574
641
587
567
581
572
565
574
571
563
582
581
592
579
586
583
585
582
579
585
585
570
577
564
582
566
585
581
586
578
660
566
563
570
632
570
572
587
570
576
580
629
653
677
624
584
587
583
573
587
584
584
585
588
586
577
574
582
569
585
592
578
574
583
580
581
589
586
582
594
582
566
576
571
581
583
583
583
642
572
589
571
586
581
563
584
568
587
580
629
635
574
581
582
581
582
586
581
588
587
591
579
581
603
579
618
582
590
573
576
587
579
587
637
585
588
573
570
583
578
587
563
574
589
569
569
587
587
578
582
579
579
579
586
582
561
581
568
568
579
572
581
568
586
580
584
585
590
589
575
578
833
566
571
582
579
576
580
574
581
573
595
578
572
642
586
589
651
580
574
587
588
581
578
584
589
579
574
578
570
585
638
566
569
582
585
582
584
586
572
577
578
580
586
594
652
648
576
576
583
610
654
571
570
573
643
581
585
573
585
571
575
585
629
586
586
589
581
618
578
588
568
634
573
624
584
585
586
581
585
586
581
593
597
578
580
590
582
587
569
574
571
563
564
583
578
583
581
589
589
578
582
585
586
583
587
580
579
566
573
570
580
579
576
592
570
579
571
582
580
633
619
578
576
580
570
577
569
572
574
578
567
619
577
561
583
580
588
657
805
575
579
586
579
570
592
578
573
577
580
588
580
578
578
633
587
564
587
581
576
783
593
583
561
585
587
582
564
580
586
584
577
579
622
622
570
563
586
585
578
585
589
589
595
584
569
583
563
568
574
575
587
593
586
583
579
581
575
564
575
588
582
568
569
566
636
563
586
571
579
646
576
580
575
576
570
565
576
574
675
578
570
585
575
579
564
578
581
573
573
567
578
585
588
575
585
573
641
572
626
565
586
583
575
582
650
665
568
585
562
567
563
586
567
617
580
586
580
582
583
585
585
630
577
582
592
581
568
579
587
574
577
573
574
595
576
573
621
582
569
588
573
580
570
566
578
586
622
569
628
626
566
590
587
582
567
658
583
569
574
580
571
563
579
643
585
579
583
581
583
582
583
584
576
626
581
570
577
578
578
574
567
682
585
636
577
587
575
569
579
578
582
567
596
564
588
579
572
578
594
661
584
590
584
575
576
568
580
585
645
669
590
580
581
571
584
571
568
589
569
575
572
574
575
569
586
581
1115
584
580
584
572
591
576
577
589
581
581
638
578
570
564
567
632
643
1305
601
581
580
581
564
911
579
581
590
632
586
581
576
917
573
581
565
571
578
575
568
566
570
565
598
587
570
588
568
587
591
581
587
587
580
581
568
587
575
579
580
580
585
573
576
576
569
576
578
589
1046
666
587
622
570
608
565
619
635
589
566
1315
574
587
570
579
572
624
968
592
571
582
578
571
585
570
565
570
573
592
584
575
605
577
569
577
590
580
578
583
576
591
578
589
578
640
592
582
584
591
588
573
582
578
583
583
623
577
567
585
577
577
584
588
587
580
583
576
579
576
565
584
580
569
612
576
662
588
574
649
674
577
580
624
614
573
576
626
581
1662
591
585
586
580
583
579
584
584
571
590
629
575
578
581
575
564
582
583
571
587
584
583
585
580
580
578
614
585
585
579
611
585
583
638
574
583
588
586
564
569
570
577
588
565
1653
565
579
578
594
626
575
570
567
583
586
586
586
583
576
577
565
580
578
586
585
577
582
637
587
581
627
587
582
583
589
582
584
586
591
585
585
591
571
584
583
584
582
637
581
656
574
580
575
581
573
585
646
586
585
589
581
566
583
584
581
588
572
584
585
622
579
583
586
581
1133
585
584
628
578
583
584
587
581
637
600
585
580
587
585
578
570
636
583
574
567
596
595
577
588
585
576
580
1688
576
587
578
585
571
577
581
589
581
581
576
629
590
578
589
586
575
630
581
579
575
587
569
566
587
624
581
638
592
583
575
562
575
581
583
589
579
564
581
587
575
1306
586
567
569
574
592
592
567
564
576
572
588
638
580
622
587
578
586
582
563
571
584
623
566
591
582
577
586
567
584
585
582
579
585
566
565
575
568
601
570
576
590
586
565
584
641
611
604
574
576
574
574
606
584
584
580
581
574
591
578
579
585
585
581
578
1157
589
579
584
643
583
582
576
585
580
577
579
586
593
567
634
576
581
576
571
567
574
667
579
584
571
571
583
647
590
586
584
676
567
577
565
579
582
574
579
616
576
598
623
589
582
580
571
579
567
569
621
575
572
584
580
567
564
640
593
580
584
576
584
577
579
583
642
580
578
584
583
571
581
581
577
578
575
565
589
567
572
573
582
580
572
578
569
569
633
578
576
579
594
583
567
569
566
583
577
655
569
579
580
571
563
582
781
580
580
647
582
578
584
563
562
623
577
584
582
570
642
583
580
634
611
562
576
571
579
574
647
579
582
572
580
581
574
574
575
586
585
566
573
606
584
581
581
583
625
829
635
622
566
564
628
575
570
581
629
573
569
571
580
580
583
573
578
568
640
574
573
572
567
624
582
584
579
573
585
564
575
570
582
586
573
1438
587
570
574
599
584
588
580
582
580
583
588
586
577
592
805
583
566
579
648
579
567
589
584
569
574
565
585
575
577
568
627
567
586
585
564
578
561
578
568
569
572
587
582
578
576
628
628
585
590
565
585
582
582
581
581
585
574
577
650
582
571
580
582
565
586
581
568
580
577
583
581
567
565
573
583
585
577
582
1350
588
601
584
576
573
574
579
584
580
615
581
585
1528
583
616
637
569
580
565
585
580
571
572
578
587
576
589
591
734
581
572
564
569
583
642
581
570
574
583
578
572
575
577
582
565
572
626
565
576
581
579
578
576
586
625
566
585
583
571
575
641
575
569
578
571
592
586
570
583
573
571
575
583
580
570
584
580
568
580
570
571
584
566
572
573
581
573
575
587
582
568
570
650
587
612
565
583
576
580
579
580
587
1122
580
574
563
570
591
561
565
601
585
588
581
582
618
589
585
632
581
581
580
584
590
579
583
581
588
581
586
585
566
585
585
571
578
587
574
565
586
586
579
589
572
584
630
648
570
576
579
631
585
576
591
573
566
578
588
583
582
570
572
581
584
563
573
582
587
576
629
585
609
578
570
570
575
597
582
586
585
573
576
577
583
561
574
574
594
578
567
594
650
585
580
585
584
574
574
591
568
572
570
571
578
635
700
564
586
667
569
569
574
577
621
581
575
570
640
584
580
1307
576
572
805
586
584
591
574
574
563
569
574
567
569
570
563
572
561
590
572
589
570
1314
588
571
576
582
669
628
643
582
578
584
575
567
572
591
577
579
584
590
576
584
625
588
638
571
570
583
633
581
579
561
660
579
571
566
570
585
581
582
580
579
579
586
585
580
586
622
621
587
570
577
571
580
583
582
583
587
994
585
585
578
586
584
581
624
626
592
584
580
567
583
579
578
645
586
581
584
580
578
567
570
569
569
648
573
567
588
576
572
575
569
579
591
668
586
575
580
566
572
576
575
572
584
585
585
925
580
590
571
583
575
575
591
578
584
589
589
608
567
589
573
584
579
587
587
574
588
584
586
584
587
582
568
578
573
585
571
646
588
583
585
581
586
583
584
589
570
582
569
623
584
565
576
577
623
586
574
565
584
582
578
578
579
581
585
581
625
612
576
585
569
564
589
614
623
584
573
584
577
577
574
630
628
576
600
587
578
572
633
581
587
586
587
580
596
569
583
574
1356
590
581
583
568
583
577
577
584
568
584
587
561
577
569
582
647
566
568
592
561
580
578
587
582
587
583
1393
571
610
581
580
584
623
583
570
580
579
581
582
624
583
579
578
578
580
576
578
585
581
563
581
579
583
589
581
573
569
583
582
590
579
578
585
572
589
571
572
583
582
570
577
566
567
575
578
582
580
575
565
573
582
585
585
578
639
575
1007
581
581
565
573
575
570
568
587
641
583
589
641
581
584
586
580
581
601
586
585
582
592
575
640
579
587
583
628
579
579
584
584
600
589
568
569
584
579
591
572
579
573
583
579
584
581
588
580
578
592
585
570
577
590
576
585
585
581
580
786
606
629
589
577
630
577
591
577
589
644
571
574
583
573
976
578
581
582
587
584
587
576
584
582
586
578
623
568
589
588
584
586
644
561
586
589
582
647
578
572
568
586
580
1513
570
583
583
573
565
585
587
593
579
582
577
569
582
579
582
587
565
582
563
575
574
578
641
576
650
582
572
580
565
565
564
672
568
585
666
575
583
589
572
570
571
624
577
584
576
575
576
564
588
586
584
566
581
565
574
586
582
585
586
573
577
587
580
587
572
593
584
581
568
561
1155
573
588
580
593
581
592
637
575
572
584
639
573
582
572
582
569
584
582
574
590
592
575
586
585
579
584
587
586
570
589
570
578
576
568
569
566
582
583
571
579
579
624
630
586
588
579
576
569
570
640
645
586
616
583
648
577
818
564
573
580
603
580
583
632
564
568
582
575
587
581
567
571
568
580
587
584
591
578
569
637
578
571
582
587
580
580
580
603
577
595
579
584
586
583
587
582
585
581
564
591
591
565
584
570
585
581
579
565
637
569
588
636
595
570
576
580
583
567
588
592
579
585
583
576
578
582
567
585
581
618
573
625
571
579
574
590
588
577
574
572
577
585
581
575
574
571
1178
641
566
580
565
584
584
573
581
580
582
583
572
596
569
581
569
586
577
577
623
575
584
583
581
561
581
586
570
565
583
585
578
588
575
580
629
628
582
583
566
574
571
579
583
623
567
571
583
574
564
568
619
577
579
628
574
645
578
566
564
574
573
585
619
576
569
564
573
571
571
577
570
583
584
573
590
581
576
584
572
587
584
588
573
590
579
586
588
599
569
579
629
581
569
1292
564
569
574
563
578
577
583
587
589
569
582
570
577
577
575
575
570
582
584
584
615
588
590
584
582
573
578
571
573
565
566
583
582
590
578
581
1667
572
569
626
576
573
580
580
582
583
585
577
659
624
586
586
631
583
565
587
578
576
575
639
570
586
646
572
588
578
574
574
570
589
582
578
565
575
571
579
579
584
565
585
585
646
582
597
636
580
581
583
583
576
583
581
578
573
588
580
694
587
578
585
567
586
568
574
575
576
574
589
588
582
588
575
588
568
583
588
583
1392
585
580
574
578
633
577
588
586
574
689
578
580
579
565
581
581
624
574
576
574
623
570
570
574
580
570
587
590
578
570
583
577
580
588
575
585
579
574
569
573
576
569
569
582
583
584
581
575
564
633
634
585
570
587
580
567
579
586
573
575
564
563
577
570
581
634
579
618
630
573
594
579
969
582
586
584
578
574
571
563
564
584
588
579
586
585
581
587
586
585
570
575
573
570
587
580
584
575
588
644
584
571
580
647
586
585
570
583
581
565
588
584
565
567
586
584
591
587
581
567
579
582
580
584
580
572
688
563
575
571
593
590
584
573
595
566
566
577
589
589
588
580
581
575
588
569
572
576
589
572
571
583
591
563
583
593
589
561
582
583
625
789
582
588
589
571
583
583
583
583
579
575
571
577
589
565
576
584
624
572
584
572
684
566
576
580
584
579
568
579
577
578
586
587
580
577
576
582
593
629
1558
586
584
574
579
584
598
591
588
582
582
590
573
569
581
587
579
588
577
582
582
865
576
578
581
589
592
624
568
631
578
581
621
629
568
585
582
581
584
586
626
574
566
569
585
644
568
579
577
593
581
589
583
584
585
621
578
586
574
590
584
639
566
631
585
573
581
581
564
584
577
585
584
1565
573
566
631
586
635
579
589
578
579
565
589
575
585
575
584
568
578
814
584
782
575
570
573
576
570
623
584
583
577
571
579
578
573
568
626
565
584
585
649
573
638
572
729
576
580
582
586
579
574
579
578
579
579
584
621
578
571
577
571
1084
576
583
584
569
563
647
567
568
579
654
588
591
584
580
579
577
573
562
583
571
583
585
569
579
577
585
595
574
571
582
572
577
576
584
586
584
632
584
580
581
583
580
625
578
582
580
568
582
578
589
586
579
573
576
663
643
569
568
582
574
564
626
622
585
577
578
576
585
580
571
585
637
582
584
572
574
624
583
569
565
580
575
626
578
575
580
582
583
582
580
584
585
588
581
580
583
585
574
583
583
581
583
587
578
575
585
580
564
570
583
580
587
622
579
628
647
586
581
577
583
562
581
574
568
586
571
585
579
582
579
574
621
575
572
590
563
632
587
578
561
588
577
581
589
621
566
571
577
581
589
675
586
591
584
582
582
630
585
581
580
584
580
579
565
582
585
577
621
565
638
587
568
565
577
581
564
567
573
584
587
579
581
583
578
567
584
587
588
587
586
586
576
581
662
574
576
570
574
572
574
569
574
572
568
568
577
595
587
587
681
591
619
622
576
630
587
583
565
575
630
580
563
591
577
588
579
630
585
574
574
578
569
566
585
565
596
577
587
567
685
642
571
585
562
586
570
575
581
580
710
585
582
588
581
585
583
586
569
632
571
575
565
578
581
584
586
571
580
578
573
584
571
582
580
588
576
587
570
570
583
579
579
584
586
587
571
563
574
577
585
562
578
633
569
566
587
585
586
577
576
581
587
576
1424
633
581
562
571
579
567
581
583
586
586
632
576
579
583
580
572
579
580
588
622
628
620
624
576
582
569
623
584
578
571
571
571
580
568
583
590
571
576
580
579
591
578
571
581
583
579
563
588
579
584
581
580
580
588
582
579
591
567
575
578
561
581
580
567
618
584
572
574
570
584
569
590
566
578
577
634
592
591
583
568
583
574
568
584
567
568
603
623
565
571
620
582
576
573
571
625
582
588
580
584
564
579
582
804
631
587
646
588
571
587
583
576
572
581
561
588
584
590
569
585
572
578
582
590
582
576
574
586
581
584
612
581
579
578
759
575
651
575
572
570
590
585
577
618
584
567
577
588
571
576
583
566
586
612
586
623
567
584
633
573
582
566
564
571
567
578
620
632
576
581
581
583
575
572
599
579
590
569
587
573
575
590
585
570
588
563
577
581
578
618
569
569
576
582
580
573
575
585
566
570
569
627
582
584
568
738
640
576
574
583
588
581
584
586
582
637
624
579
580
588
579
574
568
734
580
590
577
581
633
576
565
583
575
581
585
582
576
569
627
591
575
581
579
627
631
580
584
563
575
637
580
576
577
564
580
566
644
574
568
579
577
568
577
581
595
580
665
592
593
562
570
589
584
575
677
581
589
577
586
576
575
581
590
567
565
581
573
571
578
581
633
573
572
576
564
585
581
579
581
648
588
583
570
583
583
689
647
564
592
624
571
584
580
588
586
577
577
585
563
578
640
585
587
965
583
635
588
588
589
579
581
643
587
580
590
584
579
578
589
586
570
580
568
576
563
569
586
572
595
568
588
577
566
634
626
578
572
579
627
586
567
568
566
577
569
635
628
587
585
578
573
565
577
574
573
574
578
571
579
571
580
585
568
735
581
588
633
572
581
580
582
566
611
581
586
591
587
585
642
580
644
624
635
563
586
578
592
622
592
570
587
578
584
587
576
581
579
569
586
570
579
577
584
565
582
592
591
568
566
587
589
578
589
574
579
581
583
589
583
573
572
563
569
568
581
575
585
587
580
578
584
570
576
619
634
578
564
575
582
581
631
579
595
588
582
577
569
581
564
564
882
577
580
586
624
579
571
585
591
565
581
580
630
584
578
585
573
580
584
578
585
584
590
579
575
589
586
569
564
576
590
580
608
586
581
578
580
582
583
573
588
586
582
572
566
569
579
583
632
580
564
578
587
583
588
578
572
588
561
570
1428
572
585
576
571
574
567
643
573
563
571
582
565
584
904
578
581
590
627
593
583
589
804
618
583
583
580
581
586
586
585
583
587
589
576
650
574
650
581
579
602
643
578
588
647
589
588
581
619
572
576
572
582
582
586
564
580
599
574
585
576
582
582
585
570
593
565
577
581
638
624
573
567
582
565
624
581
637
568
578
572
590
589
583
580
630
626
585
583
580
563
573
569
586
581
634
608
581
581
566
569
571
623
588
582
563
568
649
589
577
578
582
582
628
589
592
577
581
578
574
579
581
579
569
566
589
564
568
611
571
586
582
584
571
579
579
578
589
577
564
591
563
587
574
579
569
579
564
586
578
631
579
585
648
578
579
579
577
578
577
571
569
584
583
583
797
586
586
583
584
581
635
645
590
588
584
584
585
578
565
589
585
577
582
583
571
633
582
582
576
585
584
1228
582
565
581
583
578
590
568
582
589
572
586
584
564
577
586
564
571
575
571
578
580
587
568
583
581
564
580
573
575
580
657
626
567
568
581
583
575
582
581
584
569
642
581
586
576
584
640
579
621
578
583
583
606
618
588
627
587
587
626
572
589
569
586
579
615
607
585
588
562
586
625
576
580
581
567
566
570
589
574
581
587
570
584
620
579
579
655
597
592
581
590
574
575
572
572
590
589
631
566
577
563
586
584
589
581
587
634
569
578
586
582
654
579
592
577
580
585
574
581
585
579
575
590
1303
576
587
580
587
568
570
563
624
576
584
584
585
584
574
582
633
569
579
567
574
586
621
589
577
576
579
584
583
585
582
582
584
571
575
580
578
578
587
718
583
579
580
572
565
570
582
584
574
590
580
575
583
575
587
575
569
577
581
573
583
627
577
565
578
592
565
566
645
579
577
582
583
578
574
582
586
579
566
576
581
583
583
582
587
583
576
577
583
624
585
585
585
577
587
584
578
587
569
571
575
585
632
628
568
577
592
562
582
575
581
584
693
565
584
582
583
578
585
654
586
577
571
626
612
579
585
633
584
568
576
582
568
624
564
582
577
567
581
583
586
573
586
561
654
585
575
634
574
574
564
583
631
577
574
589
566
1076
564
628
571
645
581
568
577
577
572
568
588
574
590
567
575
575
568
586
581
576
585
565
570
588
586
582
586
581
644
585
587
584
576
586
589
568
593
566
585
564
588
580
583
581
648
583
585
590
583
581
594
588
632
580
578
583
583
580
577
578
616
569
578
567
572
625
586
578
573
580
582
581
577
565
567
586
567
570
596
572
583
578
591
585
581
651
579
580
580
584
639
630
579
565
585
578
571
594
578
584
578
581
585
581
584
579
574
566
587
582
580
587
569
585
634
583
586
587
583
574
590
590
565
583
578
590
639
572
578
650
585
574
599
586
584
585
573
570
586
582
592
579
583
579
565
575
644
587
581
579
578
565
571
580
573
564
566
581
581
578
568
586
572
582
576
578
584
585
584
575
584
575
585
583
571
647
596
581
588
585
580
954
586
580
587
577
574
562
592
666
586
584
584
660
575
591
592
584
585
591
580
580
574
589
583
592
579
582
582
645
583
585
582
583
571
575
582
564
587
570
584
582
585
586
582
578
576
583
628
575
584
588
578
598
581
611
586
588
574
571
568
573
565
579
576
617
568
581
572
565
573
1284
564
570
581
639
565
582
580
579
566
583
572
581
650
617
572
571
565
576
588
587
585
582
645
589
583
565
572
578
579
575
576
567
581
574
575
571
568
588
593
584
582
579
575
570
587
621
631
581
587
581
572
613
624
580
575
566
568
580
588
583
577
567
581
584
571
575
571
571
576
574
575
574
589
587
582
574
584
564
567
583
584
583
618
585
577
570
581
620
584
588
626
571
582
580
620
591
584
580
582
563
582
619
570
584
638
581
585
580
579
588
590
577
580
579
582
667
580
593
586
586
573
582
585
567
694
639
569
566
571
584
586
583
578
570
577
586
588
585
583
581
586
572
578
584
590
650
582
581
632
586
588
577
579
569
574
581
566
575
567
586
566
630
564
577
656
575
579
572
582
581
575
629
615
613
585
574
580
577
567
656
576
582
574
571
589
581
564
571
580
586
570
587
576
588
568
634
562
581
575
585
584
577
584
583
578
584
587
586
576
632
624
634
581
584
579
582
583
631
618
587
582
580
584
1641
584
581
584
587
570
577
563
647
577
583
576
629
600
580
618
582
578
580
572
567
584
575
578
576
574
597
570
566
565
584
574
563
575
571
590
561
577
579
647
584
580
573
565
572
581
583
591
589
587
581
566
584
582
589
581
586
583
572
587
584
580
634
626
585
580
586
575
609
578
591
571
576
567
576
626
583
585
580
576
565
580
579
584
582
592
584
1397
572
585
579
578
574
585
781
583
1042
587
578
576
581
569
585
581
1655
580
621
588
636
580
665
587
572
570
569
580
578
581
584
570
589
582
588
585
574
586
575
578
579
587
681
647
624
649
628
571
591
581
585
577
650
586
587
569
578
569
645
584
934
592
584
581
583
567
583
586
568
583
1100
590
580
588
582
571
570
572
588
575
579
573
568
567
590
570
650
593
573
578
570
584
565
579
567
581
577
648
576
587
588
579
1218
565
573
587
575
579
579
575
590
580
579
624
587
564
577
583
579
566
589
578
581
568
586
572
583
563
566
568
629
569
570
570
574
582
565
567
566
566
586
572
589
583
629
582
566
583
628
584
570
583
564
580
574
599
605
579
582
581
579
571
569
630
571
584
583
585
590
584
580
573
582
578
582
583
1332
618
564
662
575
570
576
584
583
622
570
563
565
579
569
579
582
589
866
584
588
561
587
572
569
564
636
583
576
643
566
584
582
584
580
578
584
581
587
580
578
581
580
624
572
586
576
571
573
585
584
576
617
583
589
579
582
577
571
586
584
575
614
585
582
585
624
576
565
586
576
569
581
586
583
586
577
588
588
567
578
673
619
565
581
573
566
566
565
581
628
583
577
570
578
590
580
643
565
576
597
565
577
584
588
651
565
601
574
572
581
586
584
572
572
578
578
1061
585
584
583
582
582
616
578
656
627
570
569
584
583
573
574
569
587
804
573
577
582
572
571
576
570
583
578
591
587
582
583
583
584
576
584
574
570
581
583
583
577
570
574
587
576
577
577
569
576
568
568
1214
576
654
579
578
568
629
665
568
569
568
573
587
572
575
581
581
959
630
635
580
585
587
573
579
586
593
566
565
572
573
586
640
568
568
596
592
659
579
587
623
579
587
584
587
573
624
627
569
575
584
562
583
628
570
577
628
568
576
586
584
574
571
565
583
567
570
565
585
583
572
836
576
566
570
586
566
594
579
575
579
564
637
679
578
577
574
585
591
663
586
580
566
564
575
584
587
569
573
625
566
568
576
577
583
584
579
579
571
581
578
587
575
586
585
584
582
584
569
573
568
601
577
568
586
568
582
569
575
563
584
574
588
581
594
561
580
588
581
590
628
587
634
580
587
570
569
577
627
619
618
631
580
574
672
567
586
572
582
579
566
579
569
568
586
589
643
584
587
624
577
583
1697
585
575
578
590
628
629
578
583
580
585
570
588
574
572
571
579
571
628
568
579
635
585
595
586
583
572
579
642
582
573
951
580
579
576
564
577
617
571
587
587
570
573
589
564
1308
565
588
618
579
581
582
585
583
619
583
629
586
624
585
580
584
625
566
641
574
578
579
570
578
592
585
630
567
569
577
578
575
579
569
579
580
572
568
574
589
584
566
632
589
586
569
576
576
573
583
565
599
638
568
624
577
574
577
578
597
657
629
565
585
570
579
578
884
575
582
591
580
565
565
569
577
587
581
598
572
569
564
606
587
582
583
583
640
582
583
589
585
581
581
576
566
582
583
580
581
579
568
615
577
585
576
577
577
583
584
564
565
579
569
563
576
584
585
580
583
573
577
582
577
586
585
584
625
580
577
578
564
584
580
578
586
576
585
573
579
588
585
631
585
577
578
581
581
585
761
579
590
570
575
575
581
573
585
575
566
567
1607
583
585
582
578
575
585
582
585
570
626
649
572
574
590
583
584
580
585
588
567
581
588
583
583
591
570
581
587
593
563
572
570
589
581
577
586
578
580
578
589
590
590
579
587
579
586
593
564
561
582
575
589
582
589
575
570
566
572
563
572
581
568
643
587
567
574
572
570
582
580
584
581
666
589
589
577
626
626
563
590
576
580
628
590
568
573
576
588
585
584
572
583
587
584
582
592
564
589
653
582
585
583
620
588
626
561
590
565
579
582
588
582
586
579
589
578
689
663
579
581
587
619
565
639
621
572
586
627
573
580
599
651
579
573
581
561
585
584
1376
588
581
639
580
582
975
584
572
587
572
573
578
586
569
578
588
568
577
566
591
647
583
634
581
586
584
571
578
580
568
583
631
579
588
574
583
584
590
575
580
575
585
625
569
586
569
638
583
575
591
590
563
575
565
576
582
578
572
572
576
574
573
588
573
575
592
592
580
566
586
636
580
586
589
625
577
578
622
582
585
583
623
624
582
562
561
580
585
585
568
581
564
572
630
578
581
581
589
622
581
592
581
563
571
586
626
642
567
584
568
577
583
582
572
565
573
586
709
633
571
588
576
566
578
578
571
587
568
566
623
583
587
578
588
587
649
571
571
582
572
619
569
563
588
584
565
576
585
591
586
581
629
576
586
586
587
583
577
579
591
568
571
581
581
565
570
629
591
580
584
580
585
576
588
586
578
580
568
626
588
590
584
562
615
581
577
588
576
582
580
590
570
576
569
579
586
580
583
578
584
563
579
619
565
572
581
589
585
584
592
582
583
573
580
583
580
577
636
578
585
582
578
568
572
574
585
580
591
572
569
572
633
630
569
576
575
567
570
584
584
585
580
563
574
638
587
582
978
577
583
565
632
585
585
584
579
588
588
587
578
583
586
592
589
568
575
569
571
569
564
619
594
575
578
576
575
582
586
581
582
572
570
575
570
613
578
578
582
586
581
660
572
579
572
653
583
581
579
583
579
583
584
583
634
577
575
584
642
581
576
586
589
580
587
586
587
573
582
584
585
632
583
578
580
570
641
564
584
643
587
564
567
571
588
570
588
586
583
562
578
589
671
1284
584
572
579
580
589
634
584
579
582
564
586
617
561
956
582
582
586
581
576
614
582
585
583
569
586
579
582
579
578
579
576
574
580
586
591
585
602
584
591
582
596
582
594
561
572
578
581
561
651
577
1338
570
641
585
586
578
583
586
577
572
586
676
583
583
583
579
579
564
572
583
585
580
569
581
594
574
583
589
567
569
577
583
588
581
575
586
576
570
577
574
590
579
587
583
586
580
585
584
573
575
1058
584
582
580
651
569
578
579
783
585
576
568
587
582
575
583
582
580
578
585
599
606
614
588
655
578
561
574
562
574
582
583
572
585
629
576
586
583
568
605
650
580
623
626
582
563
582
583
586
585
646
585
599
586
577
587
582
587
575
575
652
573
587
618
627
586
587
570
587
579
586
565
665
608
575
577
569
621
579
587
587
583
585
588
656
576
579
591
580
579
583
566
574
576
676
665
582
570
575
581
594
582
579
599
581
577
586
586
579
626
571
581
583
580
572
567
587
645
813
594
578
577
565
587
624
570
581
585
588
585
564
577
574
599
579
589
585
584
582
580
586
587
583
576
571
590
574
581
561
593
581
586
589
591
588
566
570
574
585
575
588
591
579
587
592
577
632
582
622
586
588
579
586
584
644
580
582
588
570
586
589
584
586
1101
575
584
581
577
569
573
590
587
581
581
634
634
586
585
583
583
575
581
587
587
576
582
578
589
634
579
581
567
567
572
568
580
608
682
571
561
585
581
582
640
650
582
583
762
567
580
566
650
584
571
576
573
567
581
566
949
582
579
585
570
579
644
587
583
1484
564
570
581
584
569
582
582
588
580
580
593
584
612
631
569
573
584
577
569
584
576
563
571
574
579
584
576
572
571
578
563
577
583
575
576
580
564
563
580
565
583
586
587
572
571
582
649
586
578
753
580
562
564
583
583
569
579
574
576
579
625
583
583
569
583
564
571
640
587
591
589
574
581
621
585
636
635
577
590
570
578
587
583
583
567
588
1074
585
571
584
586
588
575
582
644
582
575
659
576
561
632
634
676
585
581
563
575
567
582
592
581
583
588
628
579
588
615
583
