500
493
503
489
492
522
489
569
520
572
491
501
496
510
493
505
503
509
489
517
494
491
492
501
490
510
488
597
489
494
491
498
568
516
644
503
499
1436
489
499
506
490
490
500
507
501
490
563
509
768
490
493
490
495
504
491
509
489
494
508
490
490
491
492
491
496
489
490
558
490
494
491
1028
495
508
550
490
568
490
505
490
520
491
508
554
508
501
498
507
504
491
490
490
490
489
503
506
489
490
504
510
504
493
509
489
505
498
498
500
495
525
489
494
493
490
491
554
506
490
490
495
490
490
504
539
489
490
493
567
490
601
494
490
488
490
499
498
505
504
491
490
500
495
490
493
493
489
503
504
493
510
503
489
494
570
490
500
507
490
489
503
493
490
490
642
511
502
494
499
501
1285
508
600
512
489
490
503
485
559
548
494
510
499
494
493
505
490
498
509
489
508
638
504
504
493
493
565
489
490
504
490
782
495
780
490
490
491
504
502
490
496
558
491
508
493
491
503
495
503
489
556
1119
491
584
490
489
504
491
490
490
490
490
551
490
526
490
490
489
490
494
490
490
505
493
490
490
490
494
505
506
493
493
491
489
490
494
491
506
495
489
490
494
494
570
512
504
570
510
491
485
500
490
559
505
503
490
498
494
497
491
493
494
490
503
498
499
490
500
502
503
489
503
545
491
491
494
499
490
504
494
490
490
506
489
491
492
494
506
490
490
493
503
492
492
507
490
505
496
507
491
494
509
499
492
503
500
530
544
494
493
490
491
500
491
490
532
494
504
490
505
514
494
494
1167
489
491
491
503
504
493
507
491
490
494
490
499
489
501
502
489
504
500
551
490
506
493
491
544
505
550
491
494
504
490
505
494
491
491
508
506
560
490
957
509
509
509
485
510
511
493
490
489
491
543
508
510
544
493
490
490
502
506
558
494
504
551
498
587
508
491
503
553
490
499
506
503
491
507
567
495
491
495
490
499
559
505
493
493
493
494
498
508
502
489
513
556
495
502
490
493
490
508
504
494
490
504
493
508
491
491
505
489
489
494
494
490
508
493
495
491
490
493
548
490
499
494
490
491
494
491
513
490
494
490
494
503
502
489
488
494
491
490
494
504
489
491
543
491
489
490
542
489
489
503
509
485
503
547
541
501
489
494
490
486
547
493
489
504
502
490
489
493
489
491
507
494
501
494
493
490
490
503
504
629
498
548
745
493
497
494
489
489
491
546
489
491
493
493
817
490
490
492
508
501
498
490
509
494
502
489
489
494
505
493
499
501
490
490
490
507
506
549
565
490
489
498
500
506
489
488
492
489
543
499
489
509
557
493
504
503
505
490
492
493
490
505
490
506
595
490
490
489
500
503
491
490
503
490
489
491
489
545
494
489
492
502
488
491
493
503
492
486
490
490
491
493
505
493
489
505
499
491
506
493
493
490
566
489
505
507
489
505
494
490
490
489
494
544
493
490
490
491
500
504
490
508
490
508
489
489
547
506
491
508
502
504
490
509
493
490
491
508
489
507
492
494
514
508
489
494
490
505
490
509
556
490
494
490
504
1120
490
507
489
490
494
505
491
493
491
490
507
494
504
505
490
489
494
493
505
504
505
493
501
532
496
503
496
498
509
491
511
495
490
559
490
490
508
494
502
506
490
489
491
502
507
505
550
490
508
488
489
544
506
489
493
494
491
509
597
503
576
491
490
505
490
491
506
491
506
586
491
517
508
503
490
491
494
488
493
498
490
505
500
598
564
491
504
495
490
489
501
502
513
493
489
506
491
491
490
507
490
490
501
501
508
489
490
490
505
491
499
489
493
507
494
489
491
491
551
490
542
492
501
490
530
494
508
489
504
505
500
495
507
489
490
498
499
491
509
507
489
493
512
594
544
489
490
488
491
493
503
501
494
500
499
505
1134
503
514
489
546
493
490
499
493
490
501
490
489
493
485
499
505
490
490
489
489
491
490
493
490
490
505
510
489
501
548
505
493
498
494
510
502
502
504
489
499
492
501
506
493
504
489
489
494
490
490
490
490
513
490
499
497
491
501
511
503
492
492
490
489
565
546
514
491
494
490
492
494
494
509
490
494
490
508
499
553
506
489
486
505
503
501
503
489
836
489
490
499
492
492
490
488
491
489
511
504
493
552
509
493
494
489
490
489
494
491
491
494
496
503
490
497
490
492
494
490
506
504
490
517
490
493
489
490
490
493
494
566
495
504
507
490
548
502
490
551
493
489
489
490
489
558
506
490
490
491
503
541
489
490
515
490
505
494
489
491
491
509
489
489
490
495
502
490
498
490
563
490
493
489
490
499
491
511
489
493
607
507
489
676
508
490
491
499
491
493
542
497
490
493
490
490
504
489
490
514
504
494
494
493
490
491
493
490
504
502
489
508
489
493
1176
491
501
492
504
511
589
549
493
490
489
503
506
489
504
495
542
561
491
489
502
534
490
489
493
501
490
489
491
494
510
550
491
511
490
490
507
492
508
494
501
492
510
500
807
490
490
494
507
494
575
489
490
498
501
491
498
507
506
490
493
493
490
512
489
489
508
583
506
493
490
499
503
490
490
490
505
491
512
505
565
490
493
493
509
505
501
494
490
504
501
490
490
490
489
491
493
493
490
504
490
501
489
508
493
503
490
566
504
503
489
490
508
489
490
494
499
490
490
490
503
511
507
581
490
494
555
498
518
508
493
491
506
492
490
490
486
505
489
489
490
543
507
513
493
500
502
495
749
509
503
494
510
493
500
504
490
495
494
494
490
490
490
508
490
504
491
490
485
491
507
490
506
493
504
488
493
501
491
500
493
489
512
494
598
501
516
507
503
514
553
1301
489
503
489
491
490
493
502
490
502
559
486
508
492
490
502
489
499
506
509
506
493
490
494
494
509
489
489
503
508
546
500
493
504
505
493
494
537
494
490
512
551
533
507
495
509
493
490
495
501
490
490
491
508
490
510
492
500
489
490
490
564
493
490
489
540
500
501
494
490
490
601
490
492
490
500
491
492
504
490
495
491
490
551
491
494
501
507
518
490
494
507
507
498
490
490
565
501
493
556
914
490
494
490
490
490
494
491
498
505
544
505
490
503
489
500
489
498
492
494
504
490
490
493
511
505
490
507
489
500
490
490
505
504
499
490
493
496
494
490
489
493
490
493
490
499
503
503
489
489
490
491
510
513
489
490
490
487
494
490
490
509
494
490
500
490
489
559
490
494
495
506
493
501
507
490
494
506
506
488
490
505
508
489
493
497
508
504
491
506
490
494
579
502
491
558
493
493
504
490
494
566
513
490
494
490
503
500
498
505
502
601
490
490
490
489
503
507
490
493
542
490
500
570
490
491
493
506
499
505
549
503
509
581
493
491
509
507
490
492
501
492
570
489
505
489
489
490
489
490
490
490
507
489
502
493
492
505
490
489
493
490
508
503
494
503
506
493
494
489
516
503
502
613
490
503
487
489
505
490
502
494
501
496
489
492
568
490
501
513
508
890
507
571
490
490
500
561
506
495
508
491
500
546
490
490
490
495
506
502
494
493
502
807
674
543
508
504
507
498
496
558
505
490
490
494
494
491
516
494
525
500
494
510
490
489
485
502
508
497
500
547
502
555
490
516
506
493
499
490
509
493
728
504
489
505
491
503
489
490
495
489
491
558
494
493
490
515
490
491
495
500
494
490
489
499
491
507
502
624
506
502
493
489
488
490
502
489
491
490
507
506
511
507
551
501
509
506
504
504
506
500
504
546
494
504
494
490
491
489
507
1271
561
498
554
491
542
490
508
540
490
491
500
505
503
490
495
507
561
510
494
490
506
494
503
494
490
501
492
502
506
490
490
494
498
490
490
490
504
511
545
510
493
490
506
494
489
490
493
500
506
504
499
489
490
508
494
499
510
502
628
500
494
489
561
490
506
494
493
504
505
493
494
489
505
503
491
490
509
490
502
560
1438
491
493
507
520
562
509
493
491
566
560
502
504
489
502
513
490
493
506
545
490
490
490
490
503
500
491
494
494
497
491
506
490
508
544
490
507
491
574
489
490
506
504
490
490
493
504
489
494
558
513
489
562
506
500
489
489
495
493
489
504
503
489
492
489
490
489
498
490
490
493
494
490
506
493
491
502
500
490
572
511
490
494
543
493
494
489
489
491
490
489
551
490
490
490
529
507
492
551
490
505
502
494
543
1359
490
490
494
491
490
548
500
512
500
505
493
485
501
495
491
489
497
504
490
494
563
489
491
564
495
509
486
502
734
531
494
577
547
491
507
503
930
500
579
494
509
507
498
501
500
493
508
507
490
502
490
505
490
505
489
502
490
524
490
552
511
489
493
494
490
490
494
559
504
498
490
490
513
493
509
495
499
494
491
505
507
505
490
523
489
516
500
586
490
491
490
512
530
509
504
491
489
496
489
491
508
494
505
542
490
508
510
498
498
490
491
499
504
494
489
509
511
491
504
548
493
490
500
489
510
500
503
504
490
495
501
490
896
490
504
490
506
494
489
490
505
490
492
487
502
502
492
490
494
490
559
506
492
490
518
560
490
490
513
490
504
502
493
1381
491
556
495
503
502
517
501
504
489
491
490
489
490
491
490
503
494
505
502
557
494
491
490
504
562
489
491
490
498
793
490
498
493
492
490
541
503
490
499
547
509
516
504
501
494
493
490
533
490
504
573
491
506
490
504
490
490
500
493
485
490
498
491
489
489
557
504
490
493
500
494
491
489
490
490
505
489
489
490
493
557
523
490
506
501
491
504
503
560
511
504
503
489
515
489
493
489
507
494
491
560
500
489
499
493
505
501
490
494
512
491
496
491
489
500
490
546
490
509
499
490
491
546
513
504
490
493
491
493
504
488
489
485
704
629
490
489
493
557
491
495
493
502
488
490
493
505
492
560
489
489
504
490
479
500
498
490
497
491
508
494
496
504
509
491
500
501
498
506
992
490
498
539
498
500
489
490
503
490
508
490
540
1274
494
503
510
491
551
495
502
500
490
490
517
553
497
490
489
492
493
512
491
490
494
506
489
506
507
497
490
504
490
489
490
494
522
510
508
501
607
507
506
490
503
540
498
506
506
505
501
500
495
493
503
521
490
509
490
497
505
488
547
494
596
516
583
506
489
503
499
548
489
661
1392
554
489
491
491
490
490
498
490
499
496
504
491
489
536
501
488
501
489
489
504
489
489
490
495
508
569
514
493
493
501
510
489
502
490
491
494
513
490
493
504
490
493
500
490
489
502
494
491
505
503
490
503
489
489
491
491
494
503
511
498
505
491
492
600
542
496
553
504
491
503
491
514
490
489
505
603
499
1200
546
723
509
490
494
490
504
505
514
485
490
494
550
491
499
557
501
498
508
1423
490
489
851
503
548
498
489
490
505
489
513
549
490
493
502
489
490
509
498
490
501
490
572
558
501
511
504
507
490
488
491
495
511
513
491
490
491
491
555
494
500
494
493
490
490
502
489
489
512
503
490
590
500
504
509
503
493
509
499
493
495
491
493
493
501
490
489
490
490
489
490
490
507
508
493
505
490
503
542
490
490
545
489
495
493
491
500
490
493
508
489
506
493
502
513
504
498
545
491
490
506
504
493
489
490
494
508
489
489
493
490
490
510
493
500
506
506
542
500
492
557
506
490
505
493
494
494
499
490
502
490
640
485
499
502
506
506
491
493
574
490
494
493
511
503
505
500
506
559
543
490
491
507
502
499
653
495
490
489
490
492
491
488
500
505
504
509
496
506
553
493
506
500
492
504
509
490
491
490
490
489
545
502
495
505
500
506
490
489
509
489
498
546
515
490
494
490
541
491
504
500
507
545
504
490
491
491
490
502
505
489
504
509
490
502
491
490
493
510
507
490
492
491
500
506
505
508
494
500
551
493
559
500
568
503
492
502
489
493
499
509
494
503
490
493
548
500
489
491
493
491
490
499
490
490
510
493
494
504
491
501
568
492
489
493
489
499
489
489
492
493
502
489
494
506
558
491
490
490
490
491
506
513
490
504
490
508
502
504
501
494
491
496
489
490
502
488
489
557
510
490
506
539
503
489
491
491
510
488
581
558
490
502
502
499
490
490
491
514
491
501
546
495
490
501
544
501
490
493
508
490
559
491
504
501
502
490
493
494
507
506
495
493
493
545
500
510
507
506
489
490
494
490
490
508
505
494
489
493
493
509
489
510
502
489
489
499
490
492
490
506
490
490
504
491
552
494
490
493
493
490
490
493
494
502
489
495
491
500
515
494
490
490
490
490
509
492
504
504
542
499
494
499
499
494
489
501
509
498
493
490
490
505
555
490
494
491
491
504
490
490
514
505
493
491
547
489
507
489
553
506
489
490
499
507
490
495
505
503
500
504
489
502
505
490
507
509
549
490
506
497
598
492
507
499
505
490
490
499
489
490
549
490
508
563
491
490
490
492
510
496
490
548
503
489
558
490
509
493
493
507
490
506
490
489
491
491
489
508
513
505
528
503
511
504
489
507
490
504
490
490
492
489
489
489
490
493
500
502
489
498
505
490
490
490
494
540
496
502
505
489
501
500
517
552
503
491
490
488
563
498
507
494
536
489
493
498
490
489
505
491
489
498
501
501
491
489
501
494
500
490
505
540
492
493
489
493
533
502
489
497
553
511
491
490
500
506
489
493
489
489
490
507
490
499
500
491
490
490
541
491
502
512
516
507
490
493
491
594
493
490
493
493
506
507
504
491
553
491
508
490
499
514
491
513
490
490
500
490
549
512
543
499
491
491
491
493
507
502
504
494
491
485
491
499
490
489
501
504
558
490
493
494
511
489
493
493
506
489
501
509
490
489
493
490
489
493
493
504
502
493
504
549
538
506
491
489
550
489
490
517
505
501
509
504
486
506
493
1439
489
508
512
491
490
497
517
503
490
497
493
490
489
504
510
488
501
489
504
495
491
505
490
548
489
506
490
558
523
489
506
508
547
490
489
505
488
504
510
506
506
491
517
566
490
513
504
504
490
515
503
546
491
493
490
489
491
490
488
490
503
1426
491
504
496
510
490
504
492
500
490
494
499
505
515
507
510
506
490
542
558
490
494
489
505
493
492
490
490
494
490
486
502
493
493
490
501
544
491
491
510
491
490
1002
502
500
489
490
504
490
490
494
490
490
552
504
491
552
490
489
490
493
491
503
594
501
504
501
492
490
489
491
559
489
511
584
490
493
511
564
489
490
494
494
503
494
490
491
512
490
504
490
503
509
489
509
506
494
565
493
493
489
490
489
491
490
491
498
491
489
490
489
511
490
493
490
500
511
490
490
501
498
501
489
491
503
494
504
499
494
491
858
503
491
489
489
490
505
490
490
490
490
510
498
1430
501
490
504
552
489
548
506
490
490
512
501
555
493
506
490
507
498
488
490
504
501
500
500
507
514
499
503
490
506
508
504
490
490
498
490
565
509
503
492
489
499
492
480
561
489
490
490
490
492
499
507
499
547
503
1311
508
491
490
555
490
510
493
496
491
493
506
493
491
503
492
490
509
490
490
1050
493
494
502
509
497
490
490
504
490
574
490
501
490
491
500
504
490
491
494
500
501
490
490
490
490
501
1328
504
508
491
490
492
548
502
503
491
510
490
512
500
490
490
491
493
491
492
557
489
504
494
853
504
508
500
500
541
500
493
510
500
506
554
490
489
489
489
500
493
493
490
489
511
548
540
513
502
489
490
557
494
490
505
494
495
490
489
500
500
513
490
493
504
489
490
495
490
490
540
515
490
492
490
494
489
489
491
540
494
494
490
489
489
501
490
489
505
502
494
538
491
489
493
507
490
511
515
494
493
489
490
490
490
499
490
493
507
500
495
490
500
508
504
506
490
509
500
495
504
506
503
530
502
510
501
491
498
497
490
498
504
502
493
490
562
500
501
503
493
494
494
513
494
493
494
490
490
502
542
489
490
501
491
504
507
501
489
495
505
505
502
551
507
582
490
502
490
501
495
504
490
490
491
490
492
494
506
490
493
503
492
595
495
489
489
501
508
504
489
507
565
556
505
486
506
511
500
505
490
489
493
846
506
493
510
504
491
500
505
500
490
510
490
489
505
500
490
514
494
490
494
489
501
490
542
500
490
505
506
510
491
504
505
508
509
505
501
494
504
504
490
491
513
506
511
493
505
505
491
490
504
506
516
1091
490
505
514
493
491
1256
490
494
489
490
510
489
492
494
495
493
505
491
507
546
500
501
493
506
501
504
510
490
507
493
491
490
495
489
591
555
506
506
489
498
489
491
489
500
499
490
494
507
490
494
565
503
489
491
509
510
505
493
491
507
510
490
490
498
499
490
490
505
494
490
490
499
491
542
507
494
493
506
489
496
1070
489
490
507
489
489
502
519
489
508
494
490
490
543
501
490
495
499
554
490
501
493
488
489
494
489
490
494
505
491
488
506
493
507
490
552
565
491
504
504
489
492
492
500
508
506
559
507
489
493
500
490
499
491
504
567
499
507
502
494
507
521
490
490
493
490
574
489
490
502
495
505
501
490
494
505
500
490
558
556
491
489
494
490
512
504
489
506
489
502
493
490
541
505
490
490
491
534
511
504
494
489
489
490
493
490
506
495
492
511
489
492
490
490
490
491
490
490
502
488
498
504
506
501
488
494
503
505
494
493
490
494
494
490
490
510
489
488
489
489
490
490
497
490
504
507
502
510
544
502
564
507
505
494
500
489
508
510
503
505
490
506
490
504
494
503
486
503
491
513
490
502
493
490
490
490
509
489
503
488
490
501
490
490
492
506
506
510
490
501
491
491
550
848
494
493
490
504
490
491
510
493
490
542
500
491
512
492
490
509
493
548
489
503
490
488
491
508
510
566
504
493
491
575
489
494
543
489
491
1353
490
490
491
497
489
494
639
491
493
574
501
499
556
493
512
493
490
501
506
490
493
490
490
502
494
490
489
494
492
607
491
500
504
491
490
489
502
489
518
490
503
505
493
493
505
490
492
493
490
490
502
490
497
501
557
502
490
494
503
493
490
491
498
490
499
499
503
491
489
493
490
493
553
548
490
494
495
491
504
491
500
571
489
494
558
489
501
507
490
494
489
489
596
495
501
508
504
489
492
510
490
494
503
489
503
502
490
490
503
490
544
494
500
542
491
504
500
564
491
504
489
493
494
542
489
556
503
489
508
493
490
489
504
548
490
507
495
491
1266
504
541
489
489
501
494
492
500
507
489
489
500
494
501
491
488
490
504
