398
399
416
415
407
413
398
398
416
398
397
399
398
416
397
412
467
400
401
405
401
455
397
460
398
398
400
481
397
408
397
397
398
397
409
398
403
400
407
417
402
397
397
906
397
412
398
397
401
401
453
400
411
398
398
406
398
409
401
412
397
409
397
397
398
415
408
401
397
401
398
398
397
471
398
409
409
411
401
397
400
413
396
406
407
401
397
398
401
398
411
396
397
398
398
408
407
398
397
408
402
412
397
407
398
417
412
398
414
397
400
398
408
398
401
411
398
397
397
397
398
398
409
403
449
407
397
413
399
414
451
398
398
409
398
413
398
397
435
394
398
401
401
452
412
403
399
396
398
414
408
402
423
407
408
411
398
408
407
412
414
456
408
398
454
393
397
409
410
397
397
408
401
441
393
397
419
398
398
398
402
408
399
460
412
398
397
397
398
397
398
397
397
397
399
455
397
398
444
456
407
397
411
407
418
397
409
398
398
418
412
397
398
411
398
397
449
425
390
399
410
396
397
401
413
404
397
904
398
402
408
413
413
410
402
456
402
411
411
407
407
412
396
398
397
397
399
398
397
412
406
415
447
418
401
410
397
424
664
397
415
401
429
398
398
397
397
399
407
424
421
404
398
907
412
399
390
397
457
459
417
409
407
420
413
401
411
410
397
398
398
407
397
397
398
401
398
400
405
401
1099
407
407
398
465
412
416
456
398
397
399
453
402
405
401
398
398
399
403
397
411
397
397
397
397
458
397
409
408
402
397
397
398
407
400
944
1192
401
397
406
398
409
398
402
397
452
397
400
452
418
409
397
411
408
403
899
398
397
409
408
443
397
397
408
453
398
411
397
436
407
398
398
407
398
1116
397
398
397
397
401
409
413
398
398
433
453
401
411
407
404
407
408
399
414
397
397
398
396
415
417
402
398
415
399
411
397
398
408
407
398
398
402
411
398
398
412
397
407
402
397
397
398
448
399
438
401
417
410
414
398
397
412
406
461
413
397
458
401
397
397
414
411
397
401
392
397
398
410
397
416
410
400
398
411
455
406
398
408
634
397
410
397
409
396
478
408
397
398
455
399
410
401
399
412
399
401
397
481
398
401
415
416
400
411
402
398
397
420
397
408
396
397
402
406
402
402
398
406
408
398
417
397
398
406
421
398
398
402
400
457
397
399
411
452
477
398
416
416
398
407
397
566
397
412
397
456
397
904
407
397
396
412
415
398
399
412
415
406
396
399
413
421
397
396
401
397
397
413
397
415
398
397
407
942
403
398
450
411
409
423
397
401
407
402
453
399
407
408
397
405
472
459
398
413
398
397
401
393
411
840
411
397
463
398
396
412
396
398
412
408
397
427
450
401
398
406
398
398
400
413
402
417
402
397
399
399
416
413
410
398
410
443
416
420
410
501
406
497
402
398
398
400
412
401
398
401
407
403
412
457
397
421
401
400
402
398
398
400
398
408
409
487
412
401
399
401
413
398
398
397
397
398
390
452
459
397
390
401
454
408
409
401
471
509
413
414
408
398
417
409
399
398
402
452
398
398
411
455
397
411
396
410
398
410
401
415
397
398
396
447
407
422
398
397
410
452
398
397
401
397
397
409
397
463
421
400
409
397
393
397
454
458
403
407
415
398
397
413
408
423
402
415
398
398
406
414
398
402
410
407
399
400
401
412
401
517
397
424
394
397
393
398
397
411
411
399
681
397
397
412
454
450
398
408
397
398
405
397
396
418
396
445
397
410
410
398
408
398
397
416
403
481
398
398
414
400
389
397
396
407
398
453
455
450
406
406
398
454
412
398
408
397
398
398
409
398
398
398
414
410
408
397
397
398
408
412
422
399
407
397
458
457
392
402
407
448
419
398
408
397
397
396
402
397
511
403
403
415
406
1080
407
397
414
399
409
396
411
472
413
407
413
414
398
412
455
398
410
408
405
407
407
397
400
416
1028
398
401
393
418
409
397
397
398
398
398
397
410
401
398
396
409
409
478
401
400
397
401
397
452
400
410
397
871
401
400
398
398
413
397
486
398
457
413
452
401
414
408
420
401
410
399
407
398
411
398
456
402
420
423
414
409
397
399
410
417
398
668
398
412
399
398
398
419
1159
397
397
405
408
397
397
414
409
398
398
397
451
444
397
407
411
398
407
421
397
403
415
397
398
397
408
399
402
406
412
413
397
400
398
396
398
393
397
413
402
397
417
403
392
903
611
412
398
412
398
424
492
397
410
397
397
405
396
397
402
398
397
402
402
397
459
405
446
397
412
409
400
413
398
406
401
397
397
397
409
398
398
402
452
445
398
398
400
450
398
407
417
397
702
416
406
413
397
460
397
400
397
401
413
398
398
405
398
415
454
397
402
407
398
398
407
410
784
409
412
811
398
406
398
401
414
402
398
411
402
397
402
406
402
413
401
402
398
501
408
399
407
397
408
413
398
440
397
445
412
398
401
400
396
402
413
412
397
397
408
401
397
397
474
457
410
396
405
397
397
400
398
397
398
413
399
452
399
411
454
396
401
397
397
407
401
461
392
433
398
455
397
398
415
397
399
407
398
398
406
414
454
413
397
397
402
439
408
397
412
411
400
389
407
417
397
398
402
408
397
462
394
407
408
412
397
410
401
407
399
456
1500
401
397
412
409
397
401
448
401
398
401
413
414
407
412
453
480
398
402
399
398
397
419
397
397
398
398
409
413
397
397
411
402
412
398
397
398
398
397
409
401
399
412
398
407
397
401
397
399
414
396
401
408
405
398
397
397
408
398
418
397
401
397
411
401
401
411
407
402
394
399
397
409
403
397
463
413
412
407
405
414
398
449
410
402
397
402
410
398
401
397
412
394
406
405
415
397
421
398
398
411
402
397
416
397
397
397
401
408
398
446
394
400
398
402
451
401
398
408
401
408
460
454
397
397
420
413
410
404
396
410
398
447
408
412
415
398
402
409
466
398
402
409
398
413
397
398
407
414
411
407
413
412
398
412
409
397
414
418
402
396
1155
434
398
410
427
461
396
408
397
407
399
397
416
397
398
421
410
412
398
398
598
441
1097
397
476
397
398
414
397
464
407
408
397
417
398
401
397
397
406
397
398
401
397
398
398
407
448
416
406
414
412
397
411
398
398
401
397
397
406
397
409
406
398
410
455
409
410
413
403
413
502
397
397
396
454
398
397
397
397
397
408
401
411
410
414
397
398
402
409
397
400
397
398
397
401
1151
411
895
397
402
724
407
398
408
412
402
412
412
419
398
459
454
397
397
397
438
397
409
389
407
402
397
408
397
423
400
398
510
397
410
400
408
397
401
398
397
422
929
410
397
469
397
406
398
401
408
397
398
398
408
408
398
419
411
397
397
398
408
397
397
413
398
397
397
410
409
401
397
397
398
399
448
397
398
402
446
398
398
409
398
409
401
420
413
397
416
401
408
452
406
409
420
397
401
398
410
397
396
397
397
398
396
398
397
397
402
415
860
408
402
906
398
418
418
397
403
860
397
414
409
410
407
412
411
397
406
418
410
397
408
402
447
419
472
396
396
416
398
407
397
410
402
415
398
444
456
401
397
406
397
408
396
447
454
402
397
401
398
401
398
398
398
398
397
459
409
401
446
398
406
412
396
411
398
398
396
409
407
397
403
414
410
451
398
464
398
409
398
410
408
405
398
414
396
397
399
802
415
410
401
396
400
390
398
408
398
403
398
400
406
455
407
397
415
409
443
449
408
396
412
411
398
398
408
407
397
413
460
397
398
402
397
397
999
401
414
403
398
407
397
411
397
409
397
398
405
408
397
398
400
401
398
397
410
409
398
457
401
462
402
412
398
441
456
397
398
411
399
416
408
398
441
397
398
397
399
411
397
408
409
410
408
407
461
1088
402
397
397
414
410
398
402
401
398
397
401
398
397
408
398
398
397
456
394
1124
398
397
397
455
397
409
410
416
413
401
408
397
400
398
398
418
397
405
408
407
452
398
397
398
408
399
398
400
400
412
431
454
413
398
487
413
397
408
398
417
397
397
398
474
397
449
411
413
417
398
413
397
414
408
397
440
398
397
401
405
397
408
454
408
398
398
397
397
398
466
402
397
408
398
410
397
396
413
455
398
401
408
418
472
425
401
415
397
411
409
398
401
411
390
408
409
398
417
413
408
445
449
450
398
398
397
398
398
397
401
396
414
398
408
398
414
408
401
409
398
409
408
415
411
1155
408
397
496
412
413
409
411
398
397
402
449
399
397
414
1085
397
400
397
402
407
393
396
443
415
398
397
413
407
398
407
563
402
397
397
397
408
408
400
397
398
402
397
398
396
396
401
461
397
409
397
470
398
412
408
397
412
411
397
410
403
397
397
402
412
398
411
397
403
398
398
412
397
399
398
420
398
398
397
398
396
408
408
824
466
407
398
409
407
399
420
413
409
444
418
412
402
397
401
401
398
398
411
396
397
398
416
401
397
398
397
429
407
689
401
399
414
397
406
397
402
397
397
389
402
402
397
406
400
402
499
397
403
397
411
403
445
423
398
397
403
396
436
393
406
401
401
398
454
401
399
397
447
400
407
398
393
409
398
397
401
411
398
398
397
406
406
401
398
397
401
398
407
402
409
407
409
397
397
397
464
872
408
408
397
397
409
415
412
412
398
410
397
408
400
459
398
398
397
402
399
398
399
408
787
464
407
411
397
396
398
397
397
417
402
399
406
849
413
398
401
532
401
411
409
398
398
397
401
398
408
392
407
398
397
409
417
400
398
402
413
455
398
408
388
399
406
400
397
397
438
401
413
413
397
397
411
414
398
407
399
397
398
413
416
419
392
401
401
398
397
999
457
410
401
396
393
1138
485
397
409
412
397
401
413
420
397
397
401
398
493
401
417
401
406
416
397
412
398
407
411
413
440
401
397
401
404
413
397
445
409
573
419
431
411
405
445
401
411
412
412
397
1152
401
398
398
448
406
1044
397
397
397
400
418
397
406
412
412
400
402
408
453
405
397
397
411
414
413
397
400
401
410
397
412
396
398
407
414
397
397
400
420
401
401
424
397
398
1074
398
397
412
456
401
456
397
399
397
411
405
397
416
397
412
410
456
398
397
401
397
406
397
398
456
400
411
410
445
398
409
398
419
397
398
397
397
767
397
561
397
403
411
412
402
412
412
412
406
1147
405
400
454
410
397
400
412
411
457
401
398
398
408
418
408
411
416
419
411
412
425
398
902
397
406
398
411
412
401
857
396
414
406
400
398
462
399
398
397
448
401
448
397
742
399
397
417
410
413
421
473
412
397
405
397
397
397
672
398
398
416
409
410
397
398
397
401
397
398
407
410
398
452
411
405
409
397
464
457
411
397
425
415
401
668
411
405
780
399
397
465
397
888
398
400
1063
398
398
403
405
397
459
397
397
397
398
1173
416
417
410
410
399
401
453
401
411
454
461
398
454
397
397
453
409
397
416
398
401
405
396
407
402
437
401
400
414
911
406
414
409
402
413
398
403
440
397
397
397
400
403
408
397
401
398
397
628
397
398
448
403
409
400
408
397
435
398
398
397
398
397
414
408
398
410
412
398
400
398
398
402
411
464
398
400
408
472
397
396
397
398
402
397
412
407
411
411
402
408
396
408
397
400
406
992
408
397
397
415
457
397
451
462
412
397
457
397
413
409
396
398
408
397
408
401
409
459
1152
398
397
405
406
447
397
398
415
410
397
406
412
398
421
416
407
472
397
398
406
397
859
410
409
409
400
400
398
400
397
406
397
401
402
402
407
397
408
396
401
441
418
408
450
393
401
401
398
402
397
401
412
401
417
453
418
425
397
477
408
400
406
398
397
401
397
398
397
399
398
409
398
401
398
408
410
448
398
454
402
398
413
398
402
397
392
399
420
398
411
398
398
396
398
413
422
408
396
409
486
413
418
397
412
416
397
1121
457
407
396
457
398
412
512
406
409
397
414
479
410
398
402
412
397
401
446
397
424
406
397
389
397
455
412
398
408
411
398
397
402
414
402
407
408
406
453
397
397
451
397
410
402
447
401
408
411
409
412
396
401
847
397
408
414
398
411
397
406
397
398
464
414
406
397
401
401
420
397
451
409
397
471
479
397
398
401
399
418
422
402
400
397
398
393
397
402
408
394
408
398
397
398
397
407
409
402
418
411
409
407
458
397
402
401
413
407
398
398
401
397
401
398
397
397
470
404
416
398
398
408
398
398
397
441
398
397
442
397
398
450
413
408
411
416
389
408
428
417
402
397
397
414
409
398
398
408
410
397
397
409
400
928
406
412
400
397
401
399
397
401
397
397
407
448
397
398
1083
408
446
410
401
412
411
405
412
410
409
402
401
417
407
401
401
418
397
401
398
445
451
839
413
397
411
406
398
402
408
397
412
397
397
412
451
414
398
397
397
397
398
397
398
397
414
398
412
398
402
397
398
397
453
413
397
389
407
398
397
398
398
397
412
440
402
460
401
401
412
413
455
413
396
408
461
398
401
400
397
397
401
451
408
397
398
398
397
396
408
397
401
406
400
397
399
397
414
515
401
398
398
400
456
398
413
398
419
408
408
397
413
398
401
400
408
1013
397
411
396
397
411
782
397
397
454
408
412
397
416
409
398
398
445
397
398
448
413
409
400
401
397
397
412
913
398
417
408
465
410
409
464
412
398
397
414
413
401
410
459
407
411
404
399
397
416
433
400
401
397
456
448
461
453
406
398
399
397
397
398
397
401
466
396
398
397
413
398
398
413
409
410
398
416
397
404
407
397
416
398
412
410
396
398
408
401
408
397
397
408
397
407
403
397
399
782
453
397
410
406
446
397
397
401
406
412
409
397
398
398
397
407
414
427
398
397
397
397
411
398
388
398
401
402
397
407
456
455
398
397
397
398
397
857
452
454
408
407
401
401
414
388
413
407
397
800
405
398
397
407
401
393
399
397
409
397
400
415
396
410
398
425
398
407
401
412
397
407
1014
397
415
426
406
398
397
408
397
397
397
420
407
402
402
463
397
1181
407
401
398
398
665
402
397
419
467
411
464
408
416
454
397
396
398
402
398
401
397
397
412
398
410
397
455
407
397
412
397
410
414
398
397
398
412
448
398
396
464
449
397
461
413
410
408
397
410
397
397
417
398
421
460
393
397
397
414
396
797
397
398
397
505
401
397
402
398
445
408
397
398
461
397
401
408
397
655
416
407
412
400
413
401
456
406
408
398
397
402
414
461
398
407
469
447
398
398
397
407
415
400
396
397
409
790
407
398
415
398
407
410
397
416
413
408
398
400
405
408
468
457
410
410
402
451
397
398
415
439
397
402
397
407
456
407
401
398
397
408
408
445
409
411
397
398
449
397
413
413
413
470
412
400
740
401
412
399
398
475
401
408
420
398
411
401
446
413
398
407
409
408
413
401
402
446
398
397
400
397
413
397
397
402
397
454
457
408
408
402
401
412
409
397
420
397
407
397
411
424
398
401
397
397
409
408
397
411
459
407
398
409
417
399
398
414
402
396
397
401
397
398
396
401
402
411
398
407
398
397
408
411
397
415
398
409
409
407
398
397
401
397
397
407
411
401
408
459
408
413
397
409
397
393
412
399
401
401
401
413
398
397
401
396
398
398
397
402
397
397
412
417
397
397
412
397
431
469
402
413
416
397
397
397
397
396
397
397
407
397
409
415
401
416
420
413
409
453
413
411
397
453
399
397
397
410
398
398
411
397
410
434
397
409
475
398
410
397
497
396
398
397
397
401
400
397
397
401
407
453
397
396
397
415
397
1057
398
462
396
402
414
400
421
396
411
397
401
398
397
408
410
411
401
448
396
456
397
413
397
397
422
411
397
423
397
406
412
409
411
404
402
447
401
414
406
397
398
401
397
411
401
398
397
399
441
407
456
398
398
413
396
412
399
398
397
451
467
411
407
397
398
408
397
408
403
408
410
397
430
407
408
397
398
399
398
398
398
398
397
411
397
430
407
397
452
397
397
459
397
397
399
408
413
413
401
449
398
397
407
408
405
398
408
443
398
401
397
398
409
406
401
397
409
479
398
401
402
397
473
410
411
428
408
447
399
432
396
397
475
397
398
443
415
398
396
397
407
397
398
510
454
417
457
413
401
401
398
398
396
402
398
396
397
397
397
398
397
398
405
397
408
455
412
409
407
413
409
408
400
452
407
398
413
401
398
453
397
397
406
407
401
396
397
409
470
452
397
405
397
964
397
400
733
417
402
658
411
410
415
397
398
422
398
397
409
452
400
398
412
406
401
407
414
411
396
400
397
398
397
450
397
416
452
401
397
453
401
397
397
412
422
397
397
466
398
397
408
401
397
418
389
405
399
397
411
398
715
398
410
400
416
413
400
397
398
401
398
412
397
398
448
887
397
402
452
397
790
412
397
397
452
397
398
401
417
416
419
401
409
397
407
398
408
396
447
398
398
412
401
402
396
413
477
398
426
460
401
401
398
397
409
401
398
417
487
416
397
412
434
409
401
396
397
457
400
397
397
426
625
404
402
412
410
414
401
412
1053
396
462
408
420
401
396
412
462
407
411
397
396
419
398
410
412
400
415
409
407
408
397
1199
470
458
398
401
413
457
409
397
408
397
413
398
394
397
400
408
589
398
397
413
403
402
408
412
396
402
397
397
408
397
397
410
412
435
447
471
397
398
408
409
416
465
411
409
458
398
417
397
398
419
397
396
397
455
397
399
412
393
416
398
398
463
398
398
397
408
398
399
439
408
407
411
398
397
453
398
398
412
397
398
397
397
397
411
407
407
410
419
397
408
397
401
447
449
416
447
445
402
421
450
398
397
416
756
437
398
396
398
459
457
448
414
397
398
401
400
397
470
407
407
397
397
398
412
397
397
412
408
408
397
411
452
414
397
397
394
398
397
397
408
398
397
409
453
397
401
398
397
415
396
397
728
397
418
397
457
500
401
454
397
398
726
397
594
397
392
398
964
397
455
455
397
401
414
397
398
446
397
397
397
412
413
455
407
409
398
397
397
426
453
409
401
456
449
419
406
459
450
413
397
397
416
451
413
396
460
398
417
411
413
397
406
397
407
504
397
409
402
418
558
413
408
398
444
398
397
397
393
397
397
397
396
410
415
415
409
416
398
396
417
400
407
448
398
411
397
399
413
398
398
417
408
408
409
397
450
397
412
751
401
401
409
401
401
446
402
401
407
398
397
407
398
407
503
409
445
397
400
402
401
414
407
414
397
411
403
405
412
400
402
