557
559
682
557
577
627
555
582
837
559
588
1329
570
559
586
570
556
560
556
560
661
568
584
574
645
567
559
554
559
663
555
566
555
556
559
1127
555
559
557
559
1227
556
556
569
572
554
557
555
572
551
569
571
555
572
559
565
578
560
566
614
555
690
565
570
555
557
556
658
607
576
575
577
565
609
560
566
560
592
618
617
555
564
556
570
566
569
555
569
573
1289
555
1268
555
589
559
567
623
616
570
623
587
566
570
560
555
568
568
583
566
559
554
570
554
642
568
556
557
565
574
624
555
556
620
580
556
576
566
781
568
608
555
621
573
555
565
570
556
590
571
567
650
575
611
565
570
559
559
575
564
559
621
555
571
614
559
623
560
572
567
627
621
556
1147
1189
569
570
618
569
556
557
555
570
570
642
588
555
559
566
555
567
556
570
619
578
619
570
564
555
555
602
634
555
572
567
558
556
567
620
614
573
568
555
555
562
613
571
556
569
558
572
556
555
573
570
620
570
556
554
555
617
559
555
575
556
556
573
574
565
569
556
557
571
583
567
551
572
555
568
569
567
572
578
556
566
555
570
560
555
555
555
634
566
629
575
581
566
555
555
566
567
658
561
614
618
1257
615
567
566
555
556
559
568
628
558
555
565
571
555
559
603
586
556
570
620
613
756
571
597
654
571
556
559
579
556
622
559
557
573
569
570
566
555
617
555
555
556
560
576
571
566
559
572
556
570
555
572
559
558
568
630
560
572
555
615
560
576
558
570
616
555
555
573
636
631
558
569
555
569
573
568
568
564
568
555
556
567
572
555
555
570
556
1159
555
568
556
571
558
571
559
572
566
560
556
570
594
556
569
572
569
571
557
647
579
558
556
615
573
554
616
555
571
555
617
578
557
559
560
555
574
583
619
574
556
573
555
557
571
571
559
575
569
570
576
559
556
636
569
570
582
555
558
567
569
556
565
555
556
559
576
566
607
566
571
554
565
555
565
555
556
556
605
573
569
559
570
559
572
556
557
555
568
556
568
570
568
555
638
566
572
568
555
604
569
559
555
572
574
556
623
572
571
571
565
574
567
555
556
570
572
573
555
555
555
560
573
570
570
565
570
582
558
557
568
558
567
555
623
555
619
555
559
555
560
565
576
556
568
568
571
554
555
573
556
556
558
571
620
560
566
555
559
581
567
568
555
556
568
577
565
556
568
609
569
555
604
568
560
620
567
590
556
556
565
559
641
575
566
556
555
572
569
557
555
612
569
556
555
569
576
555
571
583
560
573
566
576
594
555
559
555
555
555
1497
557
569
585
559
555
570
565
560
572
563
559
556
574
558
556
572
555
570
558
573
555
556
555
555
560
565
575
555
559
573
555
569
559
618
554
570
560
570
564
563
556
556
556
617
565
580
703
567
555
555
560
621
566
555
559
558
568
569
571
577
575
555
591
573
558
565
556
559
558
564
569
559
616
570
557
556
555
597
565
573
555
568
564
559
565
565
622
572
559
556
572
568
556
580
627
560
574
557
555
555
559
560
566
573
556
559
569
574
556
569
567
567
570
559
555
566
560
573
555
564
556
556
575
570
567
589
575
608
563
565
573
580
557
557
555
559
627
571
554
566
556
556
572
574
572
558
560
556
570
559
587
572
555
556
555
566
631
571
628
571
556
559
556
573
565
572
568
566
559
807
555
558
566
554
569
569
558
555
557
555
622
566
566
565
555
560
556
570
557
570
570
626
565
555
568
571
556
567
561
556
572
560
555
555
554
559
556
645
570
567
576
622
566
624
563
566
575
572
570
559
573
567
555
624
555
617
566
556
555
558
863
574
556
579
554
556
615
619
565
555
556
559
569
555
556
571
556
563
568
565
554
573
576
573
556
557
570
570
559
569
555
555
554
570
567
555
643
571
569
555
556
564
565
570
570
557
559
571
566
558
559
555
556
566
561
567
556
555
556
574
555
565
613
619
583
617
555
572
554
570
557
555
555
585
555
614
557
560
559
556
575
996
556
554
568
556
570
621
559
620
568
569
574
556
621
570
569
559
619
559
569
621
616
572
557
557
608
587
565
574
569
565
564
623
618
556
1115
555
623
556
556
555
559
555
570
559
559
556
554
563
559
625
571
556
569
583
556
571
556
565
574
556
555
569
555
566
625
556
560
555
568
560
617
556
576
559
555
569
555
558
555
568
928
551
619
568
565
568
555
569
559
555
555
556
568
557
618
623
559
552
626
616
555
555
566
570
556
569
569
574
556
568
568
555
1219
566
555
618
555
621
571
560
615
555
562
557
569
556
558
559
556
555
570
556
572
557
571
556
611
563
553
556
559
570
572
571
572
558
569
557
559
567
573
556
558
554
589
559
560
555
555
569
622
569
570
558
555
568
556
570
568
569
618
575
620
559
570
573
559
799
556
555
570
556
556
571
570
555
1383
569
555
555
556
576
633
569
566
569
555
559
557
571
573
568
574
555
556
558
564
556
559
571
595
556
566
559
573
559
560
575
564
556
559
555
559
568
556
556
577
555
556
619
566
570
554
569
569
558
576
555
570
574
555
565
573
576
572
570
571
623
570
563
556
626
566
558
556
566
609
556
556
623
560
555
558
559
573
576
568
554
566
568
564
575
560
577
559
572
559
556
565
555
617
568
555
615
572
575
558
641
569
556
576
555
623
576
549
558
556
569
559
616
556
620
586
555
554
570
559
575
555
579
569
574
551
558
613
556
574
556
569
630
649
618
608
559
566
555
621
602
565
555
570
570
1458
566
578
556
563
566
570
572
574
584
555
564
554
559
558
573
558
619
573
569
566
567
555
565
558
555
610
558
555
569
554
560
564
564
552
560
556
555
574
564
569
559
560
557
556
566
571
574
556
559
563
572
573
566
555
550
552
559
570
556
568
576
555
559
564
556
561
569
606
569
611
556
556
572
574
566
565
559
562
558
632
577
621
566
559
567
555
573
556
555
556
563
560
556
568
565
558
555
570
555
555
556
557
555
555
612
570
556
567
604
559
560
572
556
582
556
566
567
556
555
1221
559
556
566
568
592
555
556
565
555
565
573
556
555
556
565
555
581
554
565
555
609
567
575
576
568
556
569
570
555
559
554
554
569
571
555
566
573
571
574
556
647
557
626
565
567
568
556
569
558
584
556
575
577
555
571
559
608
556
570
556
570
601
559
556
564
559
559
569
560
569
570
559
559
566
555
556
558
556
559
556
572
570
625
555
567
556
569
558
563
559
658
552
556
556
566
560
560
568
556
556
615
570
556
589
555
572
620
557
565
574
569
560
559
674
563
569
609
570
554
577
567
574
557
576
569
610
553
617
570
555
556
555
559
566
555
558
569
555
575
570
555
624
565
554
569
574
555
568
570
556
555
557
559
555
569
557
556
556
572
560
569
566
556
556
992
573
559
574
555
568
572
565
571
560
556
555
570
567
629
567
560
555
555
559
556
559
570
570
573
562
669
559
612
572
569
559
570
569
572
554
637
555
570
555
555
558
569
574
567
616
558
570
558
573
554
572
554
625
673
555
567
556
567
568
609
555
572
571
556
607
575
621
826
564
574
576
569
573
571
555
626
566
556
943
624
571
566
555
566
556
572
570
618
568
620
555
580
555
559
572
567
555
569
558
572
569
566
555
570
556
602
563
576
572
576
596
554
566
569
571
570
591
559
556
556
555
627
567
554
577
554
578
567
1260
554
555
634
568
566
574
559
616
563
560
574
574
555
608
569
571
565
573
612
572
558
574
557
567
571
565
557
566
552
556
575
559
570
554
558
572
557
566
555
571
573
576
565
562
573
555
669
559
566
568
570
555
579
555
567
572
574
555
565
574
555
566
555
621
569
570
574
566
624
557
555
626
571
574
556
555
573
555
556
612
555
570
569
555
1154
574
564
555
556
569
565
556
555
563
636
556
570
569
568
558
580
556
556
570
627
567
560
578
622
567
556
569
574
574
617
556
556
555
570
559
572
569
569
564
564
560
571
556
555
557
555
555
576
584
556
574
573
611
555
561
572
562
569
555
616
570
565
555
556
567
569
555
557
556
660
569
565
621
560
565
557
555
573
557
555
626
559
566
569
556
575
555
564
561
556
559
573
625
555
570
566
576
570
573
560
564
556
555
568
559
575
611
567
573
570
569
565
567
612
555
559
565
571
564
565
556
573
555
565
566
556
570
620
556
565
555
568
1703
555
570
555
556
607
566
572
556
572
556
556
555
574
624
573
559
569
555
573
576
571
574
565
559
556
559
569
564
568
585
572
571
554
567
570
566
570
560
574
556
559
571
565
556
619
558
555
556
555
628
555
570
556
555
570
573
555
568
569
569
576
626
569
565
570
558
557
555
572
558
569
556
621
615
555
616
569
555
566
560
556
556
559
559
556
570
564
554
572
563
579
569
1149
555
555
556
645
578
570
555
570
638
569
568
616
556
623
569
557
555
574
559
610
794
569
569
569
556
573
556
612
558
572
570
568
573
555
570
556
566
554
569
570
568
555
556
569
561
562
568
556
559
555
576
618
576
564
612
571
570
570
568
573
672
559
575
555
627
558
554
555
570
556
555
569
565
570
568
560
568
555
560
559
558
556
611
571
571
557
559
661
555
555
570
571
555
565
555
560
556
608
564
568
575
556
613
569
559
559
558
563
572
608
554
557
569
564
569
557
626
568
564
555
555
554
573
576
569
563
578
557
570
646
573
569
611
571
570
583
564
559
568
554
645
568
567
574
556
565
569
569
556
576
555
556
565
556
572
556
621
559
624
574
570
560
574
572
560
571
555
568
612
570
578
555
570
570
573
554
564
556
555
586
623
566
553
555
569
569
579
569
570
572
570
554
571
573
556
555
559
557
555
574
568
565
557
576
712
569
574
566
568
555
574
573
557
567
572
559
556
1635
591
583
557
640
565
556
557
555
1251
555
619
555
574
566
573
559
566
557
556
558
572
568
618
629
556
568
569
554
555
1085
573
577
556
564
569
571
622
559
620
559
615
552
564
618
557
574
605
572
568
571
572
569
555
555
556
557
556
555
570
576
556
571
570
622
573
617
576
554
574
571
573
575
554
560
556
558
568
580
554
566
560
571
571
564
556
624
556
568
556
574
669
569
620
556
579
637
576
570
565
568
555
751
578
582
645
559
576
575
571
592
571
576
1498
574
573
575
559
570
556
561
615
556
573
576
555
556
568
623
554
568
561
572
623
554
567
567
568
560
557
559
623
558
555
557
560
619
574
570
995
555
625
605
555
552
620
560
580
556
560
570
555
554
570
568
566
556
568
568
587
570
559
555
573
555
1642
555
566
556
555
571
574
556
555
558
568
571
556
570
557
566
629
718
622
570
576
556
556
584
556
566
556
558
566
557
556
635
560
556
574
560
575
577
569
564
571
556
556
558
894
570
556
612
554
558
560
556
567
556
570
574
569
573
608
577
569
558
554
598
623
570
556
566
558
570
575
572
568
556
574
556
570
557
555
568
1349
555
569
558
612
566
555
555
568
565
558
557
554
555
560
582
576
555
556
571
556
623
576
575
571
557
574
642
569
571
616
560
554
567
556
575
628
570
559
641
556
577
568
560
739
569
559
557
959
565
554
570
618
556
555
631
576
559
574
554
556
573
556
1494
573
556
563
555
555
557
619
555
601
560
559
580
570
569
569
574
569
564
555
556
621
556
569
573
564
559
566
565
573
555
567
571
560
1577
625
627
574
556
565
556
555
556
554
555
556
568
560
556
569
559
572
571
568
577
555
573
564
577
615
575
648
559
555
563
559
570
566
569
564
568
569
554
556
636
556
576
623
556
559
569
575
573
565
570
562
566
570
555
563
563
554
620
569
574
574
572
570
557
557
564
579
574
570
555
559
630
559
570
569
573
555
567
575
556
555
574
559
570
570
639
570
570
556
563
558
1157
574
562
555
556
570
554
556
559
571
569
558
575
560
555
555
559
569
555
556
647
555
556
554
1486
569
555
571
558
570
556
556
582
569
555
559
570
579
574
555
556
573
565
571
554
614
1446
570
555
570
559
989
559
560
567
565
559
560
617
565
576
556
567
559
559
554
620
554
555
555
567
561
570
565
556
561
555
569
569
627
572
569
572
556
603
575
572
555
570
574
555
570
571
559
574
573
573
556
554
561
576
572
559
565
555
580
557
569
556
567
560
569
570
559
555
566
555
632
576
577
559
558
570
566
556
582
569
560
570
555
1173
551
1386
557
611
555
566
574
554
574
566
557
570
556
554
571
569
555
566
552
572
560
555
555
555
613
563
580
558
558
569
556
574
556
568
564
569
573
562
555
623
570
575
555
556
627
558
576
567
570
572
559
1139
574
561
555
568
571
569
631
569
559
571
568
564
688
568
586
558
571
556
606
585
555
559
569
560
555
556
556
632
556
570
565
556
557
560
570
566
665
575
562
560
557
554
574
559
569
628
559
571
579
600
575
559
570
569
564
571
556
642
572
571
570
580
565
555
575
569
563
556
559
566
625
555
555
568
560
556
557
573
559
569
550
569
555
556
612
571
555
556
559
556
570
556
556
572
621
555
558
567
566
565
559
573
1161
564
566
570
566
560
570
556
557
565
570
555
555
569
573
555
573
555
556
560
560
565
586
564
555
622
564
571
568
558
560
555
555
568
566
564
556
569
918
572
559
575
576
571
569
560
556
556
558
621
574
622
568
568
626
571
620
557
559
559
555
555
566
566
555
565
570
559
580
556
556
556
567
565
571
620
753
565
567
556
558
556
575
559
557
556
569
559
571
556
555
569
556
571
571
555
554
628
559
569
574
570
573
555
555
620
890
577
550
585
640
567
569
574
556
565
563
555
568
618
572
621
556
565
556
580
570
573
556
574
621
605
564
560
571
567
565
565
573
555
569
560
555
621
567
747
556
570
555
574
658
581
574
578
570
559
568
555
560
570
571
622
623
555
623
555
573
556
555
559
566
571
832
569
556
570
578
555
568
568
570
555
620
559
567
556
559
568
555
555
556
573
574
559
560
554
615
560
556
596
560
630
556
556
551
556
558
570
571
621
559
555
571
562
617
555
560
574
570
572
559
571
556
566
621
580
556
572
625
572
557
566
566
564
560
572
1029
556
571
572
572
565
566
565
556
554
559
555
571
558
555
555
643
565
623
567
1725
570
574
570
555
560
556
569
574
611
564
567
559
565
568
582
567
574
558
573
555
560
567
557
651
558
567
580
570
569
564
583
570
556
555
556
569
555
622
572
570
554
568
575
556
558
555
561
650
568
578
557
568
557
559
554
627
620
568
555
559
559
573
554
559
565
554
571
567
566
573
564
616
556
571
579
567
556
565
558
555
555
556
617
555
560
560
779
567
603
557
571
573
582
554
573
559
564
564
575
557
607
574
572
569
570
570
685
556
555
570
574
555
567
559
566
569
622
560
556
557
560
572
621
566
559
571
559
555
580
565
567
611
556
559
573
557
571
566
555
555
559
558
652
560
556
571
557
569
574
560
575
610
571
617
556
572
565
570
626
565
568
556
620
554
559
554
555
574
571
572
570
745
567
569
588
560
558
556
568
566
555
555
619
559
574
556
569
587
572
565
558
555
570
555
587
569
555
565
575
554
573
555
570
566
566
556
569
556
556
566
558
609
572
582
646
556
568
1406
569
568
572
558
571
572
577
573
613
569
571
568
574
569
555
793
559
555
558
572
573
564
555
555
555
569
571
569
568
556
555
566
556
615
571
570
556
564
566
556
574
621
556
569
556
555
572
566
576
561
555
555
575
574
560
569
558
566
555
557
572
566
555
566
558
556
555
570
566
564
650
555
557
569
573
569
638
575
1650
555
621
710
570
555
624
559
555
556
570
569
570
627
555
567
567
558
555
578
566
573
574
556
580
558
582
559
564
623
584
564
602
620
555
567
566
622
573
565
574
623
554
556
560
569
632
573
559
555
555
570
573
627
556
573
555
573
567
571
556
555
559
596
555
586
569
570
570
557
569
556
564
554
560
581
558
559
556
627
555
572
555
571
621
555
570
566
1200
554
570
621
572
555
564
627
577
555
573
571
568
569
569
574
568
555
557
556
573
554
555
556
613
571
614
556
558
573
570
570
624
565
558
574
625
663
864
566
572
559
585
621
565
566
575
565
629
554
555
569
564
556
557
637
567
557
563
569
555
574
580
560
574
662
559
559
1316
554
565
556
712
569
550
620
555
559
569
573
627
574
577
630
559
556
571
558
642
564
575
571
555
556
556
565
574
625
566
912
574
556
570
567
557
569
560
559
971
969
559
573
620
625
557
566
556
623
625
574
565
559
556
625
595
575
567
564
567
560
626
559
570
556
624
567
578
561
556
604
569
560
569
559
574
581
573
555
560
565
555
567
564
565
574
620
582
560
563
558
577
556
566
557
570
570
569
557
558
560
556
570
570
1434
570
566
658
623
560
1364
572
560
570
569
579
569
570
564
573
568
613
555
569
556
625
567
563
555
555
573
597
555
582
570
555
624
578
572
568
612
556
571
556
556
556
555
551
564
567
568
555
556
560
574
577
617
566
554
554
556
564
567
577
627
567
574
583
556
571
563
560
555
555
564
557
554
565
555
619
573
556
559
556
566
599
574
571
565
559
571
578
640
567
568
572
559
555
555
558
559
569
554
556
570
558
556
565
566
559
570
555
555
570
556
557
555
556
569
555
555
569
556
554
569
621
617
566
566
556
564
557
559
570
565
556
623
574
565
559
559
555
559
573
556
575
560
555
622
570
559
574
570
571
568
556
565
560
556
637
563
556
557
565
556
554
554
568
559
555
569
563
555
573
564
571
555
570
558
559
554
559
555
556
559
571
556
565
571
565
571
565
555
621
575
710
558
555
555
567
566
557
556
604
650
554
554
556
571
566
569
560
555
622
617
566
555
569
569
623
570
570
569
555
584
559
574
573
556
935
568
614
560
556
616
559
565
556
559
796
556
555
559
956
569
555
567
568
568
566
559
568
555
571
565
560
556
562
555
556
555
560
568
554
623
559
566
573
560
559
555
570
556
566
567
619
575
558
555
564
571
628
556
555
559
559
555
559
621
575
569
568
574
608
565
731
556
556
570
569
571
557
569
575
628
571
555
557
574
556
559
555
570
571
572
573
563
555
568
556
568
569
566
568
556
556
572
572
565
556
559
567
568
556
569
571
570
564
569
568
570
559
555
569
556
571
558
555
566
567
555
559
559
575
556
603
556
555
569
555
555
580
559
556
572
664
568
559
568
556
570
566
569
576
569
556
566
568
569
551
555
566
555
566
622
555
