949
1214
867
1083
869
869
1031
906
871
866
865
862
868
1337
865
870
901
929
866
869
868
865
861
869
873
873
1563
933
869
869
871
872
870
903
918
868
868
869
868
866
868
916
952
866
908
867
918
868
867
871
867
935
917
872
865
866
869
870
872
868
867
861
865
919
914
914
863
931
866
866
868
869
868
902
867
866
897
861
868
868
865
871
872
871
1124
886
927
869
868
869
862
867
867
863
865
865
926
862
903
870
877
867
938
871
864
868
883
871
870
950
873
865
871
924
872
926
1148
866
865
871
867
861
869
868
860
861
867
869
884
869
870
865
952
872
875
861
1352
865
866
861
868
867
861
870
870
867
1733
929
862
869
1494
872
861
885
869
870
871
885
862
937
872
865
920
865
871
871
868
869
866
941
922
870
865
865
865
872
947
864
918
869
873
869
865
869
867
866
923
868
871
870
868
1906
862
948
865
927
861
912
869
867
869
867
866
868
866
907
881
861
869
908
865
873
942
870
883
1525
868
870
873
868
867
865
1789
1213
871
868
866
907
866
865
868
938
943
872
901
867
865
866
867
869
872
868
925
867
1038
868
865
869
865
868
871
914
870
893
1603
870
912
866
865
870
869
872
927
868
870
867
865
912
865
887
869
871
925
865
869
870
879
870
862
862
913
949
871
893
861
870
1668
1367
1499
1802
870
869
922
956
869
871
932
869
867
869
870
868
869
861
867
867
869
871
860
868
864
870
865
943
861
868
868
867
912
872
872
907
868
870
865
865
871
869
938
866
866
863
869
865
871
864
868
912
914
891
1653
871
873
866
867
870
868
866
936
870
870
868
872
922
871
1626
871
873
866
866
866
951
865
901
872
871
861
912
867
875
866
873
868
864
867
867
868
873
916
870
871
868
867
873
868
865
919
870
938
929
1318
868
869
876
861
873
945
948
1303
870
869
863
878
953
865
956
865
938
871
868
866
869
870
863
861
868
867
909
1752
905
865
868
909
867
865
868
865
933
869
870
871
865
866
872
869
869
923
868
874
869
867
866
912
868
867
870
870
872
861
868
868
897
867
864
866
870
872
867
867
864
869
867
869
870
864
873
867
865
862
872
872
861
867
874
868
867
936
916
871
930
866
914
866
872
871
888
868
869
935
866
917
866
872
872
865
868
868
868
867
868
870
871
873
865
872
865
866
911
872
861
865
865
867
864
1031
866
907
871
868
903
913
868
868
867
869
870
871
862
950
884
861
871
867
862
867
868
869
871
875
873
871
866
868
1032
873
945
868
870
869
869
861
869
871
867
865
866
866
915
919
867
868
916
1839
872
870
920
868
865
868
928
938
870
868
867
872
921
870
867
868
868
866
868
867
865
869
915
871
921
868
866
866
864
868
865
870
914
874
861
861
868
864
872
864
871
861
868
869
868
870
950
868
865
870
867
869
862
869
867
869
861
870
919
868
917
871
864
862
909
870
864
875
868
867
929
868
1136
870
873
861
867
861
865
867
861
873
860
941
870
1862
867
925
864
1076
888
903
865
865
872
871
884
861
911
870
869
864
880
865
927
919
867
862
867
925
866
871
864
871
866
917
870
871
867
945
869
869
870
865
865
865
935
874
865
915
869
965
870
918
868
927
864
872
869
867
871
868
864
866
867
926
868
867
873
869
871
869
874
1367
866
870
871
871
905
879
865
866
869
866
871
919
931
886
864
871
871
868
865
869
867
869
930
868
910
873
877
871
1295
871
866
920
865
866
869
869
2140
865
866
867
866
870
868
871
871
874
870
870
871
866
1571
862
871
867
868
870
866
867
870
913
913
918
883
870
866
872
2076
913
862
871
870
873
868
869
865
915
871
864
867
868
872
932
869
929
871
870
870
864
944
865
867
873
870
920
866
872
873
870
903
866
867
869
871
866
870
869
869
869
874
939
868
935
866
866
872
865
867
871
873
866
868
872
868
870
868
866
880
943
871
867
865
869
867
930
867
865
868
865
921
869
870
871
873
867
869
865
863
920
861
910
918
873
867
878
868
875
1629
871
914
925
870
872
868
866
866
861
867
868
869
863
867
920
911
877
918
873
885
865
866
867
876
866
925
867
937
867
919
867
862
952
877
912
864
867
913
868
865
866
867
865
871
865
917
913
862
915
868
868
865
908
867
914
864
871
880
865
865
867
866
865
865
864
868
869
962
871
897
865
874
867
864
865
933
872
870
930
919
876
869
936
865
884
861
936
872
869
863
871
870
870
871
917
865
867
867
866
865
921
872
861
863
862
869
869
868
864
869
870
926
872
869
861
865
871
865
865
872
864
867
869
868
870
914
870
871
867
866
924
918
865
871
879
861
865
870
869
877
868
869
916
869
870
870
867
860
871
884
869
868
869
863
861
865
865
873
869
862
869
866
866
868
867
861
867
870
870
868
909
868
872
870
866
863
869
862
868
864
865
868
873
865
940
868
872
869
875
867
865
867
871
867
870
872
867
867
869
948
866
865
866
869
865
869
865
869
906
868
863
864
872
919
915
874
871
936
870
873
909
864
869
864
864
869
928
910
870
869
867
863
881
919
869
869
865
871
865
865
868
869
867
869
868
917
872
862
876
1670
866
868
861
869
867
872
869
866
865
873
868
867
872
870
863
915
867
871
861
868
860
868
871
866
867
860
871
912
867
872
915
866
860
866
862
865
869
872
863
865
865
868
869
871
872
871
869
869
870
870
913
866
872
924
925
870
872
878
872
872
873
1815
867
873
932
913
870
866
866
869
864
869
867
862
872
871
868
861
865
871
869
871
866
869
868
869
870
868
872
864
869
937
865
869
868
861
866
927
867
871
871
864
870
868
928
867
868
864
871
869
871
869
869
871
872
921
868
866
868
869
921
919
866
869
914
911
862
935
947
861
872
919
868
873
868
869
868
861
866
867
869
870
866
861
914
872
871
925
866
893
868
864
870
915
882
866
869
870
870
863
867
862
864
864
866
874
862
914
872
871
869
864
943
867
870
866
865
865
871
1200
915
868
940
862
866
871
868
903
871
864
866
870
869
868
872
870
872
865
867
869
869
883
914
865
893
915
869
870
926
872
941
869
873
865
870
872
864
869
868
870
865
868
868
866
867
871
926
872
885
865
872
872
875
868
914
901
870
874
871
867
908
867
870
1038
870
865
860
870
866
950
867
866
941
918
872
872
926
915
873
870
871
869
871
870
912
864
865
869
873
870
871
869
877
869
873
864
872
886
917
871
869
869
867
865
917
913
866
920
871
870
867
934
873
861
865
870
867
870
920
862
865
863
861
867
870
869
866
866
861
865
946
868
869
869
871
870
867
867
873
915
873
868
862
868
865
904
872
866
925
866
866
869
869
869
885
867
867
866
866
864
868
870
893
872
912
865
871
869
869
868
869
868
867
871
866
935
867
861
872
867
868
870
866
867
867
869
862
869
919
945
869
865
942
862
910
917
871
866
870
868
867
866
948
870
865
869
871
912
872
864
869
862
870
872
870
870
868
870
869
946
869
866
872
867
867
869
890
861
909
917
865
865
865
915
865
868
865
919
879
904
861
1341
868
865
865
861
869
869
869
865
869
868
866
869
872
869
934
869
865
919
935
877
888
870
865
929
870
929
866
876
909
866
872
868
869
930
868
872
866
867
879
884
868
873
872
871
1593
872
915
871
875
871
869
869
872
1713
873
866
905
869
866
865
866
868
869
872
866
871
866
865
865
870
868
871
874
868
868
923
923
869
886
861
867
873
867
868
873
1198
864
950
974
872
873
876
873
920
872
863
867
872
868
872
872
866
868
869
923
866
869
870
926
872
913
915
869
869
867
869
870
866
861
866
866
867
870
862
872
868
868
949
871
871
868
868
917
868
862
883
871
871
865
871
862
867
916
866
869
930
930
872
867
868
865
872
866
865
867
923
867
861
866
934
861
866
864
869
865
869
866
861
919
870
915
868
919
868
2417
866
870
916
862
872
872
872
865
870
867
954
868
867
880
870
877
914
871
866
930
941
866
870
909
867
872
862
869
861
923
866
868
868
870
870
873
862
871
868
868
865
872
864
870
871
868
866
958
864
887
861
986
865
870
872
870
868
872
871
861
867
867
874
865
915
870
913
867
872
868
941
869
862
870
914
931
861
868
870
918
862
919
864
906
861
869
866
870
870
867
867
884
865
929
870
865
865
949
868
866
882
866
866
865
915
867
870
872
871
865
869
866
868
868
870
868
870
868
869
868
866
867
869
954
873
894
951
865
865
929
869
860
874
866
865
869
862
871
871
926
871
864
868
870
867
913
909
865
868
869
932
866
865
867
868
870
869
913
861
866
867
924
861
920
872
869
908
927
869
934
868
866
867
868
865
865
869
862
868
869
869
867
866
920
866
868
1257
868
868
866
944
868
871
868
861
868
864
865
868
868
867
873
866
870
913
948
868
913
865
868
945
874
869
871
867
864
912
866
865
864
869
866
865
873
866
867
865
874
865
868
864
921
923
869
866
872
866
867
872
866
865
871
865
868
873
872
872
869
936
867
869
890
870
865
866
862
925
865
867
863
930
867
917
865
867
866
867
867
864
863
916
871
930
919
874
870
916
862
865
870
870
1346
868
871
866
861
872
914
870
875
871
866
922
944
864
902
866
873
1696
870
867
868
868
862
866
871
868
869
875
876
871
873
870
871
872
888
866
872
870
865
870
862
868
866
865
923
923
869
869
868
864
865
926
944
867
869
922
871
871
866
869
882
867
868
1071
922
869
868
865
873
869
870
865
866
868
951
870
871
867
867
869
872
929
867
910
872
917
872
870
870
928
866
872
912
873
866
867
861
909
871
869
874
869
868
870
883
866
918
868
864
870
871
874
924
913
861
873
865
926
871
866
913
888
873
862
864
919
868
869
865
861
871
866
866
870
865
870
891
944
872
871
862
865
870
864
865
919
892
868
869
951
879
870
888
932
867
921
863
867
929
870
866
870
916
861
919
862
873
877
866
919
872
861
959
869
871
870
871
869
940
873
863
929
927
873
865
868
869
865
951
870
866
869
867
870
870
895
865
871
863
871
869
954
872
914
971
925
890
873
873
870
871
1245
912
868
869
866
866
868
868
875
901
862
869
959
866
869
874
868
871
865
917
865
922
879
866
865
863
871
867
873
861
867
871
867
921
866
867
874
868
867
865
950
873
861
864
1351
1876
935
870
867
872
867
865
866
925
887
875
867
915
866
866
867
870
922
871
868
862
869
869
866
864
865
877
868
869
870
870
868
869
865
872
868
870
919
867
869
867
868
1839
867
920
1256
867
869
868
912
869
872
893
870
918
919
872
870
866
868
867
916
868
868
868
870
868
866
867
870
866
868
874
866
871
863
865
871
869
874
866
868
873
871
862
866
871
870
865
866
872
868
874
869
871
911
869
864
878
936
865
861
935
869
873
872
871
952
873
871
869
865
869
864
882
867
874
873
872
869
869
870
869
936
916
865
871
861
865
935
873
861
902
871
869
868
869
875
869
926
906
867
870
864
865
865
862
871
932
866
936
866
870
867
872
867
867
866
870
866
959
892
952
866
1310
1000
865
871
865
902
875
904
866
868
890
925
868
862
869
916
868
868
869
869
869
871
919
922
873
869
861
862
870
871
955
867
865
871
867
866
873
874
866
870
1184
926
1428
885
871
867
865
868
916
916
866
864
948
867
868
867
871
870
874
869
923
872
866
869
867
866
871
870
868
867
915
913
866
869
866
866
865
861
865
866
914
917
870
913
913
916
868
866
865
865
931
861
867
867
920
869
865
868
930
872
862
869
871
918
865
871
866
866
873
921
871
865
923
915
867
866
916
861
865
920
871
871
872
866
867
916
870
868
916
868
867
868
869
869
865
861
871
870
937
867
871
871
869
917
869
873
1301
870
865
869
869
869
861
906
934
870
869
867
910
867
915
871
918
871
871
1378
865
862
926
873
861
868
868
871
869
868
869
869
865
865
868
871
866
864
867
872
910
861
915
868
915
865
905
874
925
865
865
868
910
862
931
869
864
873
928
916
866
861
871
869
867
869
876
928
1093
870
870
928
871
869
865
877
932
869
928
868
870
865
872
939
867
869
868
873
868
870
873
935
868
933
873
869
867
866
870
873
875
1797
871
861
873
869
870
870
870
873
871
868
868
866
873
865
1540
888
870
866
870
862
865
867
862
889
869
1214
872
868
861
865
1190
873
876
868
865
871
865
867
867
1092
865
865
871
867
883
911
869
868
865
867
867
871
870
865
887
866
864
869
866
920
872
864
869
873
937
868
916
874
869
866
905
868
867
1293
868
880
873
874
871
871
871
920
869
929
911
872
868
871
870
868
873
869
881
871
1004
923
917
870
867
869
869
870
869
871
868
871
864
861
905
865
861
871
914
873
872
866
865
868
871
868
870
870
865
869
871
870
866
866
869
865
866
867
869
869
868
878
868
873
928
870
938
867
871
866
869
867
872
868
868
921
869
866
871
866
866
868
869
866
873
872
873
882
945
911
863
866
943
871
868
869
867
913
879
872
866
866
865
870
869
868
868
870
869
871
871
869
864
865
872
869
873
867
867
872
873
869
862
868
868
911
1637
869
911
926
867
867
865
870
870
910
865
922
918
866
868
925
862
869
1743
862
2510
872
872
868
930
864
865
865
944
871
867
916
871
866
868
871
870
871
955
868
872
872
868
871
913
871
871
860
922
877
870
868
869
861
868
870
866
870
869
868
866
868
1500
872
871
1397
869
871
871
870
875
866
866
869
870
869
869
884
870
871
867
869
868
868
866
866
872
924
871
865
910
872
865
868
871
915
867
869
867
867
869
864
868
871
868
862
866
868
861
865
1315
934
906
875
940
917
868
922
869
937
865
872
870
869
872
924
873
899
873
877
867
867
918
860
886
865
872
869
870
869
866
866
869
869
868
873
868
866
871
908
869
868
861
871
928
867
866
872
870
867
933
908
908
869
865
864
871
868
866
909
865
866
868
867
866
866
868
869
866
868
865
872
922
869
866
861
869
862
932
871
871
863
870
871
873
872
955
869
917
870
866
869
865
868
868
867
866
868
873
866
869
866
870
921
905
868
873
866
872
873
866
866
874
873
866
917
918
932
868
876
918
865
869
866
872
910
870
870
868
871
866
939
871
870
926
870
870
922
866
864
869
864
869
911
921
868
862
871
906
861
872
865
895
867
906
873
868
867
879
866
867
866
943
870
860
865
871
870
869
869
865
862
869
868
868
872
873
868
866
873
868
871
878
915
868
871
867
927
871
916
861
867
871
862
913
868
865
871
862
868
868
906
872
872
868
865
929
870
868
862
865
862
869
871
931
864
864
878
869
869
872
929
1337
932
889
880
872
868
871
867
868
870
865
866
865
908
865
940
919
868
865
866
861
872
870
866
924
918
870
864
878
867
879
871
861
873
870
869
866
872
869
950
919
928
869
868
870
865
871
1006
871
886
865
869
864
870
871
865
866
862
861
868
869
867
869
868
868
871
861
911
871
872
893
868
867
2389
900
864
911
862
949
868
900
871
872
871
867
915
873
916
872
916
868
872
929
867
918
865
865
904
869
864
924
912
869
862
870
868
887
866
867
867
870
869
870
865
939
865
1245
871
867
918
868
867
866
867
886
865
866
864
867
861
868
872
872
932
867
943
862
882
873
871
913
865
871
867
861
870
920
921
861
864
870
867
871
872
873
949
860
914
866
870
864
868
868
937
869
945
869
937
871
952
865
868
871
861
869
868
862
861
868
866
912
870
865
867
910
866
867
870
871
861
1053
867
868
866
870
927
868
872
869
1121
871
881
919
873
916
878
1094
863
866
866
866
889
912
870
889
867
869
869
866
868
868
909
914
868
920
870
869
873
866
866
872
919
865
868
869
870
918
860
869
876
868
868
865
906
933
930
869
865
867
871
867
868
908
868
861
870
867
869
864
860
872
870
910
870
870
870
897
922
868
870
966
885
931
872
872
868
867
914
867
871
861
867
866
869
908
873
960
914
869
861
916
870
924
869
870
868
866
867
894
870
869
866
870
932
868
867
878
869
868
864
871
874
867
914
909
869
864
869
868
865
863
867
918
865
907
867
874
865
860
865
923
866
864
870
869
871
871
868
861
870
865
873
870
869
861
865
865
873
866
870
868
868
865
866
934
916
930
871
872
868
867
869
868
868
871
869
862
864
870
866
866
872
861
869
878
866
939
870
869
920
861
866
873
870
872
868
871
867
921
865
864
866
861
871
865
873
868
870
867
865
864
864
867
862
867
862
865
867
870
870
869
865
861
867
868
872
868
866
912
870
918
882
867
870
911
946
861
861
866
912
862
924
873
933
919
861
862
870
949
868
915
869
936
866
868
920
948
871
918
873
864
882
869
862
867
866
868
872
940
871
865
867
872
867
865
939
875
870
870
912
869
871
878
870
900
871
866
872
867
934
929
872
872
869
934
908
863
864
1121
864
860
868
870
872
862
866
909
867
950
865
867
920
889
870
867
870
871
923
873
869
918
868
870
878
873
864
867
861
867
952
870
1278
889
866
866
869
871
912
867
865
914
869
868
863
862
870
871
867
866
869
890
871
869
866
868
873
861
868
870
867
867
1091
869
868
867
864
873
863
865
869
872
912
870
868
868
917
868
868
862
870
869
870
861
874
925
867
931
872
865
871
866
869
866
872
933
871
927
872
873
869
982
865
886
870
868
866
930
931
871
871
865
872
869
865
915
867
864
867
879
871
871
871
924
869
869
927
872
919
861
866
869
864
916
916
864
868
868
866
870
912
874
873
2670
863
873
867
874
909
868
871
867
877
930
861
1071
873
872
870
870
864
867
913
871
868
916
870
862
873
867
869
870
865
871
865
870
1092
867
866
865
865
868
865
867
879
915
865
869
872
866
926
867
863
867
871
869
963
868
872
876
870
869
869
870
923
921
887
866
865
910
866
861
865
871
953
867
862
871
908
867
929
867
872
869
879
887
869
862
871
872
872
869
861
912
866
871
865
872
867
956
915
868
866
868
871
869
865
872
860
867
915
865
867
861
872
866
869
869
913
909
871
867
865
871
866
865
870
867
861
869
868
905
873
923
866
871
862
885
870
917
911
869
870
943
869
870
868
865
866
872
926
866
870
865
915
864
868
873
873
939
870
868
878
861
940
874
871
871
872
871
871
868
874
869
910
865
868
869
937
865
862
865
871
921
917
867
862
871
919
883
869
865
917
870
871
872
867
863
868
871
872
874
872
871
910
872
876
867
869
917
868
870
868
868
864
868
868
865
866
871
872
866
874
1136
871
867
899
862
875
926
867
912
869
872
871
868
865
872
872
868
1546
868
868
920
861
870
869
912
868
868
865
913
862
861
868
868
866
909
869
873
867
867
866
869
869
867
867
869
867
870
872
865
868
861
871
871
861
865
917
890
871
868
867
867
869
867
868
914
870
866
862
868
871
868
866
870
866
920
865
871
947
871
917
954
876
871
876
932
871
871
933
1631
873
872
871
909
870
868
867
912
915
873
865
860
867
871
870
897
865
869
874
914
865
872
867
928
879
877
933
866
870
864
870
867
871
869
871
865
927
865
917
868
868
869
872
866
875
868
868
873
864
921
866
870
868
872
917
862
868
871
872
936
868
867
870
870
921
1724
919
920
931
875
866
870
873
866
867
865
862
867
870
889
861
868
869
1245
869
870
927
867
867
868
869
1303
865
872
861
921
868
872
872
868
868
869
914
870
865
864
873
867
870
954
1356
865
872
862
866
872
865
869
869
874
919
863
910
864
866
865
922
866
867
867
869
924
873
868
934
870
866
866
866
866
864
870
868
869
937
872
909
874
942
860
866
925
866
866
870
865
870
874
873
945
866
868
867
878
871
864
871
886
869
898
866
952
869
869
865
949
866
871
928
938
880
865
880
882
867
912
867
872
920
868
861
866
930
945
862
1917
866
913
869
938
871
868
868
872
872
865
868
872
879
865
1170
867
868
866
869
870
868
865
1549
860
869
865
862
891
871
915
866
865
865
871
870
861
869
870
861
870
869
866
867
871
871
869
869
867
866
955
871
865
953
865
870
868
925
870
879
868
1560
871
870
871
1165
864
867
866
869
922
931
865
869
866
865
1104
866
868
868
873
938
866
869
868
872
948
866
867
937
866
920
871
865
2214
866
860
866
866
868
927
872
860
946
866
865
862
862
869
871
873
878
874
871
867
872
861
867
916
866
866
865
869
865
868
872
871
869
916
872
869
871
868
953
865
869
870
871
869
929
876
922
869
868
871
871
867
880
912
861
865
868
866
871
915
907
881
868
871
866
866
871
866
876
913
868
914
861
872
870
886
867
867
872
865
872
1159
869
868
870
867
871
875
869
926
862
871
868
873
862
965
871
874
875
869
870
930
868
869
871
951
1685
867
916
932
874
870
871
919
868
915
917
865
868
930
865
870
870
872
866
934
865
865
862
926
941
881
932
979
872
866
874
868
870
871
866
861
866
870
871
873
917
868
868
871
865
872
870
868
869
867
926
874
869
877
969
891
867
871
869
866
865
867
872
872
873
868
867
866
864
866
878
870
873
869
871
866
909
867
866
870
867
869
871
865
861
865
868
868
916
867
869
869
870
916
917
870
867
866
868
869
861
867
872
868
873
863
870
872
871
869
926
862
861
865
870
1169
867
872
868
871
871
867
868
866
865
865
868
862
869
869
913
869
866
869
864
916
869
870
907
871
868
860
926
869
868
871
942
933
872
871
867
923
861
915
922
869
926
912
870
913
868
916
869
864
913
927
870
870
871
873
860
931
871
932
871
867
870
869
870
871
863
916
866
874
867
868
916
868
909
865
882
868
864
868
867
1052
870
876
865
871
874
870
870
869
865
871
862
922
867
872
861
915
866
867
913
912
873
872
869
868
868
869
868
863
862
872
865
867
869
1364
866
869
866
873
869
867
861
871
862
870
861
860
866
862
939
865
871
868
870
866
888
868
902
871
862
870
866
866
870
1360
866
870
892
873
866
868
955
870
865
869
861
871
860
866
900
868
867
933
886
871
867
862
1422
868
869
861
867
867
872
872
871
868
868
919
868
915
861
911
869
870
868
864
868
867
861
909
889
888
928
871
869
871
866
868
889
872
869
869
1370
867
866
910
866
873
864
914
865
932
867
868
873
864
872
865
869
860
867
860
867
868
871
865
914
866
871
862
862
872
872
868
872
866
867
951
919
868
869
918
872
861
870
866
870
872
917
865
871
867
881
864
868
867
877
865
867
923
866
873
870
869
872
906
914
916
872
912
927
874
926
868
869
861
868
868
870
868
871
861
917
874
869
920
879
869
872
870
864
870
865
865
868
873
873
870
871
861
866
862
872
871
865
866
865
864
869
874
865
863
867
870
871
868
872
871
872
934
872
921
870
868
867
867
871
865
869
866
874
924
864
861
867
871
872
862
869
868
921
873
911
886
910
870
945
865
913
866
877
1738
869
868
868
1285
890
866
861
871
871
867
869
873
869
870
869
866
865
867
914
913
868
872
913
867
860
915
869
865
866
871
870
870
869
935
936
866
866
869
917
867
873
865
865
867
873
867
873
909
865
861
861
873
868
946
914
867
868
914
861
872
874
868
865
1529
864
936
918
907
917
873
861
1447
864
871
872
868
869
915
868
866
871
867
867
871
874
861
913
887
870
878
868
868
870
874
929
870
870
864
870
1294
873
865
867
873
870
867
916
872
869
870
875
975
872
871
917
924
865
887
863
871
896
933
870
872
868
909
868
871
917
873
877
865
862
866
872
918
870
868
872
871
873
871
868
1602
866
915
917
915
866
869
868
869
867
872
868
924
920
869
909
867
868
913
866
869
894
867
868
865
910
865
865
868
926
925
867
909
872
867
868
872
868
861
866
868
909
866
868
907
910
864
869
861
866
865
866
862
865
865
910
872
921
890
873
873
865
867
865
869
946
1275
871
869
1199
865
865
866
866
865
871
868
914
913
871
887
871
867
868
901
866
865
861
872
868
868
875
872
866
913
867
866
861
869
865
1038
870
866
865
869
870
867
866
870
938
869
868
865
870
867
919
868
872
869
868
874
871
868
922
868
866
917
868
871
866
869
868
870
868
868
872
865
867
926
865
864
873
863
865
867
869
861
871
867
866
870
866
921
869
953
868
866
867
872
869
872
965
872
871
865
861
913
912
872
865
869
868
931
868
915
868
869
865
867
869
872
860
865
871
877
933
871
865
869
870
865
864
866
906
867
866
877
921
869
868
866
868
867
880
2062
862
866
869
868
867
871
922
866
884
871
929
865
869
868
868
939
867
870
868
911
867
866
871
867
867
861
869
868
861
869
868
866
875
868
870
861
873
871
865
929
930
937
867
861
867
867
872
896
865
868
916
863
867
919
868
922
872
919
949
871
869
866
911
866
869
918
866
870
868
869
869
870
871
866
868
927
866
869
873
881
872
872
868
866
870
911
916
931
866
914
871
865
872
869
929
870
868
887
868
861
872
870
871
862
927
872
920
864
869
873
867
927
927
869
861
867
925
865
868
870
866
925
867
868
866
871
868
869
871
867
864
915
867
868
868
867
870
909
917
866
869
871
867
864
921
863
866
863
869
866
868
868
870
869
867
867
865
868
871
871
867
935
867
868
871
862
900
866
910
865
868
866
871
872
867
862
865
868
862
869
871
869
865
866
872
865
874
917
870
890
868
954
872
870
869
870
868
860
1077
867
914
869
924
894
871
861
869
867
928
871
869
868
867
873
867
871
869
870
861
861
871
871
870
865
901
870
865
867
872
861
866
866
860
870
864
862
864
872
866
926
871
870
866
933
868
860
912
919
871
871
866
867
913
871
872
871
935
866
872
867
867
870
879
872
876
870
873
865
867
911
865
870
868
867
869
872
918
872
868
870
866
929
871
867
1442
943
1887
868
875
913
870
867
868
870
870
870
867
870
872
918
874
919
867
861
868
868
917
870
865
866
1435
915
869
872
868
870
871
948
874
866
862
913
870
868
872
869
866
1070
869
917
866
873
868
868
866
871
869
865
861
865
868
909
868
868
867
871
865
867
865
867
867
869
865
866
862
868
868
911
869
869
874
871
872
868
1009
1367
869
868
910
870
865
866
866
934
868
884
926
865
869
872
867
917
861
912
906
863
873
872
933
870
943
965
868
927
1296
871
930
866
868
917
864
866
876
938
870
870
865
865
869
868
872
911
869
871
872
870
1192
882
868
861
865
872
865
869
872
2065
868
874
870
869
865
871
922
861
931
872
922
867
1867
870
860
869
872
874
866
868
868
872
870
870
864
888
866
869
869
2079
912
1151
871
870
904
867
923
871
884
869
871
869
871
872
861
869
870
868
868
916
867
869
871
862
866
862
869
870
892
862
870
871
916
868
870
865
861
872
867
862
864
869
872
910
871
867
872
899
866
925
872
867
870
866
884
866
868
918
869
865
866
862
865
870
914
869
875
917
911
872
944
869
866
908
869
869
1671
867
870
870
865
867
960
861
861
869
937
864
868
871
867
871
867
866
860
921
870
867
918
864
871
966
1397
868
867
865
914
868
868
866
915
919
868
868
869
864
864
870
872
867
913
869
868
869
867
862
918
865
874
865
872
872
867
867
910
869
868
909
917
919
917
866
866
871
934
866
869
924
918
875
868
868
914
911
868
866
871
929
952
867
868
867
865
862
867
871
866
861
866
927
870
865
872
931
867
866
872
871
875
2148
917
864
871
860
872
881
862
866
925
870
868
873
867
869
869
913
869
869
873
869
919
868
913
867
883
861
868
870
866
908
866
913
868
929
868
1683
868
865
869
929
874
891
864
867
870
913
954
868
869
873
871
867
916
870
872
870
871
946
919
866
865
871
873
864
915
871
871
867
874
862
865
873
872
868
873
869
866
866
939
861
871
1588
926
865
870
868
869
871
871
868
869
869
913
872
866
915
868
869
867
874
866
867
867
869
871
868
871
866
862
865
869
867
907
872
869
870
866
866
870
866
866
872
2115
866
871
869
868
870
866
911
1940
866
866
867
860
870
868
892
865
869
891
925
920
872
871
867
865
915
1244
869
871
920
872
866
870
866
870
864
869
864
919
868
868
871
870
861
866
868
939
867
867
869
875
913
872
866
917
933
919
884
868
865
888
866
865
875
866
893
864
878
866
865
865
868
868
867
867
872
867
871
860
868
867
867
866
869
867
866
865
873
941
868
871
871
872
916
866
869
865
867
866
910
867
865
870
871
870
956
892
915
910
868
869
867
932
870
865
862
872
867
866
861
866
918
865
912
867
867
870
873
865
925
868
865
864
866
861
952
872
865
871
910
869
869
861
875
868
866
872
1452
867
894
861
869
867
933
865
870
868
863
865
868
865
868
867
1779
866
867
867
868
925
935
870
868
868
871
866
870
872
868
873
864
868
917
870
863
865
865
909
867
871
869
872
866
868
898
871
932
868
869
868
862
2234
873
1152
872
912
867
866
869
1057
867
867
916
868
865
865
869
870
871
868
862
1877
865
865
868
875
868
915
866
869
895
868
869
873
868
866
868
919
866
869
871
864
919
868
914
870
868
867
870
911
868
865
916
868
873
872
867
864
867
867
869
867
871
919
930
916
867
868
865
868
911
871
868
920
869
862
913
935
871
868
866
866
869
865
865
960
869
865
871
872
871
871
867
865
865
869
872
870
922
871
869
860
862
887
866
868
869
872
872
867
886
868
865
869
867
865
866
861
869
866
906
871
870
870
870
867
868
873
868
870
867
872
866
873
864
866
913
866
869
869
873
895
871
869
924
865
866
873
861
870
869
920
869
867
870
868
871
871
871
940
872
866
865
865
867
929
871
867
871
933
869
868
870
865
872
868
866
869
874
867
869
865
870
915
874
867
867
872
868
867
867
865
865
873
870
917
865
872
870
954
932
865
868
923
866
861
863
919
869
918
869
868
866
907
1077
868
870
917
927
869
867
868
870
867
867
866
935
868
945
874
868
866
944
863
869
872
871
867
865
915
868
870
866
867
869
873
884
866
870
866
867
869
873
874
1324
873
910
911
868
871
914
864
915
915
875
915
873
869
1697
869
871
870
869
869
1283
868
916
872
911
867
866
863
867
872
865
871
865
865
870
920
868
866
870
876
880
872
867
922
871
924
869
869
869
869
926
868
867
1666
869
870
924
2200
867
870
870
873
865
865
873
868
868
872
941
913
911
870
879
880
874
867
871
912
954
875
863
870
867
866
917
867
869
867
865
865
869
873
869
867
868
870
879
934
873
867
867
914
861
864
866
865
868
938
870
872
946
870
868
867
865
1277
862
872
926
866
869
869
869
868
866
915
923
868
862
871
868
865
869
865
932
1457
869
871
1038
867
869
911
869
869
921
882
875
869
865
954
868
866
873
865
868
887
865
870
870
869
871
862
868
918
926
916
864
914
937
927
932
865
870
871
869
864
872
869
869
870
870
861
914
866
871
871
870
869
869
870
871
869
870
916
871
867
861
875
874
867
866
916
865
868
869
933
867
867
932
869
867
867
866
871
866
865
866
946
861
869
865
871
866
862
873
872
866
932
917
866
863
867
865
866
914
870
866
872
874
934
965
869
869
955
865
872
869
866
865
872
866
867
867
865
865
873
868
870
874
872
862
870
866
861
869
868
871
911
868
874
869
870
866
865
862
909
919
867
872
869
866
866
869
871
869
867
868
951
913
865
921
868
882
865
866
880
871
870
873
866
870
871
861
869
914
865
870
931
869
915
871
872
870
932
872
870
866
869
868
865
868
865
868
869
869
915
933
869
874
871
871
865
874
914
870
866
865
914
862
870
871
869
861
868
927
916
873
871
873
871
872
865
915
872
865
872
869
869
861
868
1692
868
866
878
871
867
869
871
869
872
866
868
865
867
1697
1113
867
866
870
915
919
928
872
887
869
868
867
911
883
867
865
865
867
867
870
914
1015
871
870
868
869
869
871
870
862
925
864
870
861
866
868
872
865
867
865
870
867
867
945
867
950
863
871
920
871
871
865
927
872
1604
871
867
868
861
865
923
871
867
868
864
929
925
869
868
865
865
943
866
871
873
868
871
870
913
868
868
865
868
870
870
869
867
868
864
861
864
868
868
870
866
869
874
871
863
869
863
870
867
869
934
865
865
866
867
869
868
864
869
863
1426
870
868
872
862
871
866
871
868
903
867
924
870
908
912
871
865
1032
861
864
868
866
869
869
861
875
874
872
1509
866
862
870
929
925
943
866
871
866
860
862
869
914
872
870
861
871
871
862
910
873
918
928
870
874
861
870
875
867
866
871
989
922
865
877
915
861
865
867
861
872
874
869
863
869
869
918
932
865
863
862
867
865
874
868
1030
865
867
870
865
869
869
865
866
872
866
870
865
914
921
873
874
868
870
861
871
866
871
871
868
871
869
914
867
868
872
938
876
873
867
867
933
870
868
861
1382
874
869
873
872
869
871
957
1761
873
940
873
862
861
869
867
916
863
865
921
865
868
925
871
870
861
867
869
869
862
867
871
861
943
865
862
920
871
871
870
866
861
868
862
865
861
872
866
871
867
953
933
869
868
868
871
866
900
872
869
865
870
924
864
870
861
879
871
868
869
864
866
868
860
864
1289
870
862
868
867
872
866
865
868
918
881
866
870
872
1027
875
867
942
962
866
869
868
866
940
865
873
905
868
870
872
873
866
869
866
870
869
871
862
936
873
861
871
900
949
871
870
869
871
868
867
866
862
925
865
865
873
912
871
870
870
919
916
916
867
872
867
869
868
868
871
1463
862
871
861
866
915
865
866
868
861
870
867
872
870
867
866
938
861
955
866
861
866
867
868
869
931
869
913
869
942
868
869
871
871
865
869
864
868
866
872
936
868
865
867
870
872
868
868
953
869
865
867
866
866
869
865
871
868
862
918
868
869
869
871
867
870
892
872
870
882
873
1007
885
871
869
866
861
861
870
868
869
867
871
872
866
868
934
871
873
929
872
870
871
931
868
870
871
892
866
914
867
871
865
867
869
869
872
865
867
867
866
867
914
865
868
869
933
884
919
873
871
862
865
870
866
866
865
870
871
936
869
869
871
871
860
918
915
865
869
914
862
920
869
861
866
870
915
914
873
914
910
914
868
861
863
865
873
871
871
869
881
866
864
904
871
865
1106
870
868
865
866
870
915
923
866
871
869
870
871
870
868
868
924
941
865
870
862
874
870
934
868
862
868
861
1103
866
871
868
944
918
916
872
885
891
867
868
865
942
871
866
871
872
869
865
869
860
869
870
932
868
868
861
869
869
868
867
932
1510
872
1540
925
871
869
866
868
908
918
866
868
869
865
869
867
866
868
873
868
870
872
872
865
865
873
872
864
913
867
869
868
870
862
865
864
860
943
936
867
934
865
868
867
869
869
873
918
867
865
862
861
870
920
869
866
870
865
869
913
914
871
867
868
906
870
865
865
869
869
867
927
869
866
862
868
869
863
868
929
934
866
867
864
862
914
863
867
914
948
870
866
942
913
911
866
926
887
867
964
866
864
922
869
871
868
864
867
873
862
863
871
867
867
865
865
870
868
872
871
863
869
873
866
931
952
866
868
867
871
865
870
873
860
865
867
861
920
868
872
866
872
868
868
865
920
865
872
936
873
870
871
937
912
870
867
867
868
918
868
865
871
914
872
920
924
913
918
915
866
916
945
868
865
868
872
872
873
913
870
868
870
868
866
873
871
866
871
867
868
906
1134
870
866
873
870
921
872
867
892
869
865
868
868
867
870
872
866
878
866
949
869
871
867
870
1231
865
867
862
916
865
866
920
871
870
869
868
916
867
917
867
870
862
870
864
865
927
862
867
866
870
867
866
869
926
866
864
870
867
919
863
874
865
873
869
866
862
865
921
869
947
869
867
860
971
877
867
865
873
866
870
936
867
866
866
867
866
870
872
865
863
927
870
904
866
870
871
912
913
868
914
873
872
867
863
871
869
920
867
909
870
869
911
867
924
863
866
860
865
870
871
871
946
865
869
866
871
865
871
870
866
865
872
952
871
871
861
868
913
923
862
866
864
867
861
867
871
860
869
930
920
872
874
922
868
912
867
871
866
872
866
871
869
865
873
875
870
867
873
873
860
873
869
865
938
867
908
868
869
869
921
866
871
870
921
869
871
1599
911
864
868
875
867
864
935
869
869
872
909
870
866
869
868
872
871
870
935
866
869
865
872
864
866
867
868
932
862
872
865
868
865
866
930
878
889
871
874
866
931
865
865
871
865
923
862
865
867
868
862
884
867
866
873
867
916
867
873
917
867
868
871
898
873
918
920
911
868
864
871
868
870
866
922
939
866
869
867
864
871
872
872
943
873
861
865
868
871
865
871
870
868
870
940
1590
862
867
921
871
921
868
870
936
871
876
870
868
1916
869
867
869
913
866
869
980
868
867
868
870
866
869
1862
933
872
869
862
914
866
870
874
867
932
869
870
867
867
865
909
871
866
925
872
870
864
861
874
868
873
922
866
871
868
864
869
865
865
867
870
861
868
868
867
860
861
871
869
869
862
918
918
865
869
869
868
865
870
870
861
868
861
868
873
866
868
860
864
867
868
871
868
880
919
870
866
861
869
919
918
868
871
866
866
917
872
872
864
871
867
931
873
918
861
869
862
868
926
861
914
866
924
861
890
868
870
867
983
869
929
920
872
916
870
923
917
871
872
869
862
949
870
868
868
871
865
870
871
866
865
867
875
862
873
873
875
867
861
867
921
861
873
948
937
866
876
868
866
870
868
933
874
926
879
867
870
868
867
863
869
915
871
873
868
869
862
871
870
871
865
866
867
871
865
870
868
868
870
868
913
886
941
869
893
917
911
864
863
870
866
867
868
864
869
868
861
872
870
936
871
873
866
888
870
861
870
865
863
868
868
872
920
867
871
869
874
915
865
864
1180
870
863
862
869
866
867
921
904
866
866
866
866
867
917
876
864
865
870
881
873
863
867
865
865
873
871
873
860
874
865
871
866
865
863
922
869
871
873
906
870
868
865
868
916
864
872
1013
870
914
861
865
870
867
872
918
871
869
870
1278
867
871
869
865
912
869
867
872
865
928
865
865
887
953
872
869
888
870
914
867
867
910
862
1041
870
869
866
867
867
920
875
871
938
866
868
915
895
861
871
917
870
872
912
899
913
869
866
864
862
868
933
872
928
914
871
873
870
944
868
869
867
871
867
871
868
863
872
868
866
900
913
870
862
935
862
865
872
896
870
922
874
873
874
868
861
864
868
917
864
867
872
868
871
869
917
865
868
868
918
862
871
867
889
862
868
867
870
869
867
866
872
865
867
872
867
868
868
873
872
866
869
891
1392
869
926
920
869
916
914
919
869
870
871
864
872
867
906
873
869
865
930
867
914
870
930
871
874
872
919
951
871
868
872
870
862
871
865
871
870
864
865
867
870
869
867
861
866
871
871
868
868
872
872
883
871
865
869
867
918
861
917
865
865
873
868
866
868
868
909
866
1548
865
871
867
871
872
862
868
918
871
871
864
871
866
867
866
870
865
873
868
867
870
867
929
871
872
873
874
867
959
862
867
871
870
862
918
874
879
869
868
868
896
869
861
871
871
901
866
914
876
866
868
870
867
861
867
872
868
883
872
871
868
867
868
869
872
865
865
871
874
868
873
906
871
866
870
871
866
866
868
866
867
870
868
916
929
869
872
863
867
869
1269
868
871
873
872
914
867
872
871
870
866
866
868
868
865
861
868
873
871
942
869
868
868
920
870
861
919
866
867
875
869
870
870
865
2248
867
916
944
868
869
923
866
868
872
915
908
870
914
864
948
866
867
947
868
871
867
872
868
861
871
869
864
872
870
868
914
867
881
861
873
911
913
869
865
872
865
867
868
871
882
867
873
869
869
866
865
866
866
912
869
867
869
869
867
933
895
883
865
868
866
866
871
870
867
869
932
869
868
870
923
862
880
872
861
873
867
868
867
877
866
871
864
867
866
861
871
908
909
915
918
925
868
870
867
872
873
866
872
866
931
867
870
1009
865
870
874
865
865
2513
890
869
868
868
861
873
869
929
870
882
866
912
874
914
1020
916
871
869
870
872
871
868
890
871
870
862
861
864
865
866
868
873
868
865
869
861
871
869
865
866
862
866
866
1749
871
869
912
864
911
908
873
867
867
871
872
867
927
871
860
872
876
866
861
864
867
868
1288
874
870
868
870
915
941
871
874
932
921
868
941
868
869
870
861
868
866
870
880
861
864
870
868
926
874
861
871
866
868
871
911
862
915
912
934
867
869
866
872
871
912
872
866
868
869
867
868
914
867
867
869
867
869
864
861
928
869
867
869
869
865
865
869
872
867
869
864
878
867
866
865
867
862
869
867
868
868
876
865
866
865
872
868
870
865
870
869
917
868
865
866
865
889
917
872
868
915
885
872
869
869
871
869
1144
872
872
908
870
868
865
868
866
868
868
915
867
872
868
868
921
868
865
870
871
866
954
871
932
924
872
868
866
917
866
867
866
868
861
861
864
866
886
1980
894
873
870
870
861
865
866
861
913
878
862
867
871
872
871
867
867
872
869
865
873
870
1734
867
866
871
889
915
912
868
871
860
867
918
910
867
870
932
867
865
867
931
861
862
865
865
871
865
869
916
869
869
871
866
865
868
868
914
870
870
864
870
865
929
1066
891
866
924
866
868
869
861
868
871
894
870
872
921
872
861
862
863
868
866
864
868
867
1368
911
869
868
871
867
915
865
869
869
868
868
867
1824
1246
928
866
870
868
912
865
919
865
873
872
869
872
871
867
866
870
868
869
871
876
869
868
863
938
871
872
863
865
867
860
1051
866
1957
861
870
865
862
916
868
862
868
867
870
917
865
919
865
914
871
868
861
867
869
917
870
874
871
869
867
867
928
871
875
862
868
870
868
870
863
865
870
861
871
871
867
866
959
871
874
870
867
869
862
913
870
868
870
864
869
909
864
871
869
865
861
886
870
937
913
873
865
909
906
867
872
921
870
875
869
865
868
937
861
872
895
861
868
865
874
870
912
867
1243
912
867
868
861
865
869
871
870
867
865
877
920
865
870
872
867
866
867
866
919
865
912
862
868
867
867
870
861
869
914
930
865
865
869
867
865
869
946
861
865
865
906
1642
864
924
922
867
866
866
870
873
866
882
893
909
912
870
864
871
914
867
865
860
910
872
872
865
870
870
867
1629
875
867
873
869
867
872
864
939
875
870
871
866
934
867
916
1437
867
872
861
911
898
868
866
866
867
871
867
873
870
863
871
871
866
918
868
1791
868
871
865
871
862
865
864
918
867
870
874
872
865
865
866
872
865
868
916
866
866
868
873
869
877
869
865
866
874
865
867
918
930
869
926
871
868
869
866
953
1059
869
872
866
866
868
868
869
871
871
863
869
869
868
922
928
930
870
871
921
873
920
881
871
865
934
870
865
866
865
871
866
921
865
865
864
882
871
862
866
868
861
869
866
872
937
915
867
888
872
882
872
870
867
869
911
865
868
867
867
864
870
872
869
868
865
869
871
867
861
1178
869
867
867
865
862
865
860
868
867
920
909
867
868
871
867
873
865
869
861
866
871
921
955
873
868
861
866
872
918
871
865
872
874
885
870
869
917
868
936
861
868
920
872
868
883
870
861
868
865
868
1303
873
867
871
869
868
861
870
864
871
868
871
871
868
868
940
921
913
868
873
867
869
867
881
921
874
866
868
874
919
874
867
872
918
871
868
872
872
869
869
888
868
872
871
877
862
953
869
868
870
867
878
868
867
931
861
868
872
911
872
871
868
872
869
919
865
865
866
866
919
939
864
866
872
862
866
868
871
870
871
870
867
866
864
916
908
864
911
869
873
918
872
882
872
867
915
861
917
868
867
870
867
869
872
868
869
916
861
935
869
869
869
868
868
872
860
923
874
866
867
869
952
867
870
908
863
915
869
902
865
919
903
930
870
870
866
871
869
869
912
953
864
861
873
869
874
873
867
867
867
867
867
866
865
874
862
872
870
861
861
869
926
869
870
871
870
870
867
867
871
875
868
872
920
865
869
867
873
868
869
865
873
862
870
869
864
868
865
927
921
874
867
943
869
866
868
862
871
872
866
869
867
868
871
866
869
871
870
870
866
878
868
867
920
869
1397
1042
867
868
867
868
873
866
868
914
862
864
893
871
871
866
867
2043
871
868
866
906
869
867
866
916
868
869
864
865
867
869
866
911
871
937
870
869
865
871
872
869
917
935
870
868
862
868
919
865
868
870
871
869
875
867
869
866
865
871
868
867
867
867
868
871
866
871
884
861
866
933
871
923
867
916
868
869
867
870
866
911
2191
863
866
861
869
874
869
869
869
870
872
869
871
916
871
870
869
865
866
866
862
869
860
921
916
890
870
871
866
915
868
868
870
863
926
876
907
869
867
868
906
861
872
867
865
872
915
870
1879
915
866
910
872
1104
867
953
868
927
865
868
866
865
869
869
868
1212
869
860
868
912
868
871
867
867
869
866
867
872
865
910
871
865
875
873
864
867
866
861
866
860
869
867
867
870
865
869
868
870
926
869
933
867
866
867
1018
867
865
871
956
866
866
925
868
866
868
866
861
869
871
868
1294
909
866
870
871
867
882
887
865
870
861
866
868
865
867
872
925
872
938
930
868
869
881
864
921
885
948
867
866
872
869
875
870
871
869
864
871
862
866
915
870
861
870
870
872
867
862
862
872
1600
868
864
912
866
861
901
869
870
1256
868
904
872
920
865
868
868
866
864
872
933
862
861
869
872
869
868
868
927
866
869
868
866
861
868
914
862
1044
868
867
870
872
867
910
867
869
866
861
869
870
927
865
870
913
872
869
927
868
869
865
913
860
870
868
886
866
925
869
866
867
868
865
870
873
865
866
881
869
867
915
865
869
865
866
871
865
871
869
865
871
866
866
865
865
875
865
862
868
866
869
934
872
867
945
871
867
872
868
914
912
888
871
861
868
918
871
865
872
871
870
865
904
928
867
863
1366
866
877
871
927
869
865
893
868
871
869
870
864
918
1171
871
869
865
915
861
867
871
887
911
863
872
865
869
865
924
871
867
867
1001
867
866
868
872
869
868
869
920
870
884
872
868
868
867
927
1645
876
868
867
868
862
868
867
871
865
867
869
918
913
868
919
872
867
881
870
919
867
868
869
867
866
872
1181
915
1056
872
867
870
868
867
867
914
871
865
872
866
902
914
869
870
873
872
865
869
867
1594
911
868
867
887
864
861
866
870
867
867
867
875
867
865
868
872
871
932
869
863
921
869
872
1306
870
869
871
870
873
955
870
868
865
867
919
1413
869
870
862
873
866
919
861
871
949
928
910
915
866
860
866
866
926
864
868
871
871
869
868
868
871
866
867
906
872
867
875
867
870
873
868
868
865
870
868
865
918
868
862
868
860
866
862
867
903
898
914
865
1034
925
865
867
863
868
867
865
865
866
865
871
869
866
871
869
959
872
916
914
868
911
870
867
869
865
866
869
872
866
869
918
871
868
929
865
862
866
868
940
866
884
919
862
870
902
866
872
861
929
870
870
868
865
913
867
868
866
865
866
866
864
911
874
916
871
868
890
932
871
869
865
870
871
885
869
865
917
1753
870
865
928
868
869
867
872
869
870
867
869
867
941
868
868
945
867
867
866
862
911
888
866
867
868
866
869
865
870
872
920
860
870
862
868
919
916
870
869
927
878
870
915
869
866
867
870
868
1243
868
872
869
866
866
868
936
865
912
867
928
872
869
869
869
934
872
873
865
867
866
1318
869
867
870
943
865
929
870
871
865
918
906
871
868
868
914
869
866
870
918
867
864
917
917
868
929
874
869
872
870
870
867
866
863
861
894
873
868
870
866
867
861
868
864
915
908
871
916
870
871
892
916
923
871
871
862
866
873
875
866
865
873
892
861
915
868
926
873
865
870
869
872
873
862
927
886
871
882
933
869
870
867
892
867
869
955
870
865
871
871
883
866
869
865
873
869
876
869
910
870
913
870
866
866
872
861
870
865
868
873
934
871
871
874
861
870
861
872
869
871
869
869
867
920
870
866
865
887
869
874
863
868
1162
869
865
870
868
871
861
867
869
868
868
928
861
868
897
920
868
926
871
939
886
868
871
861
865
865
868
870
1676
868
952
865
866
935
872
872
864
865
870
864
869
871
866
872
871
870
865
919
867
868
872
866
865
869
870
869
868
865
868
870
1138
869
866
874
932
868
870
923
887
872
936
866
863
866
917
867
871
871
1754
862
870
868
869
868
865
865
926
874
874
992
865
862
865
870
917
862
908
867
864
861
922
914
866
866
868
938
893
861
868
891
866
953
916
865
870
867
949
866
869
868
873
869
869
873
874
861
861
866
867
865
867
871
870
870
920
873
874
861
1048
865
869
916
873
865
866
954
870
876
867
868
881
871
938
917
868
867
867
946
872
871
868
933
870
869
870
871
866
866
870
934
872
865
872
871
868
870
896
860
866
866
869
869
871
871
934
870
871
872
866
872
865
937
943
867
867
864
1555
891
869
861
942
936
915
873
865
872
870
864
870
872
870
867
868
872
861
872
864
870
865
863
914
866
868
871
919
862
871
871
865
870
950
868
915
867
865
897
865
938
869
871
867
928
868
867
871
938
885
887
870
872
884
869
890
865
870
870
864
869
869
867
867
871
871
868
873
871
878
869
862
869
861
866
872
921
865
869
866
875
865
867
869
868
869
862
911
918
866
869
869
936
916
946
868
923
950
911
1371
946
867
872
867
867
924
873
908
864
861
872
867
917
871
862
871
868
866
871
869
866
865
863
918
872
868
875
868
867
866
871
868
864
873
871
869
871
868
873
866
872
872
928
866
867
865
865
868
870
893
876
879
869
917
865
918
868
880
870
917
867
867
869
861
865
869
861
866
879
886
868
912
916
922
870
879
931
1515
873
861
864
866
870
871
907
939
875
910
868
866
870
869
871
869
872
950
869
869
861
908
872
868
905
871
865
864
915
868
925
865
867
941
923
932
861
869
868
866
871
872
869
867
914
868
865
884
873
868
920
869
862
866
929
911
920
865
864
870
906
868
869
920
866
873
868
872
871
906
867
865
870
865
871
930
869
867
868
867
907
876
865
868
867
877
865
872
871
866
886
867
869
913
871
918
868
873
867
866
867
866
869
868
873
934
868
872
866
871
868
864
865
872
870
921
868
872
876
870
865
860
872
868
867
866
870
870
905
866
861
866
866
952
866
865
866
865
864
871
865
867
935
909
866
871
865
939
912
867
868
869
865
869
871
867
868
869
872
932
871
865
864
862
873
869
920
912
904
868
868
873
934
869
869
871
870
1227
868
867
865
870
868
862
867
869
873
917
861
870
863
870
892
861
870
868
869
917
867
865
869
911
864
864
870
866
867
915
871
949
870
868
874
866
865
917
866
875
916
871
870
872
872
869
867
861
867
869
868
867
871
871
865
871
873
865
870
921
866
914
862
940
866
867
872
865
870
865
870
867
869
865
869
872
912
865
918
867
867
868
861
867
870
872
865
870
867
906
870
865
946
914
862
883
869
867
865
870
951
871
865
868
875
1352
911
944
870
865
871
871
1239
916
937
871
868
871
872
871
868
867
865
867
871
868
870
881
914
869
865
871
869
869
870
922
874
869
917
865
866
923
873
870
872
865
869
948
866
868
910
867
871
909
873
944
869
924
866
865
921
870
917
864
931
865
917
930
865
869
871
863
913
865
865
864
865
915
928
865
865
1166
870
870
866
863
870
866
934
861
889
867
923
871
867
865
920
866
931
919
866
871
867
868
888
869
868
946
871
860
865
867
901
871
871
867
869
865
862
867
866
872
865
870
870
877
906
863
913
869
872
915
869
865
870
912
867
864
865
923
919
872
871
866
864
862
873
867
866
871
934
872
871
867
944
868
922
868
869
871
871
924
868
870
869
864
869
917
865
917
867
863
870
884
866
861
914
865
861
866
869
926
865
954
867
1075
867
899
867
865
867
867
1033
865
869
871
869
911
922
866
882
867
871
867
864
870
947
867
869
869
901
867
868
873
938
911
871
868
868
917
862
867
867
866
925
916
871
868
871
867
868
863
868
867
870
917
866
867
866
868
870
869
1191
922
1005
866
866
863
868
866
894
871
867
871
867
864
868
868
871
919
871
868
865
868
871
871
928
867
868
867
871
862
1365
868
867
868
866
865
916
869
866
873
993
863
931
869
865
861
868
866
870
869
890
866
869
865
871
862
866
865
870
868
939
871
868
866
864
866
861
871
921
869
870
943
863
949
923
941
939
866
871
867
873
871
871
873
872
866
865
915
865
927
867
861
911
870
1647
914
870
878
867
869
868
869
871
869
937
866
862
871
870
910
861
866
861
862
862
867
867
867
955
865
869
871
897
866
936
872
864
862
872
912
867
873
873
866
924
874
920
867
867
868
862
867
865
867
866
867
870
1013
862
932
1175
867
942
871
868
949
866
864
865
872
885
930
868
928
869
916
872
1605
893
867
867
869
864
869
875
865
872
869
1259
866
866
870
865
867
912
867
870
871
884
868
981
864
861
878
913
862
870
899
869
864
904
869
868
915
867
868
865
867
872
1699
872
863
936
865
865
1687
869
867
866
884
869
923
1607
915
865
862
937
892
865
868
867
865
927
867
867
920
918
872
927
868
871
903
865
868
861
937
865
877
864
870
868
866
872
865
868
863
869
869
867
870
863
866
872
865
861
867
871
917
867
868
866
861
918
868
863
867
874
869
873
866
869
871
862
866
870
868
900
869
865
904
866
869
871
914
949
869
861
866
861
868
877
861
914
916
871
866
908
862
869
870
860
871
869
936
874
865
867
916
873
864
861
861
871
873
862
867
868
871
865
870
863
913
868
875
867
919
868
865
872
866
866
866
867
864
947
868
869
917
868
869
871
868
881
868
917
867
871
868
867
867
869
917
867
871
869
866
872
870
869
868
872
872
868
871
867
879
935
947
869
869
874
865
867
885
916
867
866
865
861
869
920
865
918
869
876
869
1577
866
862
865
887
869
866
927
916
864
878
870
868
869
867
926
913
867
864
1027
915
872
973
871
918
872
870
884
862
915
871
905
868
870
868
862
862
868
869
868
868
917
861
868
871
868
867
870
915
921
868
912
870
872
867
867
908
869
866
867
865
868
925
931
868
909
866
861
868
870
869
2152
872
862
919
868
866
867
868
866
871
870
870
869
864
911
872
865
925
920
871
866
865
869
928
868
869
868
871
868
871
911
911
869
921
882
873
865
870
869
873
867
865
866
868
867
869
870
870
871
862
863
911
866
865
867
869
862
867
861
865
871
869
869
867
871
862
886
923
867
873
866
930
860
868
914
1350
865
871
869
891
866
870
918
875
873
868
868
869
869
916
870
867
872
930
874
869
871
872
919
868
865
868
868
866
871
917
866
872
870
868
910
865
869
872
861
882
867
870
919
920
931
866
914
916
915
880
869
869
870
863
874
867
868
869
863
872
870
922
897
868
871
869
931
866
865
869
869
865
864
869
945
944
869
871
862
867
870
870
870
872
870
871
867
878
861
865
867
872
876
871
867
865
935
890
870
871
862
1599
869
871
863
861
867
919
884
976
865
865
872
868
872
952
938
861
861
914
865
866
869
870
865
908
929
873
867
928
877
869
912
861
867
869
864
870
866
925
926
865
869
861
869
871
870
867
928
871
862
893
870
867
864
871
867
868
865
866
869
867
879
868
868
872
1034
872
864
870
863
865
886
882
870
868
941
871
867
871
929
914
919
873
950
869
943
865
872
868
873
866
875
867
864
872
871
872
1806
949
951
870
871
866
868
873
871
870
876
870
865
871
868
916
869
870
862
910
870
865
869
865
868
867
903
864
869
873
919
867
911
871
917
871
869
914
865
868
871
868
868
882
867
867
866
912
861
938
929
868
930
866
864
871
866
869
869
865
872
868
919
866
1488
890
866
871
867
865
871
869
867
866
866
922
870
869
862
873
929
921
862
868
933
887
869
870
871
874
869
867
910
866
872
861
887
985
866
867
917
868
918
916
918
866
861
867
935
863
868
872
915
868
947
911
865
873
865
870
869
867
862
863
950
868
1200
869
911
871
867
911
870
870
932
865
868
1173
871
878
869
868
868
870
868
871
882
862
866
915
915
905
868
928
873
870
869
863
932
860
871
865
880
951
872
869
873
1317
862
905
872
867
932
871
872
871
890
871
871
868
866
868
864
877
869
867
869
865
873
914
876
868
872
865
869
869
867
869
869
865
865
872
862
919
871
872
867
915
868
867
866
913
918
870
867
862
928
862
867
868
865
889
918
867
871
871
870
872
871
867
865
868
864
867
1361
866
867
870
873
861
869
869
867
906
865
870
915
918
917
867
880
935
883
877
872
870
866
866
868
871
862
865
908
871
868
888
863
870
1325
873
920
916
867
867
870
890
866
866
869
941
865
866
867
871
870
916
870
868
868
871
924
864
871
868
867
869
871
869
870
870
942
867
864
873
870
869
913
868
868
865
860
923
869
867
867
872
867
870
865
871
866
867
867
868
873
871
868
935
913
870
868
866
894
867
872
866
868
868
886
872
870
870
865
918
886
866
869
868
950
866
870
866
867
870
879
890
867
922
938
871
916
870
868
870
869
870
866
868
927
864
872
870
866
869
872
909
874
929
1605
866
865
867
862
867
862
870
872
868
865
913
872
866
861
860
874
872
866
869
868
922
888
870
908
908
931
871
872
910
868
866
869
864
867
866
861
863
868
870
883
866
870
871
870
920
870
871
867
868
870
861
912
912
916
917
866
867
1048
867
866
873
868
954
871
870
863
866
917
876
869
865
871
866
924
920
861
868
869
871
867
912
872
866
871
867
871
934
963
861
923
865
861
866
865
860
866
866
938
871
893
871
892
925
916
863
872
914
864
888
871
862
872
912
868
864
871
869
868
867
866
880
869
953
862
954
868
923
966
874
862
874
872
872
868
911
871
872
926
874
866
923
907
907
868
872
872
871
873
916
870
924
867
864
867
870
868
869
872
870
862
873
928
871
940
866
1615
924
1478
871
861
867
862
868
868
928
864
876
869
871
867
871
954
942
866
870
873
865
864
869
918
867
873
940
923
867
869
869
873
868
867
869
869
869
911
866
871
868
867
867
966
870
871
924
866
912
870
869
868
866
870
864
927
873
909
865
865
872
868
867
865
865
871
862
927
871
869
868
868
871
865
920
870
871
867
871
866
870
863
866
869
868
869
873
868
900
871
867
872
930
922
870
864
866
865
867
866
868
868
864
868
917
871
868
872
867
871
867
861
869
867
918
923
920
866
867
868
869
868
868
867
1204
1325
866
869
864
869
869
861
870
2524
871
864
866
861
867
868
917
870
923
870
874
867
947
865
864
950
866
868
864
865
869
864
861
870
869
863
872
918
865
865
868
872
868
866
869
917
871
868
868
867
866
865
867
871
870
866
867
864
919
864
874
870
866
1165
951
872
869
869
874
879
937
872
865
907
867
918
916
917
873
872
915
875
861
866
873
864
864
871
869
866
868
861
917
873
867
885
920
869
869
872
873
931
871
868
869
864
867
860
868
867
868
866
866
871
911
866
867
869
862
887
867
868
931
865
867
868
927
869
870
917
871
866
870
865
871
869
869
868
927
868
870
872
871
871
862
869
865
865
2103
869
916
923
912
868
870
869
868
867
871
919
869
866
860
870
868
865
862
909
862
868
865
914
866
870
919
924
866
872
894
869
867
864
868
867
867
868
871
868
868
871
871
871
868
884
865
864
916
865
1581
2221
866
873
865
866
919
907
865
869
912
911
924
921
873
919
872
869
869
868
867
865
868
918
872
870
864
918
889
866
865
868
869
868
919
874
893
868
904
865
865
869
868
956
862
862
870
872
871
871
870
872
868
891
869
906
873
871
866
868
873
872
872
957
870
915
865
869
872
872
862
872
912
868
869
871
870
869
866
865
914
929
863
864
920
868
868
870
871
866
867
940
869
868
862
861
985
865
869
915
1597
912
871
873
868
879
870
866
867
870
870
871
871
867
865
909
915
909
889
925
870
1536
864
869
899
868
867
869
860
869
869
870
868
874
863
865
869
935
866
917
935
869
866
871
912
868
865
932
915
915
868
1919
867
865
866
871
869
867
865
917
941
870
868
936
910
868
869
871
866
864
868
908
873
869
939
864
866
920
866
871
867
867
868
867
871
871
869
867
872
872
861
873
880
1518
869
860
871
870
868
870
869
871
869
870
871
959
869
870
869
870
872
866
861
871
864
866
922
872
873
866
868
860
872
865
876
872
865
868
866
865
865
870
872
868
870
867
869
911
867
867
868
902
869
865
873
869
940
939
865
871
865
864
866
926
867
871
864
877
878
871
865
866
869
870
875
870
868
872
868
865
866
1143
867
869
871
871
867
943
865
866
871
922
867
871
866
906
881
867
867
867
874
868
870
872
917
910
865
866
868
872
870
912
864
866
866
953
868
871
869
921
916
866
885
873
871
968
870
865
866
862
870
861
867
867
915
871
867
869
870
871
949
864
874
865
867
871
915
872
866
868
869
868
868
866
868
862
930
869
876
870
862
872
866
869
866
944
864
870
870
869
864
867
868
926
908
928
867
868
862
868
865
870
872
870
917
919
870
861
1417
876
916
867
860
885
871
867
867
861
870
866
1042
872
861
922
869
868
872
861
866
917
869
934
867
867
868
1120
873
866
866
871
1420
863
870
867
861
867
864
918
869
869
868
868
872
917
870
867
872
869
868
867
871
868
870
938
915
911
914
909
914
873
866
871
862
866
866
861
866
863
879
889
866
871
870
867
861
865
868
866
867
864
920
872
937
918
908
866
871
861
931
865
870
868
867
868
862
906
918
865
866
868
864
867
866
940
871
865
865
869
868
863
870
864
865
871
865
1586
868
871
910
870
872
871
875
869
868
913
917
861
870
869
909
868
868
893
870
926
867
918
914
873
869
885
865
866
870
867
864
870
869
870
918
868
882
866
871
871
907
861
871
932
921
871
866
869
868
869
912
869
869
867
865
886
869
867
861
884
870
869
898
915
874
866
865
868
871
868
872
868
872
866
862
870
867
867
923
866
868
870
866
917
869
863
873
870
870
865
916
868
866
863
916
871
870
872
870
866
913
879
871
870
872
872
872
869
870
872
869
860
865
865
919
871
921
1282
865
868
866
865
944
866
868
871
941
865
868
870
868
871
867
915
870
919
867
867
867
930
865
1686
869
913
862
909
915
866
915
917
867
873
867
867
937
866
868
871
861
870
1050
868
867
871
870
871
923
864
936
871
871
916
868
868
870
870
871
864
870
869
865
867
871
869
910
862
915
906
868
867
861
930
866
868
865
873
864
866
866
866
1650
867
868
869
869
873
931
937
865
869
873
940
871
913
864
866
870
867
872
872
870
871
919
871
865
868
866
929
864
869
867
865
867
867
867
869
869
866
867
865
887
901
937
868
867
863
915
871
867
868
912
866
866
866
867
865
912
867
868
871
869
880
881
861
869
873
869
915
912
918
869
871
936
872
873
870
916
869
872
861
869
917
862
867
867
868
912
866
861
919
865
867
866
867
867
1397
875
868
867
1525
869
875
878
920
865
865
860
869
869
916
1180
873
868
880
870
867
867
866
872
871
864
864
871
873
934
870
870
867
872
865
917
868
871
865
870
869
872
867
870
868
868
914
869
871
861
917
864
866
867
922
871
873
865
868
867
867
870
949
862
871
868
875
866
872
913
870
871
866
872
869
864
911
868
870
867
872
866
925
869
864
865
872
911
921
872
861
871
871
870
862
876
917
861
863
868
862
866
871
867
867
871
872
919
868
868
866
874
869
871
926
2066
866
871
871
869
867
869
871
871
866
867
870
869
868
868
871
865
865
870
872
871
867
872
874
869
865
862
862
863
865
865
865
1047
915
915
867
868
897
871
869
866
868
862
865
870
865
873
870
867
867
866
865
862
871
866
870
866
933
917
871
868
871
868
868
865
867
870
870
865
866
868
873
871
868
865
870
900
870
869
867
866
869
866
914
916
870
870
872
868
871
873
868
869
873
869
907
865
862
921
869
865
952
872
884
869
869
878
866
913
877
868
869
912
869
868
865
865
869
870
864
871
868
871
931
869
869
870
866
865
932
869
873
893
932
869
871
865
866
918
869
869
913
867
940
860
873
872
867
872
867
884
869
868
867
867
908
868
861
865
869
868
901
906
913
869
936
872
921
874
911
871
872
865
868
881
865
869
921
865
861
871
868
921
869
870
873
918
867
865
914
864
865
865
869
869
868
867
864
870
867
869
870
865
874
865
861
866
865
861
867
865
872
869
871
867
865
889
870
916
946
871
873
873
862
910
872
868
871
872
871
868
921
891
930
867
866
872
869
867
869
872
870
887
870
870
870
869
875
863
865
870
957
870
924
874
866
870
865
866
875
866
868
860
867
986
865
906
916
870
864
870
916
868
937
873
871
870
949
871
861
870
870
871
865
868
869
866
865
867
869
870
873
866
866
1499
871
868
867
868
868
860
917
914
867
872
867
913
868
869
865
1084
868
872
871
869
925
866
865
865
864
866
864
868
871
920
870
867
919
861
943
915
866
867
871
866
866
868
866
868
873
917
871
931
874
867
916
870
861
871
887
861
870
866
865
869
867
865
870
865
868
861
865
920
936
869
869
869
868
916
861
864
951
865
869
871
868
870
867
869
871
870
910
871
868
874
867
866
871
868
873
874
914
873
871
866
869
868
914
867
946
870
865
873
872
866
912
927
876
874
875
870
873
870
868
872
872
868
870
864
867
865
927
861
866
915
867
867
869
869
867
871
868
864
873
865
867
868
934
868
865
870
869
870
870
862
865
870
869
868
865
883
861
869
866
958
866
871
915
925
872
936
870
914
872
867
903
867
862
874
889
861
864
870
868
868
865
869
914
916
869
866
872
872
869
872
864
869
870
917
865
920
872
866
869
868
868
869
869
868
868
866
920
913
865
873
867
870
917
862
872
868
868
864
867
868
918
926
870
865
868
871
876
861
861
860
866
866
866
865
868
914
868
871
917
929
871
920
914
876
868
1179
867
870
865
921
866
865
864
870
865
934
864
860
917
869
895
867
866
868
906
1414
870
869
862
861
871
865
872
1429
861
915
867
866
863
870
868
871
916
915
871
867
872
865
872
870
866
869
871
862
872
873
869
870
872
874
936
935
869
867
866
861
870
861
864
864
868
869
915
868
872
866
867
929
869
869
865
872
874
870
866
869
868
936
912
861
871
913
867
866
863
905
866
872
872
866
863
861
867
910
915
873
861
866
870
869
865
868
860
868
880
867
870
868
872
870
870
868
870
869
874
922
871
922
869
872
871
871
865
870
865
869
924
868
869
867
917
868
869
869
871
869
866
871
867
1404
865
877
917
869
914
872
918
865
899
868
868
879
867
870
945
871
870
865
869
867
870
867
869
870
861
866
884
871
868
867
870
861
936
918
868
916
912
867
920
935
864
947
866
871
868
868
917
912
866
866
869
885
870
871
870
921
870
866
904
870
917
871
946
868
870
869
867
867
866
868
904
865
863
866
926
861
872
865
866
874
868
866
938
867
873
893
869
949
872
872
902
865
872
870
866
868
871
876
872
901
870
871
872
867
868
940
869
866
868
867
921
867
871
868
952
945
871
869
871
886
872
869
868
862
864
883
867
917
861
868
869
861
865
869
869
863
868
861
870
869
868
865
871
1392
870
932
862
868
870
870
864
869
920
869
862
870
868
866
866
867
920
1339
927
866
869
912
930
871
862
866
867
869
871
912
867
864
866
866
865
866
917
869
865
917
869
865
871
866
864
915
912
870
904
872
870
871
868
865
870
950
1104
940
864
868
915
866
912
920
872
865
868
889
865
866
871
874
870
867
921
869
866
868
871
869
913
867
1157
917
868
866
862
870
867
866
867
865
868
871
866
863
929
861
864
868
866
869
872
864
865
866
865
865
906
931
866
868
872
866
873
868
869
878
931
867
864
872
870
868
871
866
863
873
925
867
871
1292
871
871
866
865
871
872
867
861
877
868
866
875
915
866
871
924
869
868
869
869
867
866
940
866
869
868
863
925
872
1393
868
866
866
864
870
869
876
864
868
865
866
867
868
865
914
870
869
871
868
872
869
871
868
872
869
866
943
872
946
944
867
867
861
892
869
872
868
869
870
906
889
869
870
866
871
909
881
867
869
868
871
888
867
934
870
922
922
868
872
869
871
943
872
864
871
871
872
866
864
868
868
870
910
915
867
869
892
862
866
871
871
865
864
867
862
869
872
862
867
866
867
870
866
869
916
915
868
868
872
862
865
1632
870
944
913
870
870
866
891
866
866
872
868
870
869
869
865
868
1252
866
866
863
875
865
866
867
867
869
912
866
866
872
870
869
866
871
870
867
935
880
867
866
911
918
865
867
868
869
865
866
866
912
919
871
872
872
872
869
867
868
869
916
868
866
916
912
871
863
869
869
970
869
861
921
873
868
869
872
868
861
866
913
1719
862
868
866
1374
868
874
860
910
860
872
935
869
865
867
865
872
919
865
865
864
985
866
862
915
865
871
868
868
865
917
911
867
871
866
2080
866
872
1025
867
868
885
867
867
861
870
863
948
920
912
929
869
871
868
865
937
864
868
867
865
866
915
865
867
865
869
872
868
915
865
870
862
925
930
863
916
865
869
867
940
915
865
869
867
942
913
872
914
865
862
868
867
866
868
920
865
866
866
865
916
861
867
867
974
959
890
867
930
1396
864
867
870
862
868
868
865
861
866
871
867
871
909
892
996
933
870
912
872
871
872
865
924
913
918
865
931
871
870
868
869
868
872
871
861
917
865
869
868
868
896
868
872
908
865
936
946
866
875
865
870
873
928
869
861
872
913
873
955
870
872
872
869
867
878
867
868
872
869
868
902
908
871
929
869
2125
865
865
866
867
867
873
867
867
904
866
867
873
871
872
868
870
867
885
865
931
869
860
935
866
871
919
866
944
870
871
865
888
869
873
870
866
870
872
872
866
922
933
871
867
871
896
947
864
861
869
865
864
872
871
864
870
928
870
866
865
867
870
869
870
864
871
870
864
910
919
916
913
866
888
869
866
1351
868
865
867
865
866
872
907
917
868
870
917
868
914
869
865
880
865
867
868
870
871
864
868
866
880
867
868
867
869
868
912
872
871
910
869
937
871
869
874
873
868
868
866
863
866
942
861
868
930
865
869
874
917
867
863
868
932
925
1568
866
872
932
872
865
869
872
870
871
864
862
872
885
1295
865
868
867
862
872
864
866
1344
939
881
868
910
867
919
867
936
870
869
869
869
867
868
869
869
864
869
866
861
866
866
922
870
860
866
869
866
867
873
868
869
866
882
862
866
866
1294
869
865
926
871
2164
912
873
871
868
870
872
862
871
865
871
875
866
865
861
933
869
868
862
864
931
865
862
897
866
864
1794
945
869
861
877
867
866
869
865
918
868
862
916
867
865
910
865
867
867
864
880
868
867
868
869
869
919
870
870
912
904
861
867
903
888
866
864
872
868
867
934
865
868
864
868
875
869
871
868
871
922
869
871
868
879
869
914
865
867
932
863
931
868
937
868
868
916
871
865
865
871
913
868
865
871
861
870
870
1022
864
867
946
867
865
868
909
866
868
861
868
877
950
865
870
868
868
867
1501
868
872
870
872
927
865
866
910
864
870
867
903
872
866
868
861
870
866
879
872
868
871
870
866
867
912
920
869
920
865
869
869
871
868
934
868
868
870
867
929
920
866
867
861
867
912
915
870
867
871
872
868
865
864
871
866
869
873
868
920
865
870
868
865
869
865
913
866
869
872
872
874
944
868
864
861
871
862
868
872
918
918
871
861
918
862
861
865
867
865
914
861
865
869
910
860
865
871
885
871
865
866
873
865
927
868
862
899
915
870
860
861
872
871
872
922
870
868
868
872
942
866
948
865
870
871
871
865
871
864
865
871
871
871
912
881
865
867
867
941
872
868
864
873
918
869
866
870
865
866
873
919
871
866
929
871
868
866
869
871
873
865
941
918
879
909
866
894
877
867
868
867
864
869
868
908
868
909
866
865
905
866
862
867
867
865
948
1564
871
870
927
865
923
865
885
868
887
881
870
864
868
868
869
869
871
871
868
867
911
914
917
874
868
870
869
873
870
865
866
868
865
865
870
869
906
867
931
870
930
866
866
922
872
866
870
868
980
872
944
871
866
931
861
866
866
865
869
868
929
870
915
866
873
908
864
872
867
867
866
867
861
1234
865
871
868
866
875
925
865
871
946
873
867
868
868
915
870
864
936
861
872
861
862
866
891
864
867
866
921
866
866
867
869
871
865
867
867
866
867
866
867
864
872
861
888
871
869
865
862
867
908
865
871
872
870
870
870
870
867
874
871
869
871
886
867
869
933
921
1746
871
868
871
872
867
872
865
868
885
869
958
930
865
872
869
869
861
867
915
870
871
871
869
865
860
910
869
866
917
915
913
1956
876
869
916
867
866
867
864
862
866
947
871
877
916
865
914
869
867
863
872
861
868
868
865
871
917
862
882
1581
919
870
870
866
914
868
865
865
913
870
865
869
951
867
872
866
867
862
871
864
928
906
870
869
912
866
867
868
880
932
868
869
870
866
865
867
870
915
886
871
922
866
906
941
911
865
861
870
951
871
873
953
863
874
936
861
872
866
865
873
872
871
912
867
867
865
910
867
866
876
863
911
867
872
1833
869
872
871
869
872
922
925
867
921
867
874
932
875
872
869
869
866
861
923
865
869
893
912
869
869
918
866
872
912
920
921
957
862
866
874
869
867
871
869
867
865
938
861
870
935
865
865
932
864
952
871
865
866
948
870
871
870
873
868
867
867
926
912
864
867
867
868
867
874
910
871
865
929
870
868
874
864
877
955
871
929
918
922
870
920
866
913
865
870
861
1760
867
1130
872
867
870
866
908
888
869
871
936
867
871
873
863
871
869
866
870
1589
870
866
869
922
871
872
865
866
865
866
868
868
873
867
868
871
871
868
866
861
866
864
867
868
861
871
885
870
873
919
868
918
868
865
865
863
868
865
866
868
866
871
872
869
866
870
869
866
865
867
874
867
870
941
867
866
867
871
868
872
870
871
920
873
868
864
867
935
871
916
927
871
1368
908
860
865
869
863
866
866
1510
869
867
865
908
866
871
868
1122
866
869
870
873
862
873
877
871
861
861
913
917
871
867
868
868
869
861
915
868
873
861
873
862
868
860
868
866
871
873
869
868
1435
868
866
869
912
872
865
868
862
872
861
865
911
870
870
871
866
869
870
872
862
914
868
866
916
1672
868
918
866
870
866
866
863
865
866
868
871
861
866
868
913
868
868
860
865
948
871
912
870
872
868
867
1427
869
872
869
868
869
867
915
919
867
869
870
865
1070
862
898
872
864
865
870
872
870
871
872
872
862
865
871
929
869
955
929
866
920
865
868
871
869
905
870
914
861
867
864
871
922
870
868
930
869
862
870
868
870
868
867
870
869
864
912
872
939
867
868
866
915
868
870
866
867
862
916
867
868
862
919
869
910
869
862
865
874
867
926
866
872
867
873
868
1476
872
917
861
869
868
871
860
862
870
870
866
880
862
871
873
865
868
862
951
914
862
912
954
867
868
869
920
866
866
930
869
867
869
868
871
872
865
865
915
869
930
867
969
916
866
867
872
866
868
867
872
873
870
866
882
872
869
861
869
865
876
865
866
861
862
925
955
869
871
868
873
931
867
872
924
869
866
868
867
867
869
928
868
866
865
860
913
868
869
874
871
867
867
864
866
873
862
867
865
862
866
866
892
868
863
867
863
867
868
865
867
864
872
871
866
865
869
937
877
872
880
868
920
871
868
918
894
864
866
913
869
872
945
870
868
927
932
874
866
864
937
865
868
864
865
867
870
936
866
864
861
869
891
865
871
861
867
870
910
866
869
869
865
918
870
873
864
870
863
1053
868
867
1304
867
869
865
865
865
925
869
873
873
870
2008
940
868
866
871
865
869
868
870
924
871
916
869
869
870
887
874
905
867
861
867
868
871
866
912
867
871
869
867
873
872
867
910
874
869
871
868
865
927
870
868
869
872
870
867
870
862
872
866
865
925
866
917
869
870
930
871
867
947
864
921
872
869
867
870
865
882
872
865
871
867
869
921
872
927
871
868
864
871
871
869
872
889
867
870
869
867
866
867
911
882
912
920
866
1275
878
867
861
868
873
909
869
867
872
869
867
869
870
870
864
864
862
865
874
868
868
914
872
915
912
874
868
931
935
932
930
867
871
916
862
872
868
870
870
870
866
870
864
913
871
867
942
871
870
864
905
867
870
914
864
869
891
872
872
861
868
861
867
873
872
865
866
870
862
873
917
870
870
870
870
861
869
866
930
871
917
868
871
892
869
868
873
867
871
871
871
916
871
865
869
870
871
865
870
871
869
930
862
870
865
870
868
864
869
873
871
862
872
860
866
862
868
869
866
887
872
871
868
868
871
872
865
871
912
867
868
866
866
869
872
866
932
865
932
864
870
861
863
869
927
865
873
867
932
869
934
916
925
871
869
869
865
867
934
864
868
868
865
914
868
915
869
867
871
1327
866
868
882
865
865
865
866
948
865
871
866
865
917
929
933
933
868
866
867
869
871
864
866
868
868
870
945
871
868
863
912
865
885
866
1064
868
865
868
887
940
870
861
866
917
869
861
886
873
870
867
869
870
867
870
872
865
920
864
862
898
866
871
869
876
869
867
866
924
936
867
863
949
865
910
865
1104
865
862
869
870
915
1331
867
864
874
866
875
866
861
870
865
869
870
872
920
868
869
871
866
865
976
935
876
872
912
866
871
869
935
923
875
861
868
867
871
866
921
870
894
