238
217
215
211
215
217
214
229
215
223
215
214
215
210
230
214
235
214
227
311
214
235
227
218
214
224
226
214
215
216
225
234
225
214
226
215
223
215
215
211
218
226
227
226
215
300
292
215
234
210
215
211
214
243
216
211
215
223
215
222
215
227
214
227
214
227
216
224
215
215
218
214
228
224
235
216
226
225
241
293
216
224
215
215
214
211
235
215
241
216
282
215
215
225
215
227
215
214
215
214
214
223
215
214
243
215
228
214
248
218
223
214
215
218
629
226
214
219
228
215
215
215
215
320
220
224
289
225
215
219
235
215
214
218
234
217
214
216
237
212
216
229
215
215
215
226
229
326
235
225
278
215
231
214
227
215
215
210
234
230
224
214
214
215
214
215
226
214
214
244
215
215
211
224
215
215
213
224
234
235
214
213
215
215
282
214
215
219
243
215
236
234
215
215
259
494
215
214
215
215
232
214
215
222
215
224
215
230
226
236
216
215
215
226
214
215
235
215
215
238
216
219
210
215
214
238
215
214
215
235
215
214
218
214
218
215
215
251
214
226
223
226
215
219
215
274
215
265
214
216
215
293
215
215
233
224
214
215
215
215
251
226
279
219
215
222
235
214
219
215
215
224
235
223
215
225
215
215
280
215
225
226
216
228
226
215
214
219
214
218
215
225
224
215
216
215
215
215
234
218
214
215
220
218
215
238
219
215
222
235
234
235
214
235
218
215
215
216
236
214
224
214
230
218
215
234
215
216
235
215
216
218
348
224
230
267
217
233
216
271
215
215
214
219
219
214
215
239
215
225
214
215
228
224
215
215
216
214
215
215
221
215
215
214
279
235
215
215
232
283
215
215
235
242
215
236
214
226
214
219
214
234
215
224
230
284
218
238
215
215
221
216
235
214
242
214
215
215
215
215
216
214
235
216
214
216
258
214
220
235
215
214
284
215
215
216
215
219
220
225
215
214
214
215
215
215
218
230
212
215
215
215
215
224
215
219
209
215
230
234
243
226
215
215
224
225
238
233
229
235
233
219
214
214
229
216
215
226
240
215
225
215
214
558
298
235
215
214
270
215
215
218
224
293
215
220
215
278
246
225
233
227
219
214
215
236
214
215
226
215
218
214
216
223
215
217
215
215
225
214
224
214
215
216
216
214
214
225
215
214
214
234
224
214
215
215
238
271
216
218
215
236
214
211
214
234
215
283
272
234
215
227
215
215
214
215
234
223
219
214
215
230
215
215
235
215
227
221
215
214
216
215
215
216
214
215
240
215
215
236
216
225
215
218
220
219
223
214
215
215
217
215
215
215
214
234
214
215
215
215
219
215
215
215
225
216
214
215
286
215
226
226
275
215
216
235
215
215
235
234
218
214
225
214
228
293
215
214
221
266
305
275
214
227
431
281
219
215
219
210
219
215
215
210
589
215
215
214
229
215
226
235
214
215
214
214
218
215
219
227
216
246
223
235
417
215
214
230
214
215
211
214
215
215
268
218
216
244
215
215
217
234
266
215
235
241
216
214
284
277
225
227
214
215
216
215
231
215
214
215
215
225
233
225
215
216
215
215
216
278
218
214
214
215
219
279
215
215
238
215
215
215
283
248
225
234
215
235
214
214
220
214
285
218
218
215
628
224
225
230
287
226
215
224
226
227
211
215
214
244
219
234
216
230
214
215
216
225
210
214
233
216
214
214
231
216
219
226
222
215
215
278
215
215
215
235
218
215
215
234
217
214
214
216
215
236
216
215
214
215
214
217
299
234
215
215
215
215
243
241
215
215
225
284
214
214
234
323
224
215
215
214
224
215
226
214
215
215
243
228
215
216
214
215
215
284
214
215
215
214
215
213
219
215
215
215
214
253
214
215
215
226
215
234
215
225
215
285
215
279
215
217
215
215
214
214
215
215
270
225
214
215
214
225
215
215
215
215
219
215
215
215
215
247
214
228
218
223
235
235
215
214
223
214
218
214
225
235
215
215
214
235
215
218
236
214
215
222
218
551
227
214
216
218
215
215
214
215
214
215
214
218
290
215
239
223
216
215
215
231
214
303
223
230
215
225
227
215
231
276
215
215
214
215
215
215
215
223
215
216
214
215
216
223
215
235
239
215
214
215
215
214
283
215
265
215
215
219
231
215
214
235
214
235
234
242
214
214
215
234
214
238
214
214
223
226
214
215
215
226
242
214
226
215
215
227
215
210
214
215
215
216
215
237
219
277
241
218
216
214
216
214
214
239
215
283
216
226
215
236
215
214
215
225
227
215
236
215
215
235
214
210
215
219
214
226
215
215
234
226
215
210
278
235
235
227
236
219
215
215
227
234
215
216
217
216
218
250
234
214
215
215
215
215
214
227
215
214
215
224
224
218
215
226
215
215
476
216
214
215
215
215
214
235
218
216
215
214
226
215
214
238
215
215
235
216
218
216
218
222
280
241
308
220
214
219
217
214
215
224
229
215
219
215
215
239
226
232
234
238
216
286
215
215
276
223
215
215
341
214
215
216
225
215
214
234
215
214
224
214
229
477
224
215
219
627
215
281
224
218
235
280
215
214
227
275
227
219
230
224
215
215
214
215
215
216
215
225
226
214
215
238
226
214
223
223
227
218
215
215
215
219
214
216
215
214
215
235
340
235
216
210
280
218
215
215
215
215
215
215
235
216
215
215
215
224
287
215
226
240
215
216
215
231
215
613
215
225
216
215
243
216
281
215
218
215
214
236
215
214
215
214
214
235
215
214
215
257
224
218
215
216
225
235
215
215
218
217
286
235
215
217
215
225
215
235
214
214
215
215
225
283
215
215
214
214
521
215
280
214
215
214
214
213
215
215
216
472
226
215
218
214
230
276
214
226
214
234
214
219
234
214
218
246
215
307
214
216
346
235
219
215
241
245
219
231
624
235
215
214
235
222
285
282
215
237
214
215
235
246
227
278
215
214
235
217
214
226
216
245
215
214
224
215
214
215
219
215
282
216
215
214
216
223
214
214
214
215
224
215
234
217
214
551
225
218
462
215
215
217
291
215
224
215
215
215
226
276
210
229
215
214
215
214
219
229
226
215
226
215
214
214
214
217
234
214
214
215
215
215
222
219
282
246
215
215
225
234
236
223
215
220
218
215
215
218
218
215
214
215
215
221
224
215
219
214
224
218
225
227
214
215
215
214
478
229
215
227
214
228
215
215
215
215
226
214
230
215
215
210
211
215
216
215
226
226
215
224
219
226
214
230
215
218
235
228
215
216
235
215
225
215
231
215
219
215
230
225
215
667
215
226
225
221
242
234
234
241
216
235
216
225
233
215
214
238
215
215
216
214
218
214
215
235
215
228
214
261
214
231
215
218
223
215
287
214
214
234
216
265
226
214
215
397
214
215
215
272
215
211
215
273
216
214
218
214
224
219
283
229
215
226
215
216
215
215
226
236
226
214
227
215
215
240
218
214
215
230
282
215
215
520
216
218
215
214
214
248
220
214
218
214
215
235
215
214
235
214
274
238
214
215
612
214
215
215
216
215
226
227
225
215
232
214
282
218
219
230
235
215
277
238
216
216
215
210
234
214
276
237
227
222
215
215
216
236
225
214
211
215
226
215
215
279
215
215
215
214
218
215
236
216
216
214
215
214
215
295
306
214
215
226
214
286
235
215
215
221
216
214
215
210
214
215
225
214
224
215
214
216
216
225
216
215
219
215
215
214
214
226
215
240
215
215
215
215
216
215
214
226
218
539
217
304
215
214
215
237
234
214
215
219
216
218
215
215
215
216
214
277
215
236
224
215
215
219
215
215
215
218
215
215
218
214
216
225
215
247
216
219
215
211
214
221
244
224
218
215
216
214
214
215
215
214
215
215
214
215
235
215
231
641
215
216
234
225
234
226
215
215
224
215
235
238
215
218
214
227
226
225
214
215
215
235
242
216
228
215
216
242
225
241
215
282
215
215
225
215
216
216
238
241
216
216
214
220
217
214
214
214
215
214
216
235
215
226
245
237
215
215
215
215
224
216
229
235
271
214
216
214
228
225
214
215
219
215
282
215
250
215
214
229
214
431
215
215
215
215
234
214
214
223
216
214
215
238
211
219
215
215
226
214
234
254
227
234
214
214
215
238
215
215
211
214
214
226
226
215
215
215
239
282
283
215
214
215
215
225
219
215
215
214
235
226
215
223
228
227
288
248
216
226
225
215
214
214
218
214
230
215
214
302
227
215
215
215
214
234
215
210
219
215
218
235
218
215
257
214
305
235
235
210
215
235
214
214
218
237
215
218
214
224
498
235
226
215
216
250
226
236
215
215
215
522
214
214
214
219
214
215
215
225
225
210
223
214
234
215
215
221
234
214
321
216
215
214
214
219
299
215
238
235
215
215
215
215
219
219
215
224
218
214
214
218
214
229
222
226
214
214
234
237
215
262
215
215
215
215
215
218
214
229
214
214
215
219
218
234
216
214
215
238
232
215
215
215
214
235
215
215
215
215
215
216
215
214
241
217
225
215
215
280
243
216
214
214
235
300
233
214
219
214
215
285
214
214
215
293
225
216
215
218
215
228
214
214
214
216
215
215
215
216
214
215
220
230
224
241
217
224
215
225
215
215
215
219
218
215
215
215
214
215
235
215
218
215
226
215
217
215
227
215
215
215
234
214
215
214
220
215
214
234
226
214
215
215
234
215
229
244
240
215
215
215
220
235
218
215
215
239
222
215
215
214
214
214
215
214
214
215
215
228
214
234
210
222
215
226
233
216
243
214
215
215
214
275
215
214
215
235
211
216
671
237
276
254
214
215
227
215
231
226
215
226
230
215
227
216
214
214
241
215
215
214
214
214
215
215
227
210
236
215
215
215
215
215
215
214
210
215
230
216
215
218
227
210
215
216
214
214
224
225
214
282
209
226
221
229
480
215
235
225
216
215
227
215
225
215
301
226
216
230
215
216
215
225
238
214
282
218
236
225
214
215
228
226
281
226
215
214
214
216
215
215
224
214
218
215
278
225
409
234
226
235
215
225
219
214
216
224
215
215
221
215
215
245
235
214
218
225
223
214
228
230
216
219
234
248
275
214
215
214
227
214
228
214
276
276
215
215
214
218
225
215
214
215
229
214
214
234
214
214
238
214
226
222
223
215
215
235
234
216
235
215
214
214
214
217
215
215
215
210
215
215
216
282
234
235
219
214
234
217
215
214
214
215
215
245
284
216
277
215
284
234
217
220
217
230
262
217
214
218
215
214
217
215
233
214
214
214
214
215
215
227
216
215
225
235
214
215
251
234
216
215
234
215
215
226
246
214
215
282
219
242
215
215
214
214
234
214
221
232
215
215
611
227
215
235
215
488
236
218
216
214
226
214
228
215
299
215
218
235
214
235
215
215
215
215
210
215
229
237
218
215
280
215
215
231
225
246
216
229
215
215
214
215
215
228
215
217
226
216
225
215
214
214
218
289
215
242
219
226
215
239
214
218
316
282
215
214
215
216
227
241
247
279
221
216
214
215
215
227
241
276
218
224
225
611
215
217
214
214
236
235
215
234
215
242
214
224
215
215
214
214
215
226
215
218
233
214
234
305
215
227
214
215
216
215
218
214
214
226
217
217
219
215
228
211
215
210
215
215
215
215
214
215
234
238
214
215
227
214
215
214
216
232
224
215
214
215
235
279
268
215
225
216
532
213
215
243
224
235
216
215
226
220
215
218
215
234
227
225
222
215
215
215
218
214
220
231
215
214
280
215
215
219
210
226
219
230
293
217
216
215
215
228
215
239
223
215
215
214
226
239
218
215
215
214
215
220
214
226
214
276
216
277
215
308
215
229
214
234
215
234
233
215
214
218
215
211
216
235
216
215
215
299
215
215
225
241
214
215
230
214
214
214
234
214
215
214
229
218
214
216
233
215
215
214
215
236
214
215
214
215
215
214
215
215
215
218
215
221
215
214
215
625
215
215
495
217
287
226
215
215
235
235
220
215
244
215
219
230
214
215
294
215
215
215
226
215
215
209
278
215
214
214
241
214
215
219
214
243
216
215
226
214
214
214
214
235
211
226
214
215
215
215
229
301
214
215
215
216
214
215
214
215
228
215
216
215
216
215
235
285
227
227
218
235
214
235
214
215
280
215
226
214
218
215
216
234
293
214
215
234
215
215
236
225
228
215
219
214
215
216
280
211
214
214
304
215
215
226
224
215
238
238
285
242
215
215
215
215
610
215
214
215
214
215
215
215
215
215
233
215
216
216
215
225
216
215
215
215
378
214
214
215
211
214
215
244
214
210
214
216
219
234
216
238
219
235
215
216
214
219
229
231
215
214
218
215
214
215
215
214
214
225
225
278
215
215
215
214
215
215
231
214
214
215
225
215
218
226
215
216
215
219
217
226
215
215
214
226
214
219
215
216
215
214
214
219
215
234
216
214
237
214
217
214
225
214
224
215
214
215
216
214
215
215
216
283
235
216
214
214
226
214
216
215
278
215
231
215
214
215
215
215
278
214
214
215
215
216
227
215
242
228
214
214
215
228
215
239
229
215
214
215
224
235
235
236
234
215
215
215
255
224
215
286
216
215
214
214
214
216
284
215
215
215
283
214
214
228
269
280
219
214
234
216
214
225
214
215
210
233
210
214
225
307
215
215
215
215
215
214
215
215
215
246
215
214
214
215
234
245
214
235
215
214
215
215
216
223
219
215
215
235
233
217
235
290
225
215
215
234
215
214
214
215
224
215
227
215
225
215
215
218
215
226
224
224
216
215
214
242
215
215
227
214
215
214
296
234
224
1451
215
315
246
278
224
215
324
214
218
228
214
235
231
225
224
214
233
217
227
269
224
215
215
215
214
215
215
216
215
218
214
234
215
305
215
223
237
214
215
214
215
296
215
214
214
218
215
215
214
227
235
225
214
225
225
215
215
234
214
225
240
214
215
215
223
214
214
234
216
213
214
215
214
215
215
216
215
215
531
214
215
478
227
238
214
215
214
234
215
214
235
228
215
214
214
246
235
223
215
215
230
234
215
215
478
219
215
215
215
220
225
216
218
243
214
214
216
214
215
214
215
234
215
226
215
218
273
215
235
214
235
215
215
218
215
216
219
215
215
215
215
214
214
215
214
215
279
215
215
215
211
214
214
229
215
224
214
215
267
215
251
247
214
209
298
215
224
477
216
234
214
214
219
215
214
229
214
478
215
215
234
611
215
215
215
215
222
215
290
236
215
554
281
219
214
215
215
235
216
215
225
215
217
214
226
214
225
236
219
215
214
219
214
216
215
214
215
215
215
215
215
216
223
215
214
215
215
225
214
220
233
221
219
280
215
215
215
214
216
228
244
215
214
218
215
215
215
214
216
216
216
235
274
216
215
215
214
214
215
214
216
218
215
217
273
276
215
281
222
227
215
231
215
216
215
215
215
216
226
217
218
214
214
214
215
214
214
218
215
214
216
216
215
215
215
226
215
215
215
215
214
216
210
215
235
242
211
215
217
225
215
210
216
210
214
214
214
230
216
214
219
219
211
214
215
217
214
215
212
226
215
215
215
214
214
215
216
235
215
229
226
215
226
223
215
214
236
242
214
215
215
213
215
226
214
225
218
224
216
291
214
230
215
219
219
214
214
235
214
214
214
214
215
215
279
215
226
215
225
215
210
215
215
223
211
235
245
215
214
219
214
224
231
215
215
218
226
216
215
214
215
214
214
214
217
215
242
215
215
231
226
215
215
224
235
219
225
227
443
215
215
218
226
227
229
218
246
215
218
214
214
214
218
291
280
216
215
235
236
225
228
214
235
226
215
232
218
226
214
238
218
235
214
227
215
214
227
215
214
230
229
236
228
215
218
214
214
287
215
215
293
238
226
216
221
215
222
222
214
215
238
224
218
282
286
275
214
214
216
239
222
214
218
215
476
215
214
223
215
242
234
226
215
215
214
226
235
234
215
273
215
214
225
220
215
214
215
480
230
214
216
216
215
218
628
224
214
214
215
225
215
234
214
214
219
259
235
228
216
216
215
272
214
225
214
216
215
214
215
218
214
227
215
215
215
242
218
278
216
236
236
214
214
235
215
215
214
277
214
220
214
225
215
211
228
238
215
227
215
476
219
235
288
250
220
224
232
265
216
237
274
215
217
231
215
215
224
214
226
214
215
218
295
214
226
215
215
225
623
225
226
214
215
276
215
215
225
218
293
214
215
226
216
217
218
215
235
215
576
214
276
225
221
216
216
218
214
291
215
215
215
215
218
210
224
215
225
226
214
219
215
216
215
224
214
215
214
226
215
225
214
499
215
215
227
235
214
246
282
215
215
235
216
220
622
234
215
215
310
218
223
215
214
216
218
227
226
218
217
215
234
214
215
219
214
235
224
235
215
214
214
214
239
245
216
218
215
264
229
273
234
216
214
214
214
220
216
215
216
234
210
278
224
215
235
238
279
215
219
234
234
228
215
214
216
234
228
631
293
215
219
215
215
215
215
226
220
218
215
215
214
216
214
226
280
214
214
224
226
241
215
225
214
215
214
215
214
215
214
214
215
228
214
234
218
282
233
218
214
214
215
215
225
215
215
230
215
215
234
214
225
215
214
218
235
219
214
214
235
216
234
211
214
226
234
214
216
215
233
259
215
223
252
215
215
215
214
215
234
214
235
214
214
242
281
215
219
218
220
238
216
215
215
215
287
235
215
215
214
238
227
223
214
218
214
215
215
214
291
229
215
214
214
226
215
233
215
214
274
216
214
231
222
214
215
213
215
215
214
640
226
229
215
279
215
214
227
218
215
214
214
221
214
215
215
215
237
214
292
225
217
234
215
215
219
215
214
222
215
215
240
215
225
215
216
210
234
221
215
227
214
214
214
215
215
216
215
235
227
234
215
278
238
214
215
274
219
235
215
216
215
216
214
215
215
215
234
215
215
216
223
218
214
215
234
234
214
215
272
218
219
234
215
218
214
219
215
224
215
215
225
214
217
225
215
215
215
234
225
215
220
214
235
215
214
223
215
216
224
225
215
217
218
218
218
214
242
214
214
215
216
216
252
214
225
211
229
230
215
217
214
473
226
215
214
214
214
215
215
214
215
280
214
274
215
214
215
345
215
214
230
235
219
214
225
215
215
227
236
214
235
447
215
214
214
215
234
214
287
216
214
214
215
215
214
218
218
243
215
281
215
215
215
216
245
215
214
215
215
234
216
215
215
218
219
225
214
281
214
277
