336
337
332
322
336
333
323
322
337
334
331
335
337
317
326
322
330
331
326
326
318
333
322
323
339
384
323
322
321
322
333
333
323
542
323
325
322
327
415
321
323
322
318
334
323
322
318
327
322
335
322
332
319
322
366
322
336
358
322
337
323
331
324
426
338
379
322
332
320
333
322
322
730
327
323
326
322
346
326
377
323
334
326
318
333
333
333
323
332
323
338
322
328
323
323
323
338
322
391
322
337
327
322
322
322
337
322
338
336
326
322
332
333
322
322
322
323
322
324
334
848
322
338
342
322
323
322
798
322
337
322
321
333
326
332
335
322
325
332
323
323
323
322
323
333
323
332
332
322
323
862
338
326
337
323
323
323
330
323
326
321
413
323
332
322
322
335
322
332
322
424
338
695
322
326
318
333
326
322
336
334
323
323
342
333
713
326
334
325
322
323
322
323
321
336
395
323
322
321
326
332
323
334
377
322
323
323
334
323
322
322
338
322
323
322
323
333
322
877
323
333
327
323
322
322
319
333
326
322
329
324
323
322
323
334
334
322
323
337
322
322
339
326
323
322
322
476
697
322
323
322
321
322
382
321
323
380
333
323
336
333
326
322
336
323
327
331
344
379
323
321
322
322
337
326
331
323
324
323
323
322
322
333
599
322
322
322
322
322
754
335
322
322
326
323
323
323
339
334
326
332
323
345
350
337
318
323
322
323
323
322
333
326
326
386
332
939
323
323
332
342
323
323
323
322
322
326
326
322
322
323
326
322
324
322
337
323
322
330
322
336
398
326
337
380
323
332
323
321
627
345
323
335
335
323
323
325
355
346
322
321
322
395
322
337
390
323
386
321
332
334
323
322
344
331
322
321
382
322
323
428
325
323
322
333
323
323
323
323
337
323
323
321
323
323
332
333
398
322
322
323
322
323
325
334
337
331
326
336
323
323
322
333
322
334
333
322
323
323
335
323
402
962
326
323
322
337
331
322
322
322
322
341
321
327
322
341
323
967
387
336
326
332
322
322
323
323
393
326
384
322
323
322
323
323
325
325
323
321
322
325
372
322
326
334
337
338
322
687
717
332
326
322
326
323
332
322
322
322
419
331
331
326
322
322
330
332
322
322
322
336
322
322
322
323
327
336
325
322
323
322
396
334
325
396
333
327
333
379
323
333
323
322
376
325
322
322
378
322
322
323
322
333
322
334
321
323
323
322
323
321
385
530
322
323
322
339
322
326
322
336
337
325
321
335
336
322
323
334
323
336
332
322
327
322
323
323
322
323
323
364
337
323
322
323
323
390
327
330
337
322
323
321
323
323
322
319
333
334
324
323
322
325
322
397
322
322
336
322
332
330
322
334
331
323
323
342
326
322
324
330
327
322
322
332
324
323
418
323
339
323
337
334
322
323
333
335
384
338
331
516
332
323
326
322
337
323
333
327
322
334
322
322
322
322
321
846
321
323
349
396
322
327
322
332
323
336
332
406
323
343
323
326
323
323
322
326
323
360
386
321
323
322
326
321
323
323
334
323
322
326
323
323
323
322
333
396
322
391
321
937
339
321
334
322
323
323
342
379
334
323
323
338
322
322
326
336
323
400
323
400
322
323
584
323
323
322
345
332
326
321
323
332
322
494
332
336
336
326
323
322
392
341
322
333
338
323
323
323
332
332
337
339
450
322
336
332
323
323
340
332
321
323
393
322
326
321
325
327
326
323
323
322
322
323
460
323
322
334
322
332
323
323
334
323
333
329
392
335
322
326
323
322
323
334
322
325
326
323
322
327
338
326
333
327
322
334
332
336
337
322
318
345
321
323
332
323
322
719
326
337
322
321
332
334
321
336
326
320
322
322
322
322
332
403
323
322
322
326
322
323
327
322
334
322
323
323
378
334
322
323
322
335
326
323
323
393
331
323
322
323
381
322
325
322
333
340
322
324
380
333
323
321
342
323
326
326
323
334
335
379
336
326
323
327
323
332
343
376
327
322
323
342
327
322
389
322
334
322
323
323
323
326
516
322
323
322
419
342
935
326
332
322
326
323
322
326
339
326
323
343
332
322
384
323
322
322
322
322
326
323
321
331
404
323
332
322
322
333
326
323
323
333
323
323
323
338
322
333
323
388
322
322
323
324
322
323
381
323
945
323
322
339
322
321
322
322
324
337
323
333
337
332
322
381
326
383
323
327
323
335
347
322
323
336
323
345
321
323
326
321
460
323
323
336
322
325
322
322
323
322
321
332
317
322
401
322
324
322
323
369
321
322
326
322
325
327
398
332
383
331
322
323
348
326
335
322
326
322
322
322
332
335
323
322
336
323
323
323
333
323
322
326
326
323
336
387
337
323
321
336
335
335
322
554
337
322
322
342
323
326
322
322
323
326
337
383
399
322
322
856
379
323
333
323
323
321
326
322
405
322
326
323
323
333
323
336
323
334
326
322
332
325
324
335
323
333
322
322
321
323
326
385
322
322
322
323
322
322
322
332
322
332
323
387
387
324
333
322
333
324
322
334
322
325
321
322
324
331
326
342
323
323
322
352
322
322
322
326
323
333
322
326
332
321
325
322
323
332
339
322
322
322
323
322
323
335
327
322
322
322
324
334
322
400
323
323
323
330
335
330
321
323
333
322
326
322
337
338
323
323
323
382
322
323
331
324
322
318
322
322
334
323
322
319
322
323
381
322
333
322
322
322
326
323
342
322
322
321
322
326
326
322
323
323
322
333
323
322
323
322
323
336
341
322
323
340
395
323
333
322
333
333
322
321
326
336
323
381
323
322
323
326
323
323
323
323
322
336
323
389
322
322
329
323
322
323
334
321
322
326
334
323
324
323
322
327
323
325
323
323
322
321
322
322
322
323
322
327
325
322
333
326
342
329
322
324
322
321
326
323
322
334
323
322
322
323
326
333
325
322
322
331
323
323
342
326
326
336
323
330
379
322
321
323
322
322
327
321
344
323
372
338
324
323
321
334
326
323
336
323
333
384
323
321
335
323
341
322
326
325
322
323
333
343
324
327
333
337
321
326
389
335
325
323
323
335
331
338
322
395
334
395
322
332
322
327
322
326
323
322
398
332
322
333
331
332
332
322
323
335
323
370
324
326
324
322
318
326
333
322
322
382
327
326
327
323
322
326
329
322
326
326
909
333
321
415
322
323
334
332
322
322
380
511
332
322
321
323
334
325
388
332
333
323
322
321
326
326
322
323
322
337
406
323
323
331
322
335
323
332
327
322
323
331
331
333
382
323
342
322
326
326
323
336
332
322
395
333
333
325
323
325
376
322
322
322
322
323
323
396
322
323
365
399
326
336
371
326
333
397
323
322
323
336
332
334
334
322
323
325
322
323
323
326
325
322
392
322
383
335
324
326
331
336
325
322
334
323
326
322
322
329
336
323
332
334
325
321
322
333
351
322
322
322
322
336
322
332
323
323
324
323
326
327
322
336
322
323
543
322
338
325
322
322
323
327
323
341
323
378
322
323
368
334
330
324
336
341
322
322
327
322
332
326
323
323
322
322
341
326
334
339
525
322
333
334
332
322
322
331
322
386
343
322
332
338
324
335
322
323
323
322
322
335
322
323
326
322
337
333
327
716
322
322
322
322
326
332
323
334
326
332
323
332
322
323
325
323
321
322
322
322
335
322
322
326
322
326
333
326
322
326
323
322
322
321
332
336
326
321
322
395
323
322
322
323
322
322
323
322
322
323
332
963
333
322
326
337
343
397
322
332
324
331
327
322
334
386
322
336
322
337
334
337
322
323
322
323
327
338
323
333
325
323
322
333
326
322
323
332
326
323
337
332
317
323
327
323
322
322
324
323
323
396
332
323
332
326
327
322
323
322
327
323
336
332
322
322
323
331
389
323
323
325
323
322
330
336
334
322
322
323
379
324
323
323
323
322
323
866
326
396
321
322
323
322
342
323
322
322
323
327
368
327
322
332
332
334
323
325
323
404
322
323
327
322
323
323
333
379
488
326
323
323
321
336
318
326
323
322
336
336
326
326
337
322
325
337
346
323
334
321
322
322
336
338
323
322
383
322
323
336
366
335
323
334
322
323
336
321
322
861
322
324
335
338
694
340
323
335
327
323
333
318
323
322
323
336
323
323
322
323
332
338
323
323
318
322
322
336
336
339
322
322
323
322
483
337
326
322
327
323
542
322
322
326
322
322
323
324
322
323
325
327
337
333
323
336
322
323
322
322
332
334
324
386
332
333
326
323
333
332
338
323
322
332
325
326
332
323
336
323
321
323
322
321
322
322
321
322
318
328
322
323
322
322
323
335
326
322
325
332
323
322
322
393
334
337
322
332
322
322
323
321
322
322
322
334
337
322
323
321
323
378
322
323
325
322
322
336
322
336
323
386
325
322
322
326
323
332
323
338
322
323
337
322
321
339
322
323
321
326
383
378
323
326
378
322
323
333
322
323
323
331
322
331
338
380
345
332
321
323
338
326
754
332
332
323
325
322
323
323
378
341
326
327
334
321
554
399
340
323
322
322
322
323
322
326
323
347
344
334
322
341
325
321
332
391
322
335
333
336
330
328
323
322
351
332
322
322
326
322
337
403
399
322
331
324
331
323
326
326
323
327
389
323
389
323
324
331
321
323
332
322
353
364
323
324
336
322
323
322
323
332
322
322
333
321
322
318
332
323
331
322
332
326
317
322
332
323
323
322
323
324
336
322
323
322
326
322
323
322
322
322
322
336
337
323
1023
332
325
322
326
332
323
322
323
322
334
322
323
323
323
322
323
323
322
380
325
332
327
323
344
322
391
322
332
337
333
328
321
322
323
331
321
326
326
323
355
325
323
322
321
326
333
322
335
380
322
322
322
333
319
389
375
322
322
321
325
554
422
939
324
322
333
322
334
322
322
323
321
322
322
327
946
337
318
322
335
335
326
323
331
336
339
322
384
330
321
342
322
337
338
333
322
322
428
317
322
322
322
850
327
323
323
323
332
322
397
322
332
324
326
333
323
326
333
326
324
322
339
386
323
320
339
322
322
322
323
322
322
322
322
326
322
334
336
333
333
322
322
323
322
322
322
322
323
347
322
321
332
405
332
321
322
323
323
326
326
333
322
322
336
322
322
326
322
326
323
396
322
338
322
390
333
326
322
326
335
337
323
322
323
329
332
361
338
322
393
323
392
382
327
697
331
322
322
321
336
334
321
322
323
327
322
337
335
323
333
322
336
332
345
323
337
338
322
321
321
326
326
322
321
332
322
326
336
323
385
337
322
335
322
325
323
322
326
335
326
322
333
326
323
322
322
322
322
323
907
323
322
322
322
335
322
331
331
383
322
322
326
322
323
323
323
327
322
334
323
323
340
322
322
326
322
321
336
341
343
322
322
327
338
322
322
323
332
336
333
396
326
336
333
334
334
322
332
323
333
333
321
332
322
322
323
338
560
323
322
337
323
321
321
336
334
322
327
337
326
323
388
322
322
323
335
327
326
326
325
334
322
322
322
331
322
336
332
341
322
326
329
337
607
336
323
321
321
323
334
322
323
322
322
323
322
332
322
331
326
322
326
337
336
331
377
322
471
390
324
385
326
323
321
331
380
324
321
333
746
321
380
323
334
325
322
338
326
322
324
360
335
323
333
332
364
338
333
330
318
331
333
323
322
396
322
341
322
323
333
323
322
322
322
322
327
323
323
322
341
326
322
323
323
322
336
323
324
322
322
337
336
323
325
333
322
332
322
326
323
322
322
322
326
322
325
321
323
321
322
323
326
332
719
778
321
322
322
331
323
939
322
330
323
323
337
322
326
323
318
338
317
322
322
394
323
323
323
322
322
334
322
323
322
326
327
323
325
321
323
323
333
332
322
334
333
324
322
333
339
323
323
388
323
331
340
326
323
318
322
322
332
390
332
394
332
370
380
333
323
317
322
323
322
322
333
332
322
321
335
341
324
332
337
322
325
322
322
321
337
332
322
322
373
327
322
321
326
326
326
323
387
322
323
324
322
322
322
325
322
322
322
322
322
321
417
334
322
322
322
333
322
322
322
323
323
322
323
323
327
323
337
324
383
318
321
333
322
331
324
322
322
321
333
331
337
333
326
330
322
326
323
323
323
322
325
321
322
333
323
322
332
332
324
322
323
332
322
333
322
321
323
333
331
322
333
333
333
323
334
364
322
321
322
335
322
325
323
345
322
322
322
380
322
334
321
336
333
359
322
339
324
333
325
825
330
322
323
325
322
322
323
335
321
374
322
336
386
323
322
322
913
385
321
322
323
390
323
318
323
325
321
318
323
323
332
322
339
322
323
323
336
326
323
335
323
326
322
332
322
326
323
323
322
322
322
323
327
869
326
322
322
336
322
393
326
337
332
327
323
322
322
323
323
333
332
326
323
326
380
321
322
327
333
322
333
322
322
322
333
322
323
382
326
322
322
323
324
323
322
332
322
322
327
322
325
326
335
323
342
326
322
321
371
322
322
322
322
321
322
322
336
334
322
387
410
335
325
335
324
336
322
323
323
334
323
319
322
335
323
564
326
333
323
327
323
333
322
327
333
322
323
330
378
322
334
380
342
323
383
399
322
321
325
327
322
333
323
323
335
326
326
322
322
322
318
340
333
333
322
324
345
323
322
339
322
322
322
323
326
322
322
322
323
335
387
323
323
332
321
322
342
325
334
323
413
337
326
404
326
323
325
334
323
327
322
322
321
472
322
332
322
322
323
331
383
322
323
386
322
322
341
326
337
322
325
323
322
331
322
336
333
325
321
327
336
318
322
322
322
326
321
323
324
322
334
323
322
323
333
323
322
434
335
323
326
323
322
322
339
322
323
326
323
323
322
338
331
800
321
322
326
322
336
326
325
326
322
918
322
323
321
322
341
365
326
336
318
322
323
341
339
322
332
323
336
390
340
337
322
327
394
322
332
322
321
326
333
843
321
402
322
323
333
336
382
338
322
322
322
326
322
321
390
331
322
331
322
326
332
322
333
323
332
321
324
322
322
322
336
350
380
323
332
322
332
326
322
323
336
408
321
322
322
323
323
326
335
322
323
323
326
381
322
322
322
323
322
322
332
322
333
323
326
338
323
336
322
325
332
326
322
321
373
322
322
326
322
321
326
322
326
323
326
322
336
322
323
326
322
321
326
339
323
323
327
336
400
326
323
337
322
322
318
333
401
322
334
326
322
323
332
322
332
326
323
325
335
322
321
325
337
327
326
322
327
326
322
324
322
325
331
340
337
324
322
332
330
322
332
323
322
336
323
327
322
334
331
322
332
323
325
325
334
322
321
322
323
322
327
323
344
322
384
321
323
326
323
335
323
322
685
323
332
323
389
322
325
322
332
323
326
323
326
325
341
326
324
400
322
322
383
323
322
325
322
322
322
323
322
322
325
333
323
324
323
322
379
326
322
339
336
361
322
336
323
322
388
323
326
323
323
381
335
321
323
323
404
323
322
375
335
322
334
327
344
333
386
322
333
322
322
322
323
323
335
407
336
332
323
323
340
327
882
341
322
323
322
322
322
323
322
333
331
326
336
381
323
322
321
325
323
343
322
323
324
323
322
325
323
323
323
322
323
329
323
332
323
322
332
338
322
322
326
341
334
937
338
323
325
338
322
322
326
353
323
336
326
339
333
327
327
324
331
326
323
318
322
323
336
385
322
324
326
322
337
331
322
333
322
322
322
322
341
342
338
339
331
321
332
323
326
322
322
322
322
335
334
334
372
326
323
326
323
321
333
333
333
321
331
323
327
323
337
333
389
322
336
432
323
326
322
322
396
322
333
391
385
387
324
323
323
323
332
322
322
326
323
322
326
334
337
322
321
323
392
322
326
322
334
326
322
394
345
324
325
323
391
332
322
322
324
322
322
323
323
323
322
336
322
322
322
338
346
321
323
325
323
332
334
322
323
324
323
321
340
397
332
322
321
325
323
323
322
338
390
386
323
323
336
322
332
332
318
379
330
323
333
334
322
333
322
321
331
326
326
322
334
322
333
353
338
322
322
389
322
323
337
326
322
378
334
322
322
323
322
323
322
377
336
327
323
322
322
323
327
322
321
336
322
384
386
326
326
321
322
317
333
331
328
405
326
943
338
322
322
326
322
323
383
322
332
388
322
322
332
322
322
322
336
337
324
322
323
389
391
323
324
337
323
322
333
333
324
341
327
326
322
331
323
322
323
333
318
630
332
333
327
322
392
337
322
670
322
342
325
332
325
389
720
333
323
326
333
321
326
337
322
337
332
322
339
621
323
382
327
324
336
322
326
333
331
322
322
322
322
322
331
322
334
323
336
322
324
329
831
322
323
322
323
332
325
322
323
322
327
342
333
322
323
334
399
323
321
348
322
322
344
322
322
331
328
326
344
399
322
331
323
322
382
388
322
323
323
375
321
322
336
333
323
322
332
332
323
322
326
335
942
324
334
322
333
322
323
331
323
323
335
326
318
336
322
326
322
321
323
325
331
322
327
321
322
322
322
322
337
322
348
345
321
326
331
323
322
322
337
384
326
332
326
321
390
334
341
323
326
323
335
332
384
385
337
384
322
323
322
323
323
323
326
322
336
336
323
321
323
389
326
322
323
322
322
322
326
400
322
339
341
323
318
337
323
326
698
327
321
322
322
321
333
333
322
322
322
384
343
323
337
332
327
335
405
321
322
322
384
326
326
321
323
330
323
322
332
322
323
323
322
322
334
331
325
338
323
385
343
327
324
322
326
326
322
323
337
322
416
326
330
323
323
333
323
332
333
323
325
383
323
325
322
326
327
323
326
339
324
322
323
322
386
331
323
323
326
342
383
323
325
321
327
335
323
323
321
326
322
322
322
321
331
323
323
335
546
325
322
322
336
321
322
323
381
335
323
326
334
321
323
322
338
322
322
368
323
323
361
326
322
321
325
322
323
334
331
322
334
335
322
335
338
331
323
324
338
322
322
322
326
332
390
322
322
323
323
332
322
332
322
326
322
323
323
330
323
324
322
373
322
332
335
322
326
332
333
333
322
567
333
337
325
322
332
322
343
322
339
326
322
323
323
323
384
327
325
322
321
322
322
322
323
322
323
332
323
340
335
321
323
393
322
323
337
319
337
327
322
323
322
322
322
826
323
322
322
322
338
321
340
325
322
331
336
331
322
337
325
323
323
321
333
333
323
322
322
332
331
326
322
332
333
333
322
411
327
333
323
325
330
322
322
332
324
322
323
322
379
329
326
326
336
326
325
323
325
322
323
322
337
322
322
327
326
322
333
