615
388
379
383
499
403
383
475
376
368
375
382
375
382
384
381
439
376
376
376
379
375
375
382
377
376
375
379
397
384
375
379
375
376
381
375
375
384
375
376
380
375
375
375
375
376
375
379
375
391
376
381
388
435
382
376
375
432
379
382
381
384
375
376
379
375
440
382
380
375
393
376
381
382
377
375
392
383
379
368
376
382
380
379
380
379
377
375
429
376
381
385
376
376
381
382
375
389
375
385
380
391
382
381
392
425
422
375
377
376
861
376
379
375
384
376
376
384
379
381
375
376
375
378
387
375
375
375
375
379
399
382
387
383
379
387
387
376
376
375
430
376
380
382
376
379
381
375
376
382
375
368
440
379
384
380
375
386
376
376
373
376
375
381
379
375
376
372
393
375
392
393
380
387
383
381
379
382
382
379
376
377
376
375
377
385
375
376
376
383
382
380
432
382
382
418
375
372
384
383
384
382
376
375
376
376
376
375
384
375
377
375
376
376
379
630
376
376
377
384
434
375
379
380
375
383
380
1032
430
376
380
382
382
376
380
383
437
382
385
385
463
382
377
375
376
398
380
376
375
377
376
381
381
382
376
376
377
377
376
376
382
379
375
375
373
376
884
376
376
386
375
385
382
387
382
375
376
380
376
376
387
376
375
379
386
381
384
375
379
383
381
376
420
434
380
380
384
376
383
376
456
376
376
375
376
376
385
376
376
379
376
382
375
382
381
380
380
376
383
375
383
375
384
376
383
432
375
383
863
379
376
432
431
434
381
381
375
429
376
376
385
957
382
376
376
376
430
375
384
382
377
375
402
379
376
382
375
376
383
383
380
375
375
368
383
708
376
382
391
1121
391
376
430
375
379
376
381
382
384
380
375
375
382
375
376
383
389
376
376
376
375
853
382
381
379
386
381
384
379
379
376
375
376
457
376
433
377
381
375
382
434
426
768
415
376
376
382
378
382
381
375
375
376
379
425
376
382
382
383
375
375
380
387
384
383
382
375
382
375
386
384
440
384
387
375
381
382
378
384
382
377
376
375
399
385
375
377
435
375
383
382
382
375
375
421
387
376
383
376
383
405
381
376
384
381
376
380
383
434
376
390
380
1137
375
381
387
376
376
376
376
375
380
381
383
423
380
382
375
377
380
375
380
379
375
384
375
379
375
375
376
382
426
376
382
389
382
375
379
413
376
386
382
376
382
379
379
382
383
384
379
383
375
381
381
375
375
372
376
376
376
384
376
375
375
382
509
375
384
375
382
375
376
375
381
432
380
376
379
376
378
380
382
376
389
376
380
382
376
380
378
377
379
376
403
375
382
382
380
385
380
379
375
385
376
375
375
379
383
375
385
375
375
376
376
379
377
375
467
379
377
376
846
377
376
380
376
375
379
375
382
382
394
376
387
383
381
380
376
376
376
375
377
379
381
396
383
379
385
376
380
377
377
428
383
375
377
376
375
382
383
376
375
381
383
376
379
376
383
375
433
376
376
376
375
378
376
382
384
379
383
387
435
423
388
375
376
381
384
376
376
384
387
383
392
380
376
375
375
376
376
388
376
376
398
381
387
375
377
380
380
379
383
375
376
387
379
376
387
381
381
381
375
378
376
387
380
379
375
375
380
376
408
375
397
383
380
387
383
376
384
383
379
376
384
383
375
424
376
380
390
421
434
383
445
375
382
380
376
384
378
376
431
376
429
407
381
434
376
375
384
375
381
386
376
382
383
382
448
375
430
375
452
400
382
386
376
380
382
376
381
385
398
382
382
381
381
375
383
382
376
382
392
380
376
439
389
375
435
375
383
386
382
383
387
382
379
377
385
379
375
382
375
383
376
381
376
382
375
385
375
375
379
386
375
377
436
376
419
377
379
375
386
376
376
375
383
376
430
375
376
383
375
395
387
379
387
381
380
375
376
376
380
392
382
382
379
376
382
400
423
376
380
380
380
389
369
381
381
376
380
375
386
393
376
375
375
376
389
381
383
381
376
376
381
375
376
376
376
381
382
380
381
428
380
376
428
375
380
381
385
394
407
377
376
379
375
392
383
376
377
382
386
381
375
376
381
375
387
385
382
375
379
376
375
382
377
376
383
376
375
383
375
387
425
376
375
381
380
390
375
381
383
387
377
382
375
376
382
375
429
375
379
377
379
380
381
387
387
380
444
376
377
375
381
375
429
375
379
375
376
376
375
376
387
375
375
461
375
389
379
380
376
428
386
376
375
382
375
405
382
383
382
380
382
375
381
419
382
382
383
382
375
376
380
375
375
375
381
375
375
377
382
376
381
375
380
386
379
380
375
376
382
376
375
377
381
381
382
383
380
383
375
375
383
375
382
382
443
376
419
375
375
375
384
380
383
376
382
379
375
375
382
382
376
384
376
375
438
375
380
451
375
376
419
376
382
375
449
375
387
382
375
379
380
375
381
380
382
382
386
375
377
369
375
380
382
376
375
376
381
384
376
385
375
381
380
375
380
383
376
382
375
376
379
375
375
376
377
381
376
382
375
375
375
377
375
376
379
384
383
384
375
425
387
385
377
382
376
375
379
376
376
382
375
376
382
382
384
382
381
385
376
379
375
382
376
376
375
375
436
380
423
432
388
383
377
380
375
381
368
387
383
383
386
376
392
376
376
376
381
383
382
376
1077
379
379
379
375
427
375
380
383
375
380
376
376
386
383
617
376
376
376
376
381
375
378
376
386
596
377
376
434
375
376
392
376
376
383
381
376
380
421
386
380
382
386
378
376
375
375
376
379
379
420
385
382
381
375
378
379
469
378
379
377
377
383
388
375
379
379
399
382
375
383
375
375
377
379
376
377
379
376
376
375
383
383
376
376
379
382
376
383
382
387
421
382
408
379
385
375
376
376
380
482
377
369
378
383
375
380
383
375
375
380
383
379
385
375
375
387
380
383
377
426
376
376
382
438
375
376
382
376
375
376
385
379
375
392
376
384
379
421
455
384
386
377
382
382
390
382
376
382
442
383
385
375
375
375
386
376
375
383
387
375
375
378
376
376
449
376
386
380
382
382
382
383
376
375
381
427
385
376
376
379
383
376
382
422
394
379
381
376
383
394
376
396
377
383
381
1045
381
383
375
464
379
382
380
377
379
383
383
383
387
380
380
378
375
380
376
377
384
379
382
375
375
377
375
380
377
377
386
376
383
376
423
432
376
380
379
398
436
377
384
382
375
369
384
419
376
376
378
428
376
382
376
753
376
381
375
376
465
375
375
375
375
380
375
382
375
385
419
394
383
381
440
383
382
376
433
734
382
379
376
382
375
394
376
376
387
375
375
381
379
381
376
377
381
376
375
376
380
380
375
376
378
377
385
432
548
376
375
376
383
376
376
377
377
382
381
375
376
382
417
380
375
376
375
375
458
377
384
380
383
382
382
380
379
382
381
376
375
380
380
376
376
387
379
382
381
375
376
376
376
376
376
382
391
381
375
386
380
439
381
416
375
376
376
375
430
381
379
387
429
382
426
376
426
382
380
376
378
376
386
382
375
375
387
375
381
378
380
375
382
428
376
379
383
438
425
379
375
395
376
375
377
375
384
375
432
380
381
382
382
383
378
383
379
387
379
766
382
383
375
390
389
383
376
376
379
379
381
376
376
382
381
393
383
375
376
375
376
428
390
387
377
375
382
375
379
383
387
381
379
392
381
380
376
381
381
376
382
377
383
380
426
386
376
376
387
380
413
416
385
375
375
394
379
377
422
376
375
1103
383
386
383
384
380
381
376
383
422
376
375
382
375
384
382
384
390
944
380
379
382
390
376
376
378
388
391
383
375
382
376
376
375
376
425
375
382
375
375
391
376
376
375
376
383
377
383
383
375
379
375
383
379
380
383
379
375
460
379
384
458
382
383
386
377
381
382
377
435
381
432
381
376
380
380
375
383
376
376
480
383
382
376
419
395
379
413
426
375
425
376
375
376
381
375
380
385
420
434
380
376
375
556
378
428
381
383
382
376
385
383
376
380
382
376
374
381
380
384
383
376
375
376
381
427
380
461
375
376
375
376
375
379
376
380
382
376
376
384
375
1039
381
382
383
376
376
376
376
376
383
385
375
375
378
383
380
426
379
387
385
379
383
375
421
376
387
375
376
379
376
379
381
376
419
386
375
384
376
377
383
376
375
376
381
376
375
380
428
478
379
432
381
376
376
377
377
375
376
383
380
376
376
376
386
377
381
378
379
1100
381
381
393
375
375
383
435
383
428
852
376
380
382
385
375
376
436
391
387
405
382
375
434
380
379
379
375
375
376
375
375
382
381
375
380
401
375
683
381
376
388
382
382
383
376
382
393
375
375
375
380
377
379
381
1016
375
383
376
377
384
386
382
1077
384
375
376
379
375
383
375
381
382
384
385
390
386
424
376
406
383
375
387
380
385
393
381
375
377
376
376
1091
384
379
386
376
377
387
375
426
376
427
425
375
376
381
378
387
383
382
384
376
410
377
376
374
384
376
394
390
443
375
376
386
375
393
430
375
376
383
686
376
377
440
375
375
375
375
376
381
383
385
375
382
382
387
392
382
377
375
376
376
375
428
378
376
402
376
380
375
376
572
434
375
375
380
381
428
381
376
376
379
646
376
385
382
381
377
386
376
380
391
491
380
384
381
370
384
375
375
379
750
369
436
376
375
383
380
376
379
395
383
375
376
379
376
385
376
383
382
376
382
376
375
379
380
401
843
391
393
419
375
382
385
379
375
378
377
375
376
375
375
414
383
382
573
427
381
377
388
379
383
382
375
383
381
375
378
375
381
375
376
384
375
375
375
382
375
375
393
375
376
375
390
383
385
423
382
375
375
380
427
386
376
377
375
376
433
375
375
380
440
424
383
381
375
376
381
383
375
386
376
378
383
385
375
418
375
405
380
385
433
422
376
376
385
380
380
378
386
380
383
438
431
392
382
376
377
385
377
375
375
375
375
376
382
375
377
382
420
386
376
376
375
376
387
381
375
375
380
379
382
375
376
375
376
376
375
1108
376
375
375
379
379
377
383
376
385
382
383
382
375
380
383
379
380
377
376
858
376
381
385
376
375
376
380
377
389
376
447
379
377
391
377
470
420
376
379
381
381
383
382
379
386
375
380
397
387
375
392
391
375
375
382
375
376
375
379
398
381
379
381
377
379
376
388
384
376
383
376
376
376
382
379
381
375
376
375
380
387
375
379
379
376
380
429
380
380
382
376
375
376
375
379
382
376
376
403
453
495
657
418
380
375
383
383
376
376
382
424
376
380
380
383
376
376
386
380
383
383
423
376
376
375
387
376
376
380
376
376
376
392
423
376
376
379
382
375
375
432
376
427
386
383
380
379
376
375
393
380
375
376
417
376
658
381
376
457
375
370
377
381
379
379
413
377
376
379
375
383
376
377
382
382
385
382
379
382
383
380
377
380
375
392
376
379
376
384
376
410
383
382
375
377
375
387
377
375
416
381
376
376
855
381
380
375
380
376
901
376
376
376
375
380
376
383
383
375
378
456
382
379
807
377
379
375
375
379
375
379
376
1099
383
376
381
380
382
379
376
576
376
376
632
383
383
376
379
378
376
375
379
388
376
387
375
383
375
383
381
379
394
383
917
393
386
376
376
376
376
375
381
389
381
376
376
376
378
385
375
376
376
381
430
376
783
385
383
376
378
379
376
388
383
376
376
384
376
375
379
375
434
375
376
375
464
383
383
375
376
375
385
376
376
376
376
379
383
379
375
974
1449
381
376
382
384
980
388
379
379
421
368
384
377
379
392
380
375
378
375
385
376
383
375
379
375
379
379
376
428
396
376
376
377
376
376
377
378
375
393
375
376
380
380
375
383
375
375
382
381
375
385
376
382
376
381
377
375
380
382
429
383
384
376
386
379
426
385
380
381
375
375
382
379
375
376
372
383
398
382
378
420
376
376
414
380
375
375
841
388
376
462
375
375
387
376
376
384
386
380
377
379
477
376
381
379
376
382
376
375
378
379
382
379
383
384
424
382
376
375
383
377
402
382
375
376
387
375
383
375
376
430
381
423
375
383
379
376
377
379
495
387
379
379
379
375
375
383
384
415
376
377
379
393
382
378
375
375
375
380
377
379
376
386
375
377
377
375
375
384
426
379
376
380
383
379
382
378
432
383
376
377
450
376
379
375
387
375
376
383
386
383
376
376
380
382
385
375
409
381
384
376
376
384
378
375
393
382
382
379
381
375
380
456
436
376
394
375
402
375
380
382
382
376
382
376
377
377
434
376
376
379
385
382
381
424
375
378
1087
648
376
375
469
376
375
376
384
384
383
375
380
376
388
375
387
384
391
381
384
376
381
378
375
380
376
739
383
375
380
375
383
376
380
379
376
443
381
382
376
375
383
383
376
379
398
376
375
375
384
580
372
427
377
389
502
376
376
375
369
385
383
425
385
383
382
375
387
382
379
375
376
431
388
384
379
376
375
375
376
375
385
386
382
375
385
376
390
376
378
375
392
385
382
382
376
426
392
376
376
385
376
374
421
379
435
379
376
375
376
375
424
375
375
386
380
383
376
382
376
376
376
396
379
383
375
383
375
382
375
391
377
376
382
382
380
1081
375
382
376
387
378
376
391
375
376
385
387
375
375
376
385
379
375
382
375
376
428
386
376
376
382
386
384
376
397
381
384
375
376
381
379
383
384
376
1093
386
443
376
376
394
380
385
375
375
376
377
376
380
386
375
377
1111
375
385
383
1046
379
376
601
376
380
385
381
369
383
377
376
455
384
379
376
376
375
387
630
426
382
385
384
379
380
383
400
382
387
381
388
430
376
379
375
392
425
591
427
375
426
422
380
376
383
376
376
384
384
382
383
379
376
376
378
378
378
380
382
429
380
412
377
379
1097
376
378
380
383
375
376
375
377
380
383
383
458
379
382
379
375
381
376
375
377
377
376
384
375
384
413
376
393
376
382
380
379
377
378
376
449
376
383
380
376
390
375
372
380
436
375
376
369
375
375
376
380
376
376
380
376
375
385
385
378
380
376
375
384
380
386
376
375
381
376
383
379
383
375
424
376
381
376
387
377
445
376
380
380
383
383
379
382
382
390
440
381
386
435
376
375
376
376
376
375
386
1047
375
430
382
377
854
380
379
381
381
380
381
386
376
376
419
382
376
416
380
386
382
380
377
382
375
376
375
376
440
385
383
377
397
380
376
375
376
386
382
375
376
382
382
375
376
375
430
386
379
376
385
384
376
380
383
387
377
375
377
376
375
379
385
379
425
386
429
376
380
375
382
389
383
380
377
389
376
376
376
376
376
375
402
377
381
387
418
376
376
375
376
375
376
376
375
387
375
375
380
387
380
375
386
375
376
377
376
383
376
381
376
387
383
376
386
384
382
375
377
390
379
375
376
380
383
384
376
375
378
446
549
379
376
383
381
381
381
377
381
384
387
380
380
376
382
383
452
376
375
393
376
388
376
379
381
376
375
383
387
376
379
375
376
381
375
375
385
429
376
381
389
375
375
376
378
378
382
376
375
376
386
382
376
386
379
377
376
378
381
375
380
385
377
376
382
383
382
382
376
375
384
380
380
417
381
376
380
375
379
383
383
376
377
676
376
429
381
375
376
376
383
376
380
376
375
375
454
386
379
384
380
379
375
380
375
607
380
382
375
379
378
376
376
377
375
376
376
376
382
383
376
375
383
376
376
376
381
381
383
375
375
385
376
376
383
754
380
381
439
382
383
376
386
379
376
380
380
375
379
383
376
383
376
379
384
460
383
385
375
388
393
375
377
376
376
375
375
388
375
375
375
429
375
375
380
377
383
375
382
376
470
382
376
386
376
383
381
420
380
376
386
376
380
375
375
382
376
381
376
379
445
376
383
376
382
426
375
380
389
383
393
381
386
382
425
377
383
385
375
376
442
447
379
377
376
433
384
376
375
426
380
381
379
419
376
387
382
399
375
382
375
375
376
375
380
392
381
375
382
386
382
379
376
382
387
375
382
376
390
376
376
376
383
382
386
382
381
382
426
383
382
380
375
391
389
382
380
375
375
375
376
375
375
376
379
394
383
383
380
398
375
376
377
377
375
381
442
376
384
376
383
379
379
420
386
430
377
380
375
390
383
386
433
380
376
381
386
375
376
376
379
383
379
387
383
384
384
377
379
379
379
379
382
380
375
376
377
375
375
518
382
380
824
375
375
375
383
381
376
375
381
377
381
376
381
376
381
376
379
382
375
382
375
375
380
383
382
377
376
376
375
376
383
375
387
383
383
369
386
380
376
376
375
375
379
382
385
382
381
460
383
377
376
386
594
409
380
375
382
376
399
376
379
392
419
421
375
375
375
378
417
381
382
403
375
376
376
383
393
474
375
391
382
381
377
383
385
376
378
428
375
376
375
387
380
376
377
421
382
377
375
375
387
382
396
376
375
440
383
381
376
387
421
383
382
375
382
388
379
387
447
429
382
375
376
375
376
375
432
430
376
376
427
382
375
380
382
375
375
380
375
375
385
375
381
376
375
382
385
379
379
381
397
390
375
375
376
379
382
430
375
376
393
381
375
375
379
376
376
393
375
382
422
376
387
385
375
376
421
384
381
441
382
375
382
375
382
376
381
376
376
379
430
375
379
375
428
376
376
422
376
376
383
377
384
376
380
385
380
387
384
425
422
379
377
390
383
376
375
376
376
380
383
375
376
432
376
378
382
376
375
385
379
383
376
385
383
376
858
376
379
387
1065
375
442
382
380
433
866
392
382
430
381
375
391
389
422
381
384
376
375
375
375
386
382
381
376
386
382
383
375
386
376
420
430
391
379
380
376
382
451
418
380
381
375
383
380
382
385
375
383
376
382
378
375
391
385
376
433
380
381
382
457
393
376
379
375
387
387
380
384
375
377
376
381
449
376
376
376
375
376
390
380
379
376
381
381
418
375
376
376
375
375
376
376
380
381
375
414
381
377
375
376
382
375
422
376
387
377
375
386
382
375
377
375
375
376
381
375
378
426
380
376
376
376
383
376
383
416
388
423
388
499
441
376
381
383
379
382
376
380
421
375
385
376
376
392
397
379
380
384
376
383
382
376
368
376
375
376
368
383
386
383
384
368
377
382
376
378
382
376
375
379
376
424
375
376
376
430
381
376
396
383
381
550
382
377
393
376
375
375
1108
386
375
381
385
379
375
382
377
381
375
375
381
380
379
375
397
382
378
384
382
382
375
416
428
375
382
381
379
382
375
375
375
377
375
376
376
375
376
385
432
380
426
375
377
375
375
375
386
534
380
380
376
382
376
384
392
376
375
381
383
375
377
384
382
383
434
380
379
379
385
576
379
428
386
417
382
376
376
383
380
386
389
380
382
400
376
376
376
376
376
414
376
422
376
375
375
382
375
376
376
383
391
382
387
381
390
376
380
380
381
385
376
379
376
375
380
376
386
376
376
382
379
376
384
382
391
377
383
382
383
375
459
383
376
590
393
382
376
375
411
384
376
383
376
376
375
384
394
376
377
375
393
382
398
381
378
441
375
376
425
382
375
382
375
393
386
376
375
383
382
376
380
375
389
450
375
425
377
379
376
375
382
375
375
381
375
379
383
382
388
377
441
444
389
379
375
378
496
384
375
380
379
380
376
382
376
380
393
381
376
377
377
387
466
432
382
380
376
379
426
379
375
375
427
450
375
375
378
379
380
384
376
386
431
376
383
383
381
375
385
382
375
375
440
470
376
375
375
388
378
386
382
581
376
375
380
382
375
383
382
379
925
402
383
375
1101
386
379
420
375
383
376
377
377
382
436
375
383
376
429
379
379
375
392
383
380
376
376
381
375
377
375
383
377
388
376
383
375
382
379
390
1064
382
384
415
376
375
376
376
382
379
379
383
375
383
389
953
380
375
376
389
428
383
376
384
375
424
376
380
375
379
375
380
382
385
388
379
375
376
376
423
388
376
425
378
377
384
382
384
376
382
379
379
484
376
379
375
375
428
381
375
380
382
375
375
429
382
375
387
376
387
432
376
375
375
379
376
368
376
380
385
375
379
382
376
381
375
461
432
368
379
382
375
376
395
381
375
377
375
388
376
375
376
375
375
383
379
375
379
428
380
375
379
383
381
375
376
376
394
375
376
385
395
390
391
376
379
382
387
375
383
383
376
376
375
1120
377
376
377
376
376
383
376
375
375
376
383
383
376
381
375
381
379
380
441
380
852
382
382
433
379
375
376
1135
423
419
404
379
375
375
382
383
436
376
368
379
382
376
382
376
383
381
383
384
376
375
379
386
375
376
427
376
382
384
381
377
429
379
379
376
380
426
425
379
375
425
389
376
381
381
387
375
1113
381
386
429
381
380
854
382
376
380
375
375
376
380
376
384
382
380
375
393
380
383
375
376
382
376
383
395
376
441
375
375
376
431
375
375
396
434
375
375
380
380
403
375
379
376
381
381
376
385
379
386
463
377
381
376
376
381
453
391
427
380
385
391
379
376
379
376
382
379
380
387
375
375
375
375
376
404
380
376
376
375
376
379
376
376
375
375
381
424
386
381
383
414
375
382
375
375
382
377
377
376
376
376
384
376
375
386
380
379
384
376
384
380
382
381
380
382
382
386
375
395
380
377
1061
375
380
375
376
383
377
421
376
381
375
376
381
467
471
379
382
382
376
375
376
376
386
377
378
381
383
383
382
415
382
385
386
382
380
396
386
374
380
376
376
382
375
385
381
380
384
380
378
430
432
1003
382
384
393
1036
389
380
382
1106
377
376
376
381
376
384
380
1145
382
376
379
376
384
382
375
382
376
375
636
386
375
380
376
385
387
375
376
387
380
383
376
375
376
375
382
377
1063
377
376
376
442
376
382
422
382
376
376
383
375
384
375
376
369
375
382
386
376
424
376
375
376
384
426
385
380
379
375
375
385
375
383
376
376
379
382
383
381
382
377
431
403
376
376
379
383
425
375
376
379
382
429
383
376
381
380
381
380
376
380
376
447
375
375
379
376
382
378
381
377
375
377
375
430
384
380
376
379
375
385
376
376
424
483
382
382
380
376
376
386
380
385
386
375
382
424
381
382
386
375
379
383
376
378
375
385
379
376
382
375
376
382
375
375
375
375
376
376
381
376
387
375
378
382
376
375
376
375
376
382
377
375
376
379
377
375
381
375
375
375
375
382
375
376
376
377
420
376
375
380
375
376
384
421
376
376
375
375
376
385
424
377
380
993
376
376
376
375
456
380
380
375
430
375
415
382
375
383
382
375
423
375
375
382
379
379
379
379
474
383
375
377
377
376
429
376
376
382
376
379
376
376
376
379
383
375
381
375
376
381
377
380
382
380
382
376
375
375
384
387
376
382
387
383
415
425
385
375
375
381
386
385
412
382
474
382
419
375
383
429
393
375
386
383
381
383
375
384
381
379
430
382
387
376
384
382
380
413
376
380
382
375
375
375
375
377
383
381
377
375
383
380
382
381
418
376
375
379
375
458
376
376
376
377
377
379
375
380
376
386
375
375
391
636
379
375
386
376
376
379
376
382
377
382
375
966
379
376
376
435
385
379
376
414
421
421
383
379
383
377
428
385
381
376
381
386
381
375
874
376
376
375
387
383
376
375
388
380
376
385
377
390
389
383
379
380
376
412
376
376
376
381
377
379
385
389
384
1084
376
379
376
381
382
394
375
375
411
375
380
382
376
375
376
379
376
375
376
382
386
376
380
385
375
375
953
376
382
380
451
382
375
383
375
434
382
375
377
384
376
425
375
379
376
382
393
377
375
375
383
379
386
390
379
376
385
379
376
375
375
379
379
376
376
378
376
385
376
376
382
369
376
376
383
397
375
382
381
375
375
381
380
376
380
382
385
421
375
376
382
383
375
387
388
379
378
383
379
379
377
432
379
375
383
377
383
382
376
376
383
385
383
383
375
387
376
375
375
377
375
376
376
379
379
376
426
383
426
376
755
413
381
375
376
377
376
376
380
379
376
380
871
375
375
382
388
383
380
384
375
376
382
375
376
375
378
378
459
376
382
379
376
369
379
383
386
424
382
452
394
379
376
376
392
375
375
376
376
381
376
432
422
379
377
377
381
381
382
381
377
379
375
382
380
381
375
380
381
381
376
379
379
375
375
391
381
375
425
376
379
375
376
375
378
382
375
380
376
376
372
383
377
435
383
375
387
376
383
380
382
382
375
387
375
379
393
454
375
375
388
380
426
375
375
383
387
375
375
390
389
376
382
385
386
391
375
381
517
380
375
376
375
376
376
376
379
388
382
381
375
375
381
376
379
380
428
375
379
382
381
375
377
376
375
445
383
382
386
380
376
376
375
376
375
382
380
382
376
375
375
377
376
467
382
375
376
385
383
375
378
376
376
375
378
376
383
380
385
375
375
415
376
376
381
376
380
419
379
382
375
377
380
380
384
376
376
379
376
376
632
375
384
380
377
375
375
379
392
381
380
383
375
376
375
376
383
375
771
386
394
382
376
376
376
379
376
375
382
382
385
379
377
432
432
381
375
376
385
397
376
386
377
379
375
381
378
382
376
380
375
383
375
370
375
377
376
394
386
376
375
398
375
377
429
382
375
375
376
458
385
377
409
375
382
376
391
386
378
427
383
375
383
447
419
386
381
375
375
402
383
376
382
382
379
388
382
375
380
376
381
380
376
375
375
381
376
368
383
376
376
380
383
382
375
1086
385
382
379
378
427
384
375
375
383
381
382
384
383
376
379
376
381
389
381
382
387
379
376
375
382
384
382
377
376
375
390
382
429
381
428
376
381
382
379
381
1094
394
380
433
421
426
379
379
375
386
376
382
385
383
376
376
375
383
376
396
375
388
379
375
388
380
375
402
375
369
375
376
380
385
377
428
379
375
385
376
375
376
419
376
382
382
375
375
375
375
377
379
662
376
375
376
383
381
382
426
387
452
382
381
376
383
380
385
379
379
376
376
375
377
376
376
376
380
386
380
375
382
376
376
382
376
377
382
383
383
392
381
428
380
386
382
375
378
380
386
384
379
375
433
380
383
376
608
379
379
392
381
375
379
438
381
379
376
385
380
383
381
387
388
380
422
426
379
380
376
375
386
377
375
377
375
381
374
380
380
376
376
386
376
375
375
375
381
375
379
376
379
391
390
383
380
384
383
383
396
385
375
429
376
382
379
380
376
380
376
375
429
376
375
380
375
380
380
377
380
377
427
376
376
379
376
376
380
380
378
1077
385
378
375
930
375
378
448
379
379
383
375
974
375
380
1096
383
382
378
376
382
383
375
377
376
376
379
385
389
375
375
376
379
377
375
375
375
386
376
424
376
375
382
382
380
379
388
440
381
375
379
383
376
383
376
379
423
376
382
375
375
379
377
377
375
382
430
417
382
385
381
375
375
376
381
383
439
444
381
375
386
375
381
376
375
376
382
379
383
379
427
377
377
375
376
382
377
377
383
382
385
378
380
380
375
426
383
377
417
379
376
382
380
379
376
376
379
375
376
376
380
376
376
381
388
376
423
375
377
425
379
376
375
381
376
385
424
389
407
376
382
375
376
375
383
382
375
375
375
382
378
376
379
382
387
377
380
379
441
429
390
376
381
384
375
379
379
375
381
375
376
377
379
376
431
381
379
380
748
388
375
375
382
376
382
447
377
380
376
380
375
417
423
380
394
380
381
384
379
456
376
376
376
419
424
375
376
375
375
386
383
376
380
382
381
386
379
376
375
381
382
429
409
386
383
381
376
376
375
383
383
376
380
386
389
379
376
376
375
382
394
377
375
384
376
391
379
427
376
375
375
432
377
376
382
375
380
380
381
376
427
375
383
376
385
379
376
376
391
379
376
376
378
380
376
377
382
379
375
422
377
376
550
376
381
380
381
377
379
376
379
413
375
386
375
381
376
375
375
379
375
382
383
382
376
376
380
376
440
383
383
375
377
460
375
384
386
379
375
376
376
375
382
392
383
375
377
384
383
401
375
382
379
388
386
385
376
376
385
376
382
382
376
377
375
381
380
383
376
428
383
376
376
381
375
379
437
382
382
376
379
387
377
377
376
379
389
380
379
379
375
385
376
377
376
376
376
423
382
376
380
379
376
377
383
376
376
375
383
383
379
375
382
379
381
381
375
375
375
398
389
380
383
376
375
382
376
393
376
379
375
375
376
382
416
414
381
384
375
380
431
375
375
375
375
379
375
385
439
382
377
382
380
375
376
378
376
381
382
380
381
947
382
382
689
385
379
382
375
376
376
380
377
376
376
382
376
379
376
382
376
376
382
378
375
376
376
383
475
427
383
375
376
381
376
376
383
382
375
381
375
382
384
375
376
382
376
381
375
380
376
436
376
386
427
375
382
385
386
376
376
385
375
375
384
385
393
379
384
390
380
375
385
375
388
380
428
376
375
398
380
380
380
376
376
379
380
426
376
378
383
375
432
379
377
383
379
383
376
423
382
383
375
376
376
376
790
376
386
384
375
377
426
375
379
376
383
375
377
377
386
375
379
384
385
406
375
382
413
428
381
376
379
380
870
375
376
376
383
381
385
375
383
381
376
387
420
381
383
411
383
380
376
385
384
379
384
382
378
375
379
459
376
368
393
376
379
375
376
380
382
383
376
376
382
376
376
425
382
384
384
415
383
376
423
379
376
381
423
376
423
375
381
375
382
376
380
379
376
389
376
379
413
485
375
380
375
381
375
383
388
379
381
376
390
375
1098
383
376
375
379
374
376
405
1098
377
382
428
433
381
377
381
378
375
539
399
380
379
376
379
378
1029
382
378
379
380
376
383
375
430
380
478
375
395
375
382
377
378
394
382
375
379
428
379
408
387
379
380
383
375
376
379
375
383
375
382
375
376
380
375
882
377
384
387
384
381
387
388
376
386
432
654
381
375
389
382
379
376
380
381
375
381
377
384
385
425
384
383
376
375
376
376
375
382
375
375
375
379
376
392
378
379
390
387
377
382
377
380
380
379
384
377
377
376
383
393
377
380
375
375
379
375
383
382
399
380
386
1117
376
386
382
379
375
377
376
376
379
376
384
383
381
382
397
377
450
377
382
375
376
375
375
376
379
375
379
380
386
424
813
384
380
375
376
375
377
374
426
376
375
375
384
382
375
376
379
385
375
379
377
391
380
424
386
376
380
381
385
377
375
382
376
380
382
375
376
382
379
375
376
384
395
377
375
375
384
377
382
376
381
380
388
376
383
375
380
380
375
376
375
376
384
369
376
385
376
376
382
379
383
379
375
384
377
379
375
383
376
379
378
376
376
376
376
376
376
381
395
376
376
375
379
375
380
375
382
376
381
417
375
379
412
375
375
376
381
428
383
379
376
377
381
375
375
376
388
393
376
376
375
381
380
379
376
377
376
375
381
381
376
379
376
388
375
379
418
369
376
375
379
374
380
375
376
398
376
382
379
384
429
381
382
375
376
375
375
376
396
377
376
375
376
375
388
382
400
375
376
404
382
379
377
382
382
376
439
375
376
385
427
443
375
381
389
375
380
712
413
375
379
377
385
377
380
385
375
376
382
376
383
376
376
376
378
375
426
375
376
379
393
424
428
384
376
421
376
381
421
430
379
381
381
445
383
376
394
376
377
385
377
375
383
425
375
375
382
426
382
380
383
375
375
402
377
376
375
375
382
387
375
429
386
397
453
375
379
380
382
888
379
380
376
375
433
381
383
382
637
375
386
399
375
377
375
375
368
379
386
379
427
369
382
384
382
376
381
383
382
383
383
382
431
391
377
380
384
379
375
376
377
387
382
376
375
375
376
382
390
381
376
462
391
376
376
380
379
379
392
376
379
428
377
1110
376
375
375
383
377
419
376
383
386
381
427
375
384
379
382
384
376
376
381
382
376
376
375
375
379
384
384
378
424
376
375
376
469
432
375
382
375
376
383
381
375
376
383
375
376
383
377
375
387
387
380
375
384
382
380
377
375
443
377
384
376
379
376
376
383
382
375
381
380
381
376
387
376
382
390
382
382
381
375
425
379
376
855
383
380
383
377
382
430
376
383
383
378
386
446
373
382
376
375
377
474
382
375
375
379
375
376
384
375
425
369
375
375
379
376
381
382
384
376
383
862
383
379
380
376
368
376
382
376
383
376
375
391
375
380
388
378
382
420
376
387
428
383
377
382
375
428
375
375
387
395
438
376
375
376
377
375
382
375
379
375
375
382
383
384
384
384
379
415
375
391
376
401
375
377
391
434
383
385
375
380
438
379
376
382
378
376
390
386
376
386
379
380
377
487
384
385
390
384
375
430
377
377
462
384
375
375
381
375
375
383
438
430
383
376
376
375
376
383
380
386
376
375
376
375
383
375
376
396
383
375
376
423
427
409
376
376
376
385
387
377
386
368
375
376
389
376
379
382
460
381
425
379
386
376
446
381
379
383
383
383
376
426
381
385
383
375
375
420
381
377
383
380
379
376
382
426
614
381
382
380
376
379
378
380
380
382
376
426
409
377
375
377
376
381
439
379
379
377
375
379
375
380
376
382
376
395
381
376
376
385
380
386
376
376
384
376
379
382
381
375
427
382
390
382
377
380
375
395
650
376
376
446
384
390
375
381
381
380
376
379
378
376
383
378
430
387
376
375
380
377
382
384
391
375
375
444
377
376
380
376
383
433
375
391
376
383
380
376
382
379
376
458
382
384
376
375
376
380
391
375
381
385
376
375
376
383
383
376
382
376
440
380
381
380
388
375
390
375
382
383
379
382
375
376
380
384
376
384
429
421
378
381
375
381
375
383
382
377
394
382
404
376
376
380
381
381
376
382
376
390
378
382
376
386
382
376
375
375
379
413
380
430
383
377
416
375
375
447
387
379
375
375
380
382
375
383
385
695
764
379
430
376
376
492
382
376
376
382
380
375
377
485
379
377
375
380
376
375
375
382
380
375
376
382
381
375
380
382
386
385
380
376
386
382
379
375
382
383
375
377
383
377
387
375
428
383
375
376
376
428
375
377
376
386
379
447
383
402
418
381
375
379
390
1098
382
375
375
735
385
384
380
426
420
375
376
375
375
421
381
380
383
382
375
387
375
381
387
376
382
376
375
375
379
386
433
379
735
379
379
386
378
376
381
379
376
375
414
376
379
376
448
379
377
379
423
375
376
382
393
380
375
400
427
386
375
382
381
376
381
379
384
383
375
377
375
381
451
377
386
381
375
380
383
376
380
381
375
382
1099
637
381
375
376
379
382
427
375
382
380
382
376
376
376
375
375
375
376
375
375
415
380
376
376
381
376
521
379
388
382
388
377
387
387
376
378
383
379
378
381
376
383
382
375
385
382
383
385
375
375
419
386
385
376
382
387
382
382
375
376
383
380
380
376
375
395
381
382
378
380
381
381
389
386
379
386
382
386
381
375
376
382
376
376
376
380
377
605
375
375
376
429
383
380
381
382
381
376
375
397
382
377
376
376
425
376
385
375
377
375
380
379
383
376
432
375
376
376
421
378
380
376
380
381
382
377
379
382
376
387
375
376
376
376
384
382
393
392
375
385
376
380
448
379
375
375
376
383
384
382
385
376
380
375
375
376
376
378
375
383
383
375
380
376
384
375
375
377
382
382
376
398
376
424
380
375
375
375
379
376
434
376
382
381
375
376
376
376
375
384
904
426
375
387
376
382
414
438
380
381
369
376
375
398
382
429
383
375
791
375
380
382
841
393
382
382
395
379
381
386
375
376
382
375
375
381
385
379
376
375
376
380
376
385
376
383
375
387
375
376
381
376
376
382
382
376
376
376
375
447
430
375
378
382
381
376
393
385
376
381
382
375
381
385
368
375
386
382
375
375
385
378
382
380
379
387
376
375
375
376
379
375
375
426
384
376
381
392
377
438
392
376
376
379
376
376
376
383
387
382
375
466
381
380
375
379
381
430
375
383
369
392
380
375
375
382
375
375
381
380
375
375
382
375
382
376
377
377
377
381
419
383
379
376
380
396
384
381
399
376
428
375
383
376
375
383
375
378
379
375
379
383
377
369
376
379
377
381
379
376
383
375
469
382
434
382
390
383
382
380
375
375
378
376
386
559
375
382
376
378
383
386
375
382
375
385
388
567
379
381
377
375
388
375
382
387
375
376
375
377
383
382
379
392
379
383
381
375
429
386
381
379
379
377
375
384
381
375
392
388
380
386
382
378
395
375
379
429
428
429
375
375
387
379
379
376
376
376
377
376
379
377
382
382
389
380
375
375
369
420
376
386
376
376
382
983
383
383
375
376
383
466
375
375
430
375
385
380
385
387
383
382
375
380
375
451
384
381
375
384
376
385
382
379
385
383
376
375
381
379
376
376
376
379
382
386
382
467
376
449
385
379
377
375
381
376
381
376
375
382
377
379
382
385
422
383
376
380
1096
380
382
383
380
386
386
376
375
431
382
375
383
386
375
383
381
379
375
376
437
419
382
382
379
429
375
376
981
381
389
376
428
387
376
377
380
400
428
382
383
381
379
381
393
382
383
379
376
375
377
387
376
386
376
383
375
375
385
382
440
377
382
376
376
381
375
376
381
382
377
375
388
381
370
385
379
375
375
377
377
388
385
381
382
376
393
377
375
430
380
376
392
386
375
375
381
387
420
375
383
375
375
383
375
386
375
383
376
375
377
1120
383
380
382
392
377
386
388
379
375
379
375
427
383
376
382
433
375
381
376
375
476
482
376
389
383
379
380
378
379
377
376
381
379
376
376
433
381
389
381
383
383
381
375
382
376
376
375
376
386
384
426
382
384
375
376
382
376
380
381
377
376
375
380
375
386
375
383
383
375
376
377
376
409
412
386
376
383
383
381
420
382
375
386
377
379
1153
375
379
376
375
380
382
381
390
380
378
400
381
381
380
386
377
380
426
380
381
381
382
376
382
383
378
393
379
379
452
376
383
375
415
375
723
378
387
1080
384
375
382
391
375
382
381
383
386
429
376
375
375
376
375
376
388
375
375
426
381
376
375
375
375
429
384
381
381
381
381
381
375
383
380
385
375
387
932
375
386
375
380
392
441
380
382
381
383
376
379
426
382
381
376
375
375
375
380
382
375
382
382
378
376
384
377
380
381
375
375
397
375
376
378
377
376
379
375
375
376
381
383
428
375
381
381
382
376
376
381
376
377
380
377
389
380
377
423
380
388
394
393
381
375
387
384
427
430
376
380
383
375
381
381
383
375
379
381
384
377
379
427
382
376
396
375
380
377
381
383
375
405
404
375
405
383
379
381
375
383
380
439
375
386
381
382
416
381
383
432
436
376
388
380
375
382
379
376
377
376
428
376
375
381
376
382
375
379
377
376
375
378
423
376
375
379
384
376
383
376
375
381
382
388
379
379
793
383
379
382
380
379
376
380
382
386
384
382
375
375
376
423
426
384
440
381
375
375
376
376
382
377
383
386
376
388
433
392
379
375
375
379
427
376
384
377
377
375
376
386
380
375
379
383
376
375
375
383
375
376
375
459
379
423
375
402
376
375
381
384
376
376
377
375
375
378
394
377
376
377
375
377
384
379
379
388
379
388
385
377
420
385
385
390
375
376
385
419
375
375
383
381
377
392
491
375
376
393
378
376
376
379
376
387
435
375
374
384
375
376
375
375
386
383
380
431
376
375
379
381
382
380
375
383
383
1094
850
376
380
383
382
378
379
375
376
381
381
376
1114
379
386
379
375
382
382
380
382
432
377
375
382
375
1091
390
382
376
376
387
375
451
379
376
375
382
376
441
426
376
384
378
381
382
376
380
375
390
370
385
376
382
385
381
378
376
376
375
376
379
380
376
375
380
441
380
381
381
380
383
375
375
375
382
382
380
376
386
415
376
386
375
632
376
379
382
390
375
375
381
382
386
379
376
993
376
384
375
379
421
376
375
375
375
375
383
375
375
381
434
378
376
379
380
377
375
376
383
376
376
379
380
381
381
380
385
377
504
425
376
394
383
388
422
382
379
379
432
379
379
382
382
379
382
395
380
376
377
375
379
429
383
375
375
375
376
382
381
387
376
375
375
375
380
369
381
384
380
381
384
375
384
383
424
376
375
383
427
390
419
429
379
427
394
382
429
381
376
375
376
384
384
375
375
383
375
393
375
382
380
376
386
380
368
586
430
375
380
427
392
376
377
376
376
375
375
382
375
376
385
376
380
382
375
380
429
376
376
385
379
375
375
382
375
376
386
375
382
382
376
375
375
385
380
379
448
385
377
378
375
375
376
383
376
376
382
376
375
387
382
376
385
384
377
379
375
376
380
482
370
376
377
386
375
380
368
380
383
381
431
381
375
377
379
377
383
429
382
375
388
388
375
383
429
383
375
376
377
376
380
382
381
375
382
375
388
380
379
375
379
376
382
380
380
376
383
379
376
382
380
375
377
381
375
380
376
379
375
384
368
381
382
380
379
376
382
382
429
375
381
382
381
382
426
380
376
386
382
382
375
376
379
385
375
376
375
383
384
422
375
376
375
517
380
388
379
377
376
383
383
375
375
383
376
375
375
412
380
376
376
369
383
381
375
383
375
428
375
381
403
380
377
372
383
430
376
384
389
381
375
379
376
376
377
386
379
375
380
375
375
382
382
376
383
383
375
379
433
382
392
390
381
377
375
376
376
1091
431
427
425
383
375
375
375
377
375
376
393
379
383
375
376
376
379
376
375
381
462
383
383
1121
380
376
396
375
382
394
375
375
375
376
375
383
376
382
382
381
403
380
438
388
379
481
382
433
384
389
376
382
379
379
377
375
387
644
385
387
384
387
446
381
414
376
383
612
383
432
382
383
375
379
378
377
383
376
421
375
376
381
377
443
379
376
380
384
425
375
376
376
381
375
375
376
379
382
380
380
389
378
386
377
381
375
380
376
376
377
377
385
381
380
682
375
376
396
383
379
376
379
375
394
383
380
381
387
375
383
382
382
375
376
376
381
378
376
375
383
425
382
386
376
375
433
375
428
426
380
380
382
376
386
411
646
437
379
380
375
383
376
376
376
385
375
380
386
384
383
381
376
375
379
381
385
430
383
376
377
379
382
385
386
442
376
429
383
385
376
427
382
376
376
382
377
382
381
381
386
386
466
376
434
376
376
425
376
383
376
427
383
383
379
387
375
376
428
375
440
383
388
375
376
384
376
382
382
376
375
404
382
390
1098
400
382
379
376
382
376
380
384
392
375
452
376
383
376
386
376
382
394
376
381
380
377
375
384
382
377
418
382
380
376
375
375
375
377
376
376
380
396
382
375
376
383
422
426
411
376
377
428
382
376
379
386
694
375
375
380
380
386
383
375
1119
375
376
654
375
375
384
375
376
375
376
379
383
389
382
772
382
376
425
379
383
375
383
375
375
376
382
376
376
387
422
380
388
384
375
382
386
382
378
378
382
378
375
376
381
379
382
382
380
380
400
380
376
392
376
383
375
379
375
376
379
375
381
380
380
386
385
383
375
377
383
376
375
375
377
376
375
393
376
426
375
380
376
375
376
380
375
385
385
376
375
376
383
375
386
376
396
375
393
383
383
386
376
376
376
376
386
509
376
465
383
377
383
425
376
380
380
375
382
378
376
378
380
376
376
379
375
376
382
379
375
416
392
676
379
384
383
383
379
376
383
375
375
376
382
377
379
380
384
375
379
380
384
379
382
380
385
377
381
379
376
375
376
424
376
431
380
376
383
376
384
426
380
383
380
428
380
376
379
385
382
376
381
386
381
382
375
375
389
382
377
376
424
379
382
381
381
375
375
376
381
403
375
431
381
377
379
375
376
381
377
385
384
375
376
385
377
380
399
434
375
383
380
383
379
383
426
378
377
382
384
382
383
381
375
465
381
385
381
391
376
376
379
375
381
375
384
375
383
430
376
375
382
376
375
381
375
381
376
376
382
376
383
381
380
382
382
379
375
384
383
382
380
377
375
379
381
382
376
376
376
385
384
379
382
415
387
402
375
389
387
383
375
381
1021
382
422
1117
382
381
385
381
380
380
376
426
429
369
376
376
375
376
376
377
379
383
375
389
375
382
379
381
380
382
375
383
376
376
381
381
380
386
376
385
376
382
384
382
412
375
1121
380
386
382
382
382
383
382
376
376
379
425
376
375
383
383
581
376
375
375
424
382
376
375
381
379
382
435
383
383
381
379
394
376
375
375
375
379
382
376
379
381
375
385
381
375
376
1157
1072
375
379
376
384
376
376
380
375
430
376
382
382
375
382
376
379
375
375
376
375
422
375
382
377
383
376
376
376
376
906
386
383
384
376
382
381
381
385
376
392
375
382
382
382
385
376
380
375
382
383
375
375
382
390
424
379
391
392
376
375
375
377
383
383
380
382
382
376
377
376
1027
389
386
381
376
376
472
454
384
383
383
379
381
385
381
376
372
376
376
376
385
382
379
380
376
437
447
377
387
382
382
384
375
383
375
376
424
375
379
375
380
426
375
376
382
376
377
375
383
375
381
376
379
379
375
375
375
376
383
393
382
382
377
376
382
383
375
403
375
438
382
379
383
376
379
388
382
383
434
382
376
375
376
378
380
424
379
375
382
430
382
376
379
380
379
376
380
386
376
385
375
389
383
376
378
382
383
384
375
382
386
387
375
376
377
376
375
386
383
376
376
936
377
376
377
385
376
382
375
376
382
375
382
423
382
378
381
381
384
376
376
385
376
377
434
376
432
379
383
376
375
379
384
391
383
376
381
380
381
375
389
384
376
376
379
374
379
383
384
380
376
375
375
375
375
375
410
558
375
377
381
536
376
386
379
382
379
376
382
382
386
375
382
382
375
377
381
386
394
382
377
430
382
387
375
375
381
380
434
376
375
379
375
426
381
375
376
376
382
375
382
377
382
376
382
377
375
385
401
375
376
433
383
375
375
385
375
376
377
376
376
375
378
384
375
379
375
1100
379
382
375
408
376
379
375
381
376
381
375
380
376
376
385
375
385
382
376
375
384
382
383
375
375
375
376
382
375
376
375
375
416
379
379
375
434
375
375
375
376
388
380
431
378
375
375
381
384
416
393
376
381
383
375
375
383
382
383
375
377
375
383
379
375
375
383
375
376
379
428
375
382
375
402
1141
422
375
380
385
379
382
385
383
374
382
384
386
379
375
377
379
375
433
383
382
380
386
376
386
379
376
376
375
428
380
375
375
376
635
376
431
380
619
376
386
381
378
382
376
380
376
383
376
384
383
386
375
636
376
376
379
375
381
376
375
401
375
377
516
376
428
419
384
375
394
384
376
386
382
381
376
383
375
375
387
376
383
382
375
379
377
378
376
376
375
382
376
379
376
376
375
376
380
382
383
377
383
382
379
382
376
383
376
383
379
375
376
375
375
377
375
377
375
382
377
391
378
376
376
385
375
376
379
376
436
376
429
379
427
376
375
375
375
376
382
381
380
376
375
382
389
379
379
382
418
383
420
380
396
378
376
375
375
382
432
379
381
380
376
405
379
384
376
379
376
380
375
382
379
459
383
378
382
376
380
380
428
376
386
379
376
376
379
378
376
375
375
375
381
375
386
375
388
377
477
379
377
375
375
399
379
389
379
380
387
377
380
375
383
382
381
378
376
427
421
376
391
375
391
386
379
426
376
376
388
423
387
375
376
375
368
376
383
383
395
375
855
377
382
382
375
377
381
376
375
425
383
375
441
383
390
379
375
380
381
379
376
435
376
436
383
375
381
375
375
375
401
398
375
421
396
392
380
394
375
380
376
382
376
379
376
379
500
383
375
384
380
373
380
380
378
376
383
382
395
423
376
376
468
376
375
384
452
376
1025
379
379
375
378
381
376
382
382
379
375
379
376
375
376
385
379
376
381
427
376
376
400
381
384
376
381
375
615
431
375
375
382
382
375
376
376
375
379
379
386
384
375
428
385
382
380
376
376
375
382
384
377
383
382
376
384
387
383
375
377
377
381
376
376
379
381
376
380
382
376
380
430
424
382
368
375
427
384
1015
376
430
386
381
375
859
384
426
376
1101
379
385
434
426
376
376
426
382
380
375
396
377
376
375
439
381
376
385
375
375
381
376
380
375
387
380
375
376
379
444
375
387
382
376
379
382
389
377
383
375
375
379
381
382
376
430
380
386
377
379
375
376
445
386
386
375
385
422
376
383
379
381
375
375
425
393
384
377
376
383
383
416
376
382
376
490
383
398
379
383
379
379
433
375
376
452
375
382
375
381
382
381
376
379
377
376
381
383
375
382
380
376
432
385
381
383
386
898
383
375
430
379
383
379
430
375
375
375
395
679
376
378
376
379
377
382
382
382
381
383
988
396
382
379
381
497
423
375
376
431
375
381
382
389
379
380
378
390
381
387
418
385
376
379
383
384
382
379
375
376
385
381
448
375
376
382
379
382
379
376
382
381
375
375
382
375
376
375
376
385
382
380
375
376
382
419
376
375
376
394
380
382
379
375
375
386
375
376
386
377
381
375
386
430
437
380
375
381
381
382
384
382
376
386
386
375
382
433
382
458
376
376
394
1051
376
376
380
380
388
386
376
376
385
377
379
382
385
493
395
381
375
414
382
379
492
383
375
379
460
393
379
385
380
375
380
376
377
423
422
376
383
391
399
376
375
381
381
383
376
379
380
382
376
386
376
380
408
383
424
376
380
393
391
379
383
376
379
376
375
433
375
383
379
382
381
376
375
379
382
375
375
376
400
375
375
383
383
376
382
425
379
418
380
374
376
380
383
382
382
375
381
376
376
633
390
381
380
379
377
379
384
380
438
382
380
387
391
382
428
376
380
381
380
379
379
383
376
375
377
771
376
377
382
375
375
380
379
375
382
376
384
379
376
382
380
386
375
379
390
382
379
379
382
379
375
383
376
376
374
376
375
376
383
376
376
375
383
387
377
381
378
432
383
375
380
376
379
376
376
377
377
380
376
416
384
376
376
384
377
643
375
428
382
381
381
375
384
440
410
375
383
382
375
375
395
376
397
376
375
383
375
376
376
375
376
375
376
382
385
380
375
393
376
376
375
376
375
388
375
376
383
376
406
386
375
381
375
376
382
376
384
382
381
376
376
385
382
386
376
380
376
437
376
420
384
375
381
414
382
425
376
375
381
376
376
409
377
379
375
388
378
459
451
428
552
392
380
377
376
375
375
376
375
370
376
377
376
380
375
376
379
383
387
381
392
384
376
409
377
376
424
425
404
375
379
375
382
435
387
383
387
380
383
651
385
430
376
384
375
387
375
375
437
376
375
379
387
376
382
380
387
387
382
377
376
380
398
380
381
376
375
376
375
382
376
382
383
1072
380
375
590
381
382
382
377
376
377
401
382
376
375
380
378
377
376
379
396
379
383
382
376
383
381
427
375
382
376
376
379
384
376
386
380
382
375
383
379
378
376
376
375
376
375
385
375
383
375
375
383
382
389
380
386
382
381
375
375
378
375
376
422
376
381
375
381
375
379
384
385
380
736
382
382
381
443
375
376
376
380
375
381
376
375
383
440
382
547
389
377
375
379
381
446
375
375
380
376
381
375
390
376
376
386
386
382
383
383
376
381
416
375
392
376
375
391
377
383
379
385
381
380
384
383
379
382
430
378
378
414
376
375
379
383
375
390
375
375
376
380
383
932
382
380
383
375
376
380
376
384
383
382
419
385
382
431
376
426
378
376
377
386
381
375
376
375
379
379
375
377
379
382
385
379
383
378
382
375
375
376
375
383
375
375
427
380
381
385
376
376
391
382
381
381
375
376
381
375
383
380
376
375
375
381
376
379
376
379
376
376
383
386
375
376
385
386
379
376
376
375
376
375
376
383
426
376
375
375
394
445
375
379
383
381
376
383
381
375
386
376
375
848
383
376
376
381
380
383
375
382
383
379
390
375
375
375
375
378
383
382
376
379
376
376
375
382
382
422
376
381
382
382
376
387
388
376
382
381
380
416
376
376
381
394
375
376
387
457
386
375
381
376
386
384
381
376
379
379
375
375
380
379
424
375
420
375
387
375
379
378
376
376
380
383
380
375
377
384
376
378
377
376
378
382
426
375
441
379
376
383
377
384
383
375
385
375
993
375
376
379
375
380
383
376
375
382
394
423
377
385
385
613
376
425
375
382
376
375
380
375
382
425
379
377
383
386
381
384
387
387
379
380
388
376
392
375
388
376
382
390
375
383
379
376
378
377
375
424
376
375
383
381
380
387
381
383
375
429
375
375
379
375
380
437
384
379
383
383
382
377
376
395
375
428
383
376
379
375
375
383
379
381
391
425
375
381
384
381
399
379
386
376
375
376
382
377
382
418
383
377
382
381
412
382
376
382
377
376
386
384
376
428
382
375
375
381
386
376
375
385
384
378
382
377
376
375
375
376
376
382
376
486
379
383
383
376
383
380
421
379
379
384
375
376
378
376
376
379
380
375
376
382
382
375
383
379
383
375
376
377
375
376
376
376
375
382
376
392
375
385
376
376
375
373
376
376
375
376
1052
381
379
383
394
380
375
383
376
379
376
383
376
376
380
379
375
378
376
379
375
376
387
401
375
375
438
387
450
376
377
375
450
382
385
383
383
387
387
425
384
403
384
385
380
716
381
376
398
375
467
375
382
380
380
440
376
423
381
376
385
383
398
376
375
376
379
379
436
375
375
380
428
376
382
388
377
375
426
375
380
379
375
381
386
382
383
376
380
376
376
379
377
377
375
383
375
377
377
376
380
376
379
429
380
384
380
375
382
375
376
382
376
382
376
381
376
376
376
376
416
379
375
376
389
379
384
375
387
376
375
375
376
384
385
376
369
380
376
378
380
383
375
382
379
433
375
375
376
382
376
375
445
858
376
440
377
377
382
396
382
375
375
386
380
381
379
388
387
380
380
376
429
381
386
381
376
376
383
444
382
382
376
376
375
378
436
375
376
382
375
380
398
376
385
379
388
381
375
378
376
591
425
382
376
692
381
376
382
382
382
375
383
380
375
394
607
382
420
383
385
376
376
382
381
376
377
377
375
385
379
385
384
379
375
376
381
380
376
375
383
384
386
375
380
379
375
386
383
379
383
378
379
381
376
377
376
377
430
384
376
383
383
380
375
383
396
387
383
380
374
375
377
377
379
381
381
380
667
375
382
436
384
381
376
382
376
376
380
376
383
377
386
380
377
385
381
385
398
393
380
375
379
376
376
375
377
379
375
376
375
375
380
404
383
382
376
387
383
383
386
383
382
384
382
428
375
429
375
426
379
379
390
385
380
383
382
379
376
376
379
381
382
428
375
379
375
375
382
380
385
379
380
375
379
382
382
376
376
383
375
385
375
379
376
376
376
375
838
376
375
380
375
384
382
376
381
376
399
383
383
376
440
376
436
376
454
376
375
426
382
375
386
380
376
432
384
382
375
377
375
380
385
375
380
375
383
380
376
384
376
383
375
381
376
382
376
375
377
376
376
392
380
380
376
384
381
381
375
375
387
377
375
380
424
375
380
381
385
380
376
382
383
376
383
389
377
381
375
376
383
376
385
376
586
376
375
381
376
382
376
382
385
381
385
383
379
385
378
427
381
375
392
379
381
384
376
379
379
393
376
382
376
387
738
376
376
375
385
375
383
376
376
378
382
380
382
424
432
375
384
419
375
382
378
375
383
396
376
376
376
402
375
399
377
379
380
380
380
376
377
376
375
387
379
380
459
382
382
376
379
383
379
375
375
376
423
380
375
377
382
379
376
384
376
384
422
412
382
386
376
380
375
390
376
375
376
375
385
387
375
375
385
385
376
375
376
378
384
391
376
382
384
378
382
379
438
412
375
382
378
375
627
387
376
383
376
584
443
379
376
376
376
381
384
382
375
375
427
385
375
379
387
375
375
386
384
384
379
375
375
394
381
377
382
380
382
375
382
376
429
378
382
376
381
376
380
376
461
379
379
375
409
380
375
386
382
382
375
376
385
389
377
375
376
375
378
375
379
375
382
375
381
382
435
375
388
376
383
382
376
390
444
392
381
376
375
376
376
386
378
375
376
368
432
383
376
429
376
375
435
379
379
383
427
455
381
375
384
376
375
376
376
375
384
391
383
383
379
423
379
389
375
375
375
382
394
380
375
430
375
375
383
381
382
375
379
382
387
381
377
375
388
383
376
376
380
384
379
379
383
380
375
376
379
382
426
376
376
379
448
379
428
376
384
381
447
382
375
377
375
383
379
382
376
376
443
375
376
379
375
387
379
376
375
425
421
375
376
384
379
386
385
376
435
377
375
369
379
377
376
377
383
382
377
379
376
376
375
375
375
377
375
380
460
376
382
454
386
386
677
381
376
383
381
384
384
432
382
375
375
377
436
375
377
382
385
385
379
375
422
378
376
382
376
381
376
381
381
382
379
379
379
382
375
393
376
376
383
375
383
376
379
376
375
384
375
376
378
375
375
1100
375
375
394
379
382
380
376
379
380
382
422
375
382
1029
376
383
377
385
386
375
380
387
376
379
380
376
415
376
375
375
380
376
439
379
384
375
375
381
376
375
392
382
382
385
376
375
376
376
381
384
385
375
379
385
375
375
422
376
377
385
376
382
380
388
376
421
376
429
375
379
384
385
376
383
376
386
376
376
380
377
376
375
375
386
387
379
379
379
377
382
382
382
382
386
375
376
376
388
375
383
376
379
378
381
377
379
491
376
379
375
384
376
383
376
423
375
382
383
381
376
376
375
385
449
382
380
379
435
375
382
388
420
389
376
377
376
429
376
427
998
380
375
399
382
375
375
375
376
390
375
376
379
379
383
381
427
382
384
380
380
378
382
381
376
376
387
376
376
425
388
381
375
383
385
382
382
382
384
380
376
375
380
379
383
375
383
377
382
375
379
383
376
383
375
392
379
376
396
426
375
383
380
393
376
381
383
380
375
730
393
380
375
380
392
375
604
427
381
375
741
377
384
377
393
388
375
430
423
376
380
381
381
380
380
383
382
446
375
379
381
376
375
380
425
381
380
380
383
376
383
376
605
382
426
376
382
528
375
380
388
379
376
385
394
382
376
375
377
382
375
381
443
376
382
376
607
382
423
382
385
375
395
379
377
375
399
375
458
379
403
375
384
375
375
375
397
383
375
383
382
379
377
376
407
383
375
385
379
375
375
380
425
393
395
383
375
443
378
376
381
376
375
394
382
380
375
380
394
435
390
376
380
375
376
375
377
380
380
376
386
419
375
376
380
376
383
385
383
375
379
381
431
382
381
381
382
376
382
379
380
426
375
382
389
379
375
382
383
1105
376
391
381
440
376
381
375
381
383
376
385
381
380
420
387
377
378
376
375
381
379
375
425
389
379
379
376
426
375
417
380
383
376
376
419
376
375
381
380
388
379
391
376
375
379
381
380
391
376
382
376
375
376
382
379
380
444
376
376
376
376
379
381
380
376
386
382
375
379
382
390
381
822
375
376
375
379
381
382
375
375
376
375
377
470
375
381
396
379
379
383
389
418
383
375
413
384
863
375
379
377
375
381
430
386
376
376
375
379
385
429
376
376
444
463
376
382
376
379
376
380
375
376
386
386
378
376
375
376
375
383
375
375
383
382
375
376
375
382
376
378
381
386
426
376
382
408
376
382
375
376
381
383
376
380
382
424
377
379
375
379
419
386
376
384
376
376
375
380
375
377
426
1076
1124
376
464
424
384
386
376
388
381
380
375
376
375
379
379
379
376
383
382
375
375
873
381
381
384
379
382
1094
375
384
375
379
380
385
382
392
377
383
383
380
380
375
379
376
388
375
386
458
431
383
373
427
382
456
376
375
376
383
382
376
389
575
379
379
381
383
376
382
379
384
387
379
379
382
384
375
376
385
386
413
376
387
382
381
375
375
376
476
376
380
430
383
375
376
640
380
376
429
376
381
414
375
429
376
375
383
423
376
379
377
376
380
375
376
381
380
381
376
394
380
429
376
377
380
413
380
383
382
383
385
383
380
381
402
376
376
383
379
375
376
426
375
945
383
376
375
386
375
376
381
384
424
376
383
382
383
376
386
378
380
375
454
379
376
382
382
376
376
383
376
375
381
383
385
376
382
382
376
375
386
376
383
376
379
423
384
382
385
381
382
380
391
380
378
478
419
382
382
375
379
376
381
383
382
387
382
1077
375
386
377
379
375
375
379
376
430
375
384
382
376
428
375
386
380
1129
385
376
375
375
376
379
376
376
382
375
384
375
386
389
380
434
369
450
376
381
423
430
382
385
398
382
380
382
382
1105
388
379
379
383
376
378
375
380
389
375
385
387
383
384
438
375
431
377
386
381
383
379
382
376
375
376
388
379
383
395
375
389
376
376
376
376
375
382
426
380
390
383
375
376
376
376
377
378
375
375
375
376
386
379
376
376
393
378
427
376
393
386
383
377
375
382
375
399
376
375
397
451
375
375
377
376
376
380
376
376
379
375
583
379
381
376
387
376
375
381
407
379
383
399
376
376
377
376
376
382
379
395
552
379
383
375
376
375
380
437
375
443
383
380
382
386
376
375
380
382
383
382
382
376
375
383
375
377
381
376
383
375
375
376
376
382
375
387
388
383
375
378
427
376
858
382
375
375
375
390
392
375
370
375
426
952
376
379
376
376
375
382
375
432
379
375
375
381
380
376
429
377
375
385
379
375
374
376
381
375
375
387
376
376
385
377
382
425
376
379
376
376
379
382
383
376
385
376
384
376
380
382
434
375
376
380
376
386
387
380
376
383
379
375
398
382
382
379
375
380
376
376
378
380
375
375
382
379
382
383
381
380
376
381
381
385
376
380
380
375
380
383
376
385
381
382
379
384
376
383
382
375
379
376
375
376
377
376
381
957
428
382
379
383
382
615
383
382
375
385
379
375
383
418
390
376
375
697
389
438
383
384
383
379
383
385
385
376
379
435
377
383
381
383
375
383
394
382
376
376
376
429
377
380
376
375
376
380
375
376
378
421
421
375
382
376
388
375
381
380
397
383
413
381
380
376
389
380
378
388
376
376
381
375
376
386
379
375
382
386
379
375
467
380
377
390
381
380
384
379
376
435
382
413
377
375
376
376
378
377
375
380
380
425
385
375
376
382
383
376
383
1097
376
382
394
385
382
375
384
376
379
379
378
383
375
376
380
382
381
380
375
377
392
375
392
377
376
379
377
380
380
378
376
385
376
379
375
376
377
376
375
376
375
376
382
375
380
376
386
376
1080
382
377
377
422
376
375
380
377
376
382
449
380
375
378
377
389
451
377
379
385
380
376
420
396
379
379
379
387
383
392
375
406
380
376
376
384
379
419
375
535
375
381
376
381
375
381
379
382
376
377
375
381
449
383
375
385
377
383
380
386
382
375
424
427
376
381
384
438
380
383
382
386
381
385
376
379
380
377
427
376
375
383
379
383
375
855
375
376
375
452
382
382
381
379
375
381
380
376
384
376
375
381
375
375
376
381
376
379
376
384
430
383
376
382
390
376
376
376
376
379
386
377
382
384
375
377
1073
379
375
377
440
379
375
381
375
376
378
372
391
423
375
380
375
481
384
375
375
386
376
380
381
376
377
375
375
380
380
376
375
383
381
385
386
381
376
389
377
378
386
379
379
375
375
379
380
383
414
406
425
375
380
375
375
377
393
459
376
376
429
386
386
376
379
381
383
379
375
375
377
375
378
375
379
375
379
444
380
380
377
392
585
375
383
376
376
376
975
376
375
376
449
375
380
386
387
376
375
383
376
383
375
375
380
375
376
375
376
376
376
391
383
376
375
375
376
432
377
375
381
383
379
427
376
376
425
379
386
382
381
380
376
379
375
383
376
387
375
383
383
378
376
376
381
377
376
376
1128
380
379
381
375
383
1080
381
383
375
376
376
380
385
376
384
382
376
375
379
383
380
376
386
375
377
375
382
384
375
375
382
380
376
424
401
381
375
392
383
381
386
375
382
375
376
384
382
385
379
379
381
379
382
375
383
379
379
376
375
381
377
375
381
378
380
461
383
375
425
378
387
376
381
385
376
379
388
378
380
387
375
384
376
379
391
372
378
376
376
390
737
377
437
377
381
376
381
380
375
375
377
380
381
376
376
375
376
379
375
382
383
383
383
375
1021
424
380
382
376
379
380
381
380
375
377
381
380
384
521
377
740
381
376
429
375
382
403
375
382
382
380
381
387
375
376
376
381
378
379
376
386
379
388
382
382
381
376
375
376
382
385
424
387
385
380
369
376
382
375
394
382
382
375
385
376
382
376
381
390
428
376
369
382
383
385
380
380
375
382
376
376
452
421
382
379
383
376
376
376
432
382
384
375
376
380
379
398
384
375
405
381
381
376
392
391
383
379
380
431
444
374
386
376
376
383
428
375
376
375
387
382
382
375
382
382
427
375
380
376
377
376
382
382
377
386
380
394
379
381
397
387
376
387
380
383
376
432
383
395
395
385
377
377
376
375
375
380
377
377
377
377
380
376
383
379
380
375
475
376
379
376
375
383
381
375
384
389
377
576
377
375
380
402
383
458
375
382
388
375
385
375
375
428
384
379
375
383
418
378
424
398
387
376
380
382
382
376
375
375
380
381
376
376
382
379
383
376
379
384
375
379
376
381
375
416
379
375
377
375
376
389
378
380
376
380
381
375
376
375
377
408
375
378
805
384
385
383
376
387
382
383
381
424
375
1088
387
376
376
383
376
427
382
435
392
427
379
375
378
379
1051
383
385
443
420
376
376
384
427
384
381
379
382
394
379
382
380
412
377
376
377
375
375
382
391
386
437
381
459
375
381
385
379
376
382
380
387
383
382
376
432
376
625
376
375
379
379
375
379
376
375
391
418
384
376
375
383
368
379
375
375
381
379
382
376
384
383
379
376
377
394
383
376
378
376
375
380
376
389
379
392
379
379
443
377
445
375
376
442
386
382
385
382
376
386
375
376
383
382
432
390
376
375
377
383
376
380
375
428
386
376
375
387
381
375
381
376
381
382
420
377
377
381
384
376
379
375
425
375
379
380
384
375
382
858
377
379
384
385
379
384
375
379
381
382
376
380
383
394
420
431
376
426
376
381
377
379
375
381
392
376
382
376
382
379
382
381
376
379
380
376
377
377
389
375
383
381
375
380
379
755
376
376
422
375
384
375
375
382
383
376
375
378
379
380
383
375
380
377
379
376
382
383
392
386
376
384
385
375
375
377
386
383
382
379
376
381
451
375
383
383
387
386
380
375
376
433
383
381
376
378
376
376
380
381
376
376
397
385
379
391
377
375
395
383
655
381
375
376
376
380
379
379
379
385
382
376
377
375
380
383
431
375
375
379
386
376
380
386
386
375
380
375
379
380
376
376
379
380
383
380
422
380
386
387
375
375
375
383
381
382
423
382
381
381
377
372
375
376
427
376
427
375
375
383
379
383
375
382
376
382
376
384
375
376
376
390
386
382
380
387
375
383
427
375
375
376
376
376
379
385
387
383
376
383
406
379
376
429
386
382
379
383
375
383
380
383
384
384
382
383
375
972
375
390
375
492
376
383
382
383
376
379
428
375
385
376
380
396
375
446
376
376
375
383
382
386
377
376
392
377
417
380
375
375
382
377
382
383
375
376
380
383
381
382
379
375
395
376
376
380
375
379
378
379
376
384
377
422
426
376
375
422
375
379
375
386
383
376
786
375
433
382
382
375
448
380
381
414
382
375
385
375
400
384
375
376
379
382
376
382
376
386
383
376
376
376
377
425
377
380
376
375
375
375
376
375
382
376
377
378
414
377
381
377
427
382
375
391
376
376
375
376
389
387
377
380
380
382
382
572
375
376
376
375
388
378
370
376
380
427
375
384
377
427
383
375
381
376
378
382
387
380
394
375
388
381
376
425
375
376
383
382
381
625
376
378
1119
382
375
387
376
377
436
376
376
376
426
380
383
383
380
376
381
380
381
383
382
381
391
379
376
376
376
379
376
375
377
382
381
379
382
379
379
383
428
383
385
385
381
375
1073
520
375
381
437
378
378
385
379
379
382
386
408
384
429
376
375
381
403
383
382
376
421
393
384
385
376
379
425
375
434
379
383
454
375
379
384
391
398
375
424
377
383
433
381
379
375
380
376
379
387
376
380
382
385
375
379
375
376
404
381
382
377
387
376
376
380
375
382
382
379
431
379
382
382
376
383
376
375
368
392
376
379
381
397
383
375
379
384
423
380
376
380
375
391
375
379
376
375
382
380
369
375
376
378
381
382
376
381
376
378
377
389
375
375
420
375
383
376
953
392
375
383
376
376
383
1047
376
383
376
1103
376
384
375
395
379
376
377
384
379
967
386
375
376
375
381
376
380
396
376
378
381
376
384
389
389
376
417
382
386
428
383
380
392
368
375
375
376
381
380
376
376
381
728
376
379
376
376
375
375
383
382
376
377
381
388
378
376
376
396
384
380
385
579
376
389
382
427
375
423
380
376
386
379
375
382
376
382
376
377
622
1038
380
379
381
375
376
385
380
383
382
385
376
380
376
376
376
382
376
383
375
392
845
387
375
375
385
379
382
375
381
376
381
453
377
378
386
383
375
390
382
375
376
381
381
375
376
378
380
375
377
375
376
375
382
381
377
380
375
386
376
383
416
375
376
376
381
385
377
376
381
377
379
380
375
382
442
584
390
380
375
385
377
375
434
375
382
384
383
376
376
455
392
383
382
382
376
382
375
382
379
375
382
375
375
376
375
376
376
381
375
376
376
380
376
388
382
382
375
382
382
381
375
382
375
380
376
375
433
381
376
376
386
376
376
375
386
376
376
383
376
379
380
427
425
382
381
387
383
382
382
384
615
383
379
380
390
377
376
376
379
387
376
382
383
375
447
385
375
388
380
383
375
381
376
376
375
485
379
375
432
375
382
423
383
378
385
377
437
376
375
376
375
382
375
383
426
432
376
380
383
376
381
380
381
375
380
380
375
376
425
382
375
432
384
377
376
480
393
376
377
382
438
384
380
375
380
376
376
370
424
376
382
381
377
426
375
417
375
383
382
375
376
375
425
384
376
378
375
375
382
375
375
421
376
384
376
376
439
375
376
393
383
386
379
375
376
376
382
380
385
383
379
375
381
1098
376
380
524
375
569
376
381
383
428
385
386
380
379
925
382
380
386
387
375
375
375
1019
380
375
402
385
376
376
375
421
382
383
379
376
375
382
380
376
376
377
382
380
385
376
379
375
388
388
383
375
375
376
382
398
448
375
379
392
382
415
379
454
375
376
376
375
379
375
375
379
379
381
380
376
386
375
375
377
376
381
380
382
383
381
383
400
376
383
382
382
386
375
381
376
376
381
375
386
393
376
387
1085
388
375
376
376
386
375
377
379
431
382
370
383
376
377
376
382
376
383
378
382
380
432
375
378
376
377
375
376
375
381
376
383
377
383
383
384
379
382
379
381
379
382
370
432
379
376
392
391
379
376
385
379
382
376
382
379
380
383
386
377
429
398
382
751
377
376
375
376
383
376
375
384
386
382
379
375
386
376
383
376
377
377
379
385
375
394
382
423
376
376
382
375
382
417
377
375
424
383
387
381
475
376
378
375
381
382
380
383
416
376
375
375
376
383
382
387
381
375
383
376
427
376
382
380
375
390
383
442
375
380
432
375
384
380
380
839
392
376
425
387
392
376
383
642
376
392
379
375
375
379
383
375
376
376
375
387
379
379
383
376
388
387
386
376
382
375
381
376
398
424
391
376
375
376
376
403
382
375
375
379
380
379
377
421
382
383
381
375
376
383
383
373
377
437
382
384
384
376
884
375
380
382
382
382
375
383
376
375
376
378
385
375
382
383
382
376
376
375
375
377
386
452
383
381
376
382
376
375
375
375
375
382
375
376
369
413
376
380
375
380
375
376
384
388
375
381
376
382
381
382
376
386
383
381
384
397
379
376
377
376
382
384
383
382
375
375
379
381
375
375
381
377
387
376
376
423
384
375
376
379
380
395
376
375
379
396
376
375
381
377
392
381
382
383
376
379
382
387
383
381
376
379
376
375
377
377
375
375
376
376
384
381
381
414
376
381
381
381
382
375
375
382
424
376
421
379
382
379
391
380
392
375
376
379
376
429
375
381
379
375
375
381
382
422
377
381
376
376
376
376
382
382
376
385
431
382
376
378
376
484
375
430
390
376
375
369
382
393
386
397
389
376
376
384
381
857
376
375
376
377
380
387
393
871
375
375
413
376
377
375
379
383
376
384
1077
375
382
375
382
390
381
381
375
383
375
375
393
384
383
375
375
381
376
376
379
375
375
375
383
381
376
379
376
376
383
381
376
383
383
376
382
645
382
375
376
375
376
376
377
463
391
379
381
378
379
393
399
384
380
383
383
376
375
436
369
375
381
429
376
376
382
376
382
377
376
380
379
379
390
376
378
379
376
375
382
375
379
376
475
394
381
377
385
437
377
376
392
386
376
390
383
383
377
375
380
376
381
376
375
376
375
375
376
382
382
395
380
384
375
379
376
375
375
381
380
376
375
379
376
380
376
376
380
429
378
380
385
429
376
379
375
381
382
376
385
383
379
643
377
376
386
384
375
375
375
381
379
386
375
381
376
375
375
381
380
434
381
379
380
375
375
381
375
384
376
383
376
375
378
376
379
379
399
375
375
381
376
387
380
379
376
378
376
382
386
375
382
396
386
376
376
380
426
375
384
379
382
369
379
375
382
383
376
375
376
425
375
376
379
378
375
384
393
382
378
425
382
375
375
381
375
375
378
379
384
376
376
376
375
376
376
384
387
377
376
459
375
379
380
376
382
381
375
386
376
382
379
378
375
384
385
390
375
376
425
375
385
382
442
375
380
375
375
382
382
382
379
376
375
375
377
382
382
379
424
385
375
384
377
380
377
376
376
432
375
376
375
387
423
391
383
387
1060
383
369
375
386
382
385
376
375
382
377
376
376
384
430
383
384
377
376
381
382
385
377
380
376
377
375
375
382
419
379
376
380
377
433
384
376
437
378
383
376
379
437
381
375
376
382
382
376
375
375
382
377
381
380
381
381
375
376
376
384
381
384
375
397
376
374
375
375
384
375
443
376
376
380
382
380
375
381
376
375
375
375
386
376
381
380
376
382
419
379
376
381
381
375
382
375
426
382
385
383
377
375
423
375
375
375
427
375
376
375
377
377
428
383
387
382
386
380
375
375
376
376
376
394
376
382
377
376
381
382
384
380
384
376
386
381
387
441
421
382
376
384
400
380
382
384
383
383
376
381
376
381
376
375
377
376
383
383
425
376
376
375
385
375
382
382
385
376
384
376
397
376
383
464
378
375
379
448
380
376
376
378
383
381
379
376
379
426
375
433
382
375
375
379
375
384
379
382
382
375
376
391
376
434
380
375
375
425
431
383
378
386
376
382
376
382
376
379
386
380
382
396
425
375
376
382
388
380
381
381
375
376
389
376
376
383
379
376
376
425
376
374
380
382
387
379
380
375
381
375
375
376
376
382
376
376
379
383
376
427
377
385
387
376
379
383
381
376
375
375
376
375
376
376
377
438
385
377
381
383
380
382
379
418
375
368
380
379
382
382
380
382
376
376
378
386
382
402
705
381
379
376
376
426
378
383
375
375
376
385
381
377
384
375
377
375
380
425
375
379
393
382
382
380
375
430
380
383
383
379
376
380
377
376
440
376
379
380
379
387
719
376
424
380
375
382
375
380
381
378
385
380
380
375
375
381
417
375
376
376
375
379
376
383
385
382
377
379
385
378
379
381
381
375
381
390
386
376
377
376
381
392
377
375
376
378
376
376
377
375
401
384
379
376
397
964
384
382
384
378
382
379
376
375
381
377
401
382
376
390
375
375
379
375
376
958
429
380
380
379
377
380
380
380
383
433
376
382
375
422
377
385
375
435
375
376
386
431
428
376
382
377
383
375
382
382
375
383
381
380
383
381
375
375
381
386
385
380
453
381
383
400
409
376
379
413
380
379
378
382
381
381
375
375
375
380
375
376
375
383
375
406
375
376
375
376
377
379
376
375
378
391
376
379
380
376
401
375
386
375
376
375
375
381
385
375
381
382
375
405
375
380
380
385
426
375
385
386
376
377
375
380
377
380
375
695
376
378
379
376
375
386
376
375
382
386
375
381
386
381
375
376
382
376
380
386
376
383
388
378
424
388
393
375
376
377
403
384
375
375
376
383
380
376
395
380
375
376
401
381
375
382
377
376
391
382
452
377
382
387
379
493
392
376
383
377
376
375
383
377
375
383
375
393
375
376
379
375
387
377
375
376
376
380
376
433
375
381
375
383
383
380
376
392
382
380
914
375
381
381
377
376
386
375
389
375
396
379
391
382
385
376
376
387
417
393
383
383
389
380
382
376
384
429
376
384
383
422
387
390
375
462
375
375
376
382
384
384
384
376
376
380
376
1096
375
383
381
381
388
383
376
375
378
380
384
376
854
390
376
375
376
376
434
433
376
375
376
382
375
383
375
375
424
376
380
376
377
376
382
376
379
379
383
376
377
394
386
384
376
382
377
771
380
380
381
423
383
380
377
445
380
381
375
375
382
386
380
426
381
375
376
375
376
386
383
382
381
375
376
381
385
387
376
380
426
384
461
376
429
382
375
1107
384
376
382
376
383
377
382
382
375
377
1098
379
383
425
384
467
423
382
380
380
398
422
376
387
386
376
375
375
428
376
390
377
376
379
383
374
376
382
426
383
378
376
380
407
379
390
383
620
376
376
385
375
376
487
375
383
376
383
424
382
383
376
383
380
394
375
380
376
376
375
375
380
381
375
398
376
376
376
