10056
10061
10089
10273
10287
10321
10290
10100
10103
10081
10282
10095
10112
10088
10098
10100
10097
10365
10291
10124
10150
10335
10319
10327
10236
10410
10316
10323
10299
10301
10094
10100
10283
10308
10285
10320
10403
10315
10320
10417
10117
10311
10283
10347
10149
10089
10032
10103
10068
10093
10101
10101
10092
10098
10068
10092
10089
10076
10095
10093
10076
10091
10086
10100
10088
10070
10093
10092
10093
10067
10092
10084
10083
10080
10098
10095
10088
10073
10092
10090
10093
10093
10091
10090
10091
10091
10091
10093
10099
10265
10113
10080
10088
10092
10066
10089
10069
10088
10053
10092
10062
10107
10103
10090
