50070
50067
50091
50096
50093
50296
50288
50101
50097
50070
50095
50321
50304
50111
50061
50073
50312
50333
50072
50101
50071
50105
50069
50100
50331
50320
50327
50327
50071
50321
50151
50419
50125
50433
50311
50182
50130
50098
50149
50334
50338
50301
50304
50362
50125
50095
50093
50098
50094
50093
50066
50324
50100
50092
50105
50098
50101
50101
50096
50105
50093
50097
50105
50380
50104
50107
50123
50116
50111
50266
50104
50098
50087
50095
50094
50100
50101
50100
50094
50103
50095
50088
50101
50106
50093
50090
50071
50093
50090
50094
50284
50092
50080
50311
50082
50078
50098
50101
50293
50091
50088
50310
50091
50092
