100454
100078
100107
100105
100096
100100
100096
100099
100110
100108
100104
100123
100327
100097
100092
100153
100102
100318
100321
100320
100302
100321
100094
100288
100331
100365
100305
100210
100169
100108
100113
100315
100315
100297
100329
100312
100106
100409
100068
100463
100151
100329
100088
100328
100319
100312
100281
100432
100110
100104
100095
100094
100101
100095
100097
100098
100108
100130
100105
100106
100289
100121
100318
100137
100320
100318
100092
100067
100103
100096
100313
100095
100090
100125
100099
100320
100103
100097
100103
100256
100310
100093
100101
100097
100064
100092
100120
100103
100099
100093
100323
100097
100099
100321
100093
100098
100119
100115
100124
100061
100333
100110
100107
100104
