1000112
1000287
1000290
1000109
1000097
1000107
1000111
1000080
1000097
1000100
1000097
1000096
1000103
1000101
1000102
1000090
1000097
1000100
1000097
1000101
1000097
1000282
1000101
1000100
1000106
1000088
1000106
1000106
1000273
1000091
1000104
1000313
1000101
1000075
1000101
1000321
1000106
1000088
1000325
1000308
1000108
1000330
1000191
1000323
1000320
1000098
1000098
1000105
1000098
1000098
1000097
1000110
1000102
1000111
1000075
1000102
1000103
1000104
1000099
1000119
1000686
1000140
1000100
1000104
1000318
1000100
1000101
1000109
1000098
1000100
1000108
1000103
1000114
1000099
1000097
1000142
1000121
1000104
1000088
1000315
1000097
1000107
1000108
1000318
1000404
1000327
1000098
1000110
1000109
1000311
1000127
1000096
1000091
1000099
1000104
1000107
1000091
1000106
1000076
1000102
1000098
1000288
1000097
1000105
