1000109
1000066
1000317
1000075
1000106
1000069
1000625
1000128
1000099
1000112
1000112
1000099
1000267
1000100
1000367
1000100
1000097
1000316
1000275
1000113
1000311
1000100
1000334
1000101
1000327
1000097
1000095
1000320
1000318
1000320
1000321
1000309
1000269
1000331
1000317
1000142
1000093
1000308
1000319
1000103
1000101
1000304
1000307
1000311
1000329
1000327
1000102
1000103
1000103
1000094
1000290
1000099
1000097
1000107
1000100
1000314
1000312
1000104
1000110
1000097
1000085
1000308
1000098
1000071
1000178
1000102
1000104
1000097
1000081
1000291
1000089
1000112
1000097
1000105
