`gettimeofday()` testing
50312
50406
50129
50316
50328
50290
50392
50393
50314
50304
50325
50325
50299
50333
50134
`gettimeofday()` testing
50307
50135
50289
50307
50098
50300
50305
50325
50389
50312
50290
50314
50304
50121
50321
`gettimeofday()` testing
50309
50320
50106
50097
50310
50105
50094
50146
50288
50324
50096
50098
50324
50111
50324
`gettimeofday()` testing
50096
50134
50380
50115
50034
50083
50082
50103
50108
50101
50067
50093
50086
50092
50097
`gettimeofday()` testing
50284
50383
50328
50157
50099
50099
50091
50098
50091
50088
50089
50197
50111
50106
50094
50074
50080
50151
50129
50096
50034
50089
50093
50095
50318
50100
50297
50097
50105
