`gettimeofday()` testing
10086
10286
10314
10316
10312
10326
10354
10108
10314
10308
10327
10317
10312
10386
10123
`gettimeofday()` testing
10117
10278
10374
10320
10284
10310
10294
10321
10445
10297
10294
10441
10289
10353
10384
`gettimeofday()` testing
10119
10186
10321
10311
10318
10097
10092
10093
10093
10090
10091
10095
10095
10098
10092
`gettimeofday()` testing
10098
10096
10063
10095
10091
10097
10064
10089
10092
10090
10093
10093
10098
10061
10092
`gettimeofday()` testing
10063
10105
10085
10111
10094
10092
10097
10093
10111
10093
10098
10084
10095
10093
10090
10098
10090
10109
10046
10089
10106
10082
10035
10078
10109
10092
10095
10059
10094
