`gettimeofday()` testing
100310
100306
100282
100415
100323
100307
100323
100311
100353
100319
100324
100380
100122
100283
100328
`gettimeofday()` testing
100326
100332
100329
100317
100450
100326
100324
100313
100312
100307
100315
100403
100330
100331
100297
`gettimeofday()` testing
100322
100310
100104
100104
100094
100068
100349
100104
100100
100368
100099
100097
100091
100098
100286
`gettimeofday()` testing
100101
100101
100118
100092
100099
100118
100099
100097
100098
100140
100094
100317
100362
100097
100102
`gettimeofday()` testing
100339
100077
100103
100093
100071
100106
100095
100103
100031
100102
100093
100102
100329
100098
100281
100100
100113
100103
100323
100101
100100
100100
100077
100107
100328
100102
100134
100098
100106
