10 0.0 0.0
500 0.09331259720062209 0.008114230973018928
1000 0.3942457231726283 0.013632646583328157
1500 0.8530326594090202 0.011034863057176516
2000 1.4510108864696734 0.014561914666755823
2500 2.3195956454121305 0.013284833181421984
3000 3.1866251944012443 0.0121813942468547
3500 4.380248833592535 0.014366212177903006
4000 5.716174183514775 0.014951284313280909
4500 7.26049766718507 0.016497018663892797
5000 8.940124416796268 0.01854603203954061
5500 10.744945567651634 0.019343825972122447
6000 12.719284603421462 0.018435943696124984
6500 14.930793157076206 0.019876116174404407
7000 17.250388802488335 0.01932868921310538
7500 19.82348367029549 0.02398846216225773
8000 22.49611197511664 0.022646068898808137
8500 25.363141524105753 0.025031376891287982
9000 28.39113530326594 0.02939892347787955
9500 31.637636080870916 0.029263577089868043
10000 34.98522550544323 0.04044160863699104
