10 0.0 0.0
500 0.1585081585081585 0.010184278822944474
1000 0.6317016317016317 0.013673164735561377
1500 1.5159285159285159 0.01397899679613568
2000 2.7754467754467753 0.012536140658249763
2500 4.296814296814297 0.012927948921842463
3000 6.2183372183372185 0.011520016977223147
3500 8.442457231726284 0.016041535758590363
4000 11.04199066874028 0.01738988663621063
4500 13.936236391912908 0.019381786100254882
5000 17.180404354587868 0.025731531057067648
5500 20.883359253499222 0.041532566654131596
6000 24.737947122861588 0.030235375566178127
6500 29.040435458786938 0.025610734287972104
7000 33.689735614307935 0.03981187729217102
7500 38.68895800933126 0.047328387684014366
8000 43.93234836702955 0.028951479322256616
8500 49.614307931570764 0.043816958942323236
9000 55.64385692068429 0.050335402333510054
9500 62.01788491446345 0.0591853603453792
10000 68.65318818040436 0.0556044546474959
