10 0.0 0.0
500 0.3108003108003108 0.012906033093379933
1000 1.2463092463092462 0.012014797819122281
1500 2.85003885003885 0.010313771493318979
2000 5.048174048174048 0.011183796886285445
2500 7.856254856254856 0.015592763279973911
3000 11.283605283605283 0.014066476754061643
3500 15.362082362082361 0.0197757450190555
4000 19.993001555209954 0.024463143781141675
4500 25.308709175738723 0.030452295808446758
5000 31.379471228615863 0.03908795901088881
5500 37.919129082426124 0.042547980009446706
6000 45.18429237947123 0.05038608768965787
6500 53.09642301710731 0.06304431983333035
7000 61.47433903576983 0.06931087262449982
7500 70.62752721617419 0.07915026360848144
8000 80.43934681181959 0.09143232561846075
8500 90.85069984447901 0.10211449803473222
9000 101.81415241057543 0.11150587480171574
9500 113.38646967340591 0.12828853634852103
10000 125.94167962674962 0.14118672871825436
