10 0.0 0.0
500 0.10497667185069985 0.008550903664346096
1000 0.3818040435458787 0.013597462736289435
1500 0.9339035769828927 0.00783263627063321
2000 1.6469673405909797 0.01373448867937268
2500 2.4906687402799377 0.015151993004710157
3000 3.452566096423017 0.014731163501226316
3500 4.695178849144635 0.013795748114698133
4000 6.152410575427683 0.010612880048565131
4500 7.720062208398134 0.017725751637229812
5000 9.476671850699844 0.016771082071384613
5500 11.498444790046657 0.015233821931561843
6000 13.640746500777604 0.017290293444383948
6500 15.992223950233281 0.017358360916914454
7000 18.53343701399689 0.02479636960152089
7500 21.255054432348366 0.02460380267423082
8000 24.150077760497666 0.022384752502554003
8500 27.223950233281492 0.026305495051581133
9000 30.5248833592535 0.0313555946144907
9500 34.00077760497667 0.03844940435437343
10000 37.549766718507 0.02999047691240129
