10 0.0 0.0
500 0.17729393468118196 0.010654123456193007
1000 0.6710730948678072 0.013380549677611485
1500 1.4424572317262832 0.013985942349663768
2000 2.4821150855365475 0.014197368900615164
2500 3.9494556765163296 0.008073563708341521
3000 5.652410575427683 0.01450390783759399
3500 7.6850699844479005 0.01585583366449824
4000 10.034992223950233 0.013639479264071283
4500 12.662519440124417 0.017799186928402516
5000 15.62597200622084 0.01692002496609028
5500 18.951010886469675 0.02619497271445111
6000 22.45334370139969 0.024608210706114415
6500 26.388024883359254 0.019484611821984504
7000 30.696734059097977 0.038799778753988656
7500 35.15241057542768 0.030049062229128905
8000 40.009331259720064 0.028580960794231867
8500 45.255832037325035 0.05917637547018911
9000 50.54121306376361 0.02687234895781947
9500 56.42457231726283 0.049519072829683826
10000 62.5357698289269 0.07488083732282381
