10 0.0 0.0
500 0.2410575427682737 0.011931999413107425
1000 0.8553654743390358 0.01029362914582902
1500 1.9875583203732503 0.005810970659133872
2000 3.552099533437014 0.014428230218722093
2500 5.497667185069984 0.016455878635357003
3000 7.963452566096423 0.019943616333372893
3500 10.78538102643857 0.023217185102132314
4000 14.116640746500778 0.03213524334155624
4500 17.930793157076206 0.04402461977494851
5000 22.16718506998445 0.05849872175672171
5500 26.968118195956453 0.07682675491533512
6000 32.262830482115085 0.09774172568326894
6500 37.96267496111975 0.1149151534485687
7000 43.96111975116641 0.13077190817028994
7500 50.744167962674965 0.1604731539155935
8000 58.04665629860031 0.19285392039479565
8500 65.97744945567652 0.22899877006170158
9000 74.09097978227061 0.25957218566191803
9500 82.30093312597201 0.2777124707722759
10000 91.63763608087092 0.3225560716499388
