10 0.0 0.0
500 0.10497667185069985 0.008550903664346101
1000 0.39580093312597203 0.013641963026771557
1500 0.7931570762052877 0.011771356723238433
2000 1.4852255054432348 0.014702642592372589
2500 2.1407465007776048 0.009886616082042093
3000 3.0723172628304822 0.00921334445279304
3500 4.11741835147745 0.010180483018794003
4000 5.618195956454121 0.014501961087066336
4500 7.0482115085536545 0.014943335298920345
5000 8.671850699844478 0.017730847867905273
5500 10.35303265940902 0.014835884280570834
6000 12.333592534992224 0.01601599498095201
6500 14.561430793157076 0.0192230835781318
7000 16.994556765163296 0.024635998506446228
7500 19.409020217729392 0.02097258446716286
8000 22.105754276827373 0.026098969169360244
8500 24.91679626749611 0.024845556561493846
9000 28.018662519440124 0.037287274164240485
9500 31.06220839813375 0.027382159351023578
10000 34.661741835147744 0.04444199638052746
