10 0.0 0.0
500 0.14307931570762053 0.00976803430891415
1000 0.39346811819595645 0.013627934179736307
1500 0.942457231726283 0.0070331542709214994
2000 1.6026438569206842 0.013871009108891774
2500 2.423017107309487 0.015320604942458613
3000 3.433125972006221 0.015038962446279036
3500 4.584758942457232 0.016469998629766433
4000 6.161741835147745 0.010562302236861337
4500 7.7006220839813375 0.015078959674356157
5000 9.475894245723172 0.014938107107725128
5500 11.471228615863142 0.018481409773293645
6000 13.517884914463453 0.01691995543887494
6500 15.895800933125972 0.01911876520372097
7000 18.43701399688958 0.016361932436383793
7500 21.18973561430793 0.01923972202880613
8000 24.146189735614307 0.03173744651155404
8500 27.21384136858476 0.025989487798121817
9000 30.527216174183515 0.028903711812244152
9500 33.838258164852256 0.031525488664523406
10000 37.639191290824265 0.03977675171542243
