10 0.0 0.0
500 0.07398753894080996 0.007307593453049591
1000 0.39953271028037385 0.01371869584977044
1500 0.8559190031152648 0.010749169577724463
2000 1.4626168224299065 0.014517690222544021
2500 2.3200934579439254 0.013209274409044723
3000 3.2141744548286604 0.012946099955017394
3500 4.353582554517134 0.014853901802703205
4000 5.723520249221184 0.014717932978182401
4500 7.253894080996885 0.017373329361096878
5000 8.94392523364486 0.017210656459561127
5500 10.721183800623052 0.018927698190637415
6000 12.744548286604362 0.01879942974600464
6500 14.923676012461058 0.018674837438705485
7000 17.278816199376948 0.025368497262263593
7500 19.825545171339563 0.02610832306876529
8000 22.50778816199377 0.028721124772074138
8500 25.352803738317757 0.030347484696813632
9000 28.434579439252335 0.036021160160971614
9500 31.647196261682243 0.030526976942651135
10000 34.94548286604361 0.033111978497419876
