10 0.0 0.0
500 0.3856920684292379 0.013578814374930031
1000 1.2698289269051322 0.012431179798312732
1500 2.880248833592535 0.01018905354912841
2000 5.040435458786936 0.011897086200088234
2500 7.889580093312597 0.015010195631100638
3000 11.300933125972007 0.013840171851557552
3500 15.345256609642302 0.0185837860087561
4000 20.05443234836703 0.024895345703961763
4500 25.284824902723734 0.030548620746496287
5000 31.327626459143968 0.04383982260873737
5500 38.03579766536965 0.04333426091466263
6000 45.210894941634244 0.05075193393147522
6500 53.028015564202335 0.05933573037423577
7000 61.51984435797665 0.06934775133672125
7500 70.59377431906614 0.07826264133348347
8000 80.57009345794393 0.09351607907215626
8500 90.8208722741433 0.1008495099130359
9000 101.97196261682242 0.11219049957980591
9500 113.58255451713396 0.127695427673664
10000 125.8411214953271 0.13785704669278895
