10 0.0 0.0
500 0.21073094867807154 0.011376931261967824
1000 0.5940902021772939 0.0140048213912389
1500 1.5 0.014077761524506667
2000 2.738724727838258 0.01347850177871492
2500 4.312597200622084 0.01418131805213023
3000 6.221617418351477 0.012295837060275878
3500 8.479782270606531 0.020974300820297845
4000 11.04199066874028 0.014082757789494199
4500 13.92762645914397 0.016519696870127113
5000 17.186770428015564 0.016645897163616776
5500 20.862256809338522 0.03917877868573717
6000 24.808560311284047 0.03817815725569823
6500 29.080933852140078 0.029742694107237646
7000 33.7408560311284 0.04455044225118043
7500 38.69027237354086 0.04182817218261577
8000 44.11604361370716 0.05120724733464273
8500 49.66978193146417 0.04900400972873282
9000 55.64719626168224 0.04797239013323508
9500 62.192367601246104 0.0693262629585455
10000 68.81386292834891 0.07442331536258726
