10 0.0 0.0
500 0.13862928348909656 0.009647376167240136
1000 0.37461059190031154 0.01355785296551134
1500 0.9470404984423676 0.008477693784786956
2000 1.6285046728971964 0.014106084065350043
2500 2.539719626168224 0.014965878605040735
3000 3.528816199376947 0.016304534086714603
3500 4.731308411214953 0.01345649043758316
4000 6.14797507788162 0.010565182401861372
4500 7.741433021806854 0.014744842297084233
5000 9.514797507788161 0.01567403725560316
5500 11.498442367601246 0.01575665986021446
6000 13.637071651090343 0.019098372876095854
6500 16.017133956386292 0.022196338891738773
7000 18.518691588785046 0.022615300495701263
7500 21.2601246105919 0.02425451390290022
8000 24.197819314641745 0.030293169015401775
8500 27.279595015576323 0.02837777312650655
9000 30.562305295950157 0.04339364653130107
9500 33.92834890965732 0.038763908856780396
10000 37.64485981308411 0.040991291509152525
