10 0.0 0.0 0.0 0.0 0.0 0.0
500 0.09331259720062209 0.0 0.0 1.0 0.0 0.0
1000 0.3942457231726283 0.0 0.0 1.0 0.0 1.0
1500 0.8530326594090202 1.0 0.0 3.0 1.0 1.0
2000 1.4510108864696734 1.0 1.0 4.0 1.0 2.0
2500 2.3195956454121305 2.0 1.0 5.0 2.0 3.0
3000 3.1866251944012443 3.0 2.0 8.0 3.0 3.0
3500 4.380248833592535 4.0 3.0 7.0 4.0 5.0
4000 5.716174183514775 6.0 5.0 8.0 5.0 6.0
4500 7.26049766718507 7.0 6.0 11.0 7.0 8.0
5000 8.940124416796268 9.0 8.0 18.0 9.0 9.0
5500 10.744945567651634 11.0 9.0 20.0 10.0 11.0
6000 12.719284603421462 13.0 11.0 17.0 12.0 13.0
6500 14.930793157076206 15.0 13.0 20.0 15.0 15.0
7000 17.250388802488335 17.0 16.0 22.0 17.0 18.0
7500 19.82348367029549 20.0 18.0 27.0 19.0 20.0
8000 22.49611197511664 22.0 21.0 28.0 22.0 23.0
8500 25.363141524105753 25.0 23.0 34.0 25.0 26.0
9000 28.39113530326594 28.0 26.0 44.0 28.0 29.0
9500 31.637636080870916 32.0 30.0 43.0 31.0 32.0
10000 34.98522550544323 35.0 33.0 53.0 34.0 35.0
