10 0.0 0.0 0.0 0.0 0.0 0.0
500 0.3108003108003108 0.0 0.0 1.0 0.0 1.0
1000 1.2463092463092462 1.0 1.0 2.0 1.0 1.0
1500 2.85003885003885 3.0 2.0 4.0 3.0 3.0
2000 5.048174048174048 5.0 4.0 7.0 5.0 5.0
2500 7.856254856254856 8.0 7.0 10.0 8.0 8.0
3000 11.283605283605283 11.0 10.0 13.0 11.0 12.0
3500 15.362082362082361 15.0 14.0 25.0 15.0 16.0
4000 19.993001555209954 20.0 19.0 23.0 19.0 21.0
4500 25.308709175738723 25.0 24.0 29.0 24.0 26.0
5000 31.379471228615863 31.0 30.0 45.0 30.0 33.0
5500 37.919129082426124 37.0 36.0 42.0 37.0 40.0
6000 45.18429237947123 44.0 43.0 53.0 44.0 47.0
6500 53.09642301710731 52.0 50.0 72.0 51.0 55.0
7000 61.47433903576983 60.0 58.0 81.0 59.0 64.0
7500 70.62752721617419 69.0 67.0 93.0 68.0 74.0
8000 80.43934681181959 78.0 77.0 103.0 78.0 84.0
8500 90.85069984447901 88.0 87.0 110.0 88.0 95.0
9000 101.81415241057543 99.0 97.0 121.0 98.0 106.0
9500 113.38646967340591 110.0 108.0 141.0 110.0 119.0
10000 125.94167962674962 122.0 120.0 154.0 121.0 131.0
