10 0.0 0.0 0.0 0.0 0.0 0.0
500 0.10497667185069985 0.0 0.0 1.0 0.0 0.0
1000 0.3818040435458787 0.0 0.0 2.0 0.0 1.0
1500 0.9339035769828927 1.0 0.0 3.0 1.0 1.0
2000 1.6469673405909797 2.0 1.0 3.0 1.0 2.0
2500 2.4906687402799377 2.0 2.0 6.0 2.0 3.0
3000 3.452566096423017 3.0 3.0 9.0 3.0 4.0
3500 4.695178849144635 5.0 4.0 7.0 4.0 5.0
4000 6.152410575427683 6.0 5.0 8.0 6.0 6.0
4500 7.720062208398134 8.0 7.0 17.0 7.0 8.0
5000 9.476671850699844 9.0 9.0 19.0 9.0 10.0
5500 11.498444790046657 11.0 11.0 14.0 11.0 12.0
6000 13.640746500777604 14.0 13.0 19.0 13.0 14.0
6500 15.992223950233281 16.0 15.0 28.0 16.0 16.0
7000 18.53343701399689 18.0 18.0 32.0 18.0 19.0
7500 21.255054432348366 21.0 20.0 36.0 21.0 21.0
8000 24.150077760497666 24.0 23.0 33.0 24.0 24.0
8500 27.223950233281492 27.0 26.0 42.0 27.0 27.0
9000 30.5248833592535 30.0 30.0 48.0 30.0 31.0
9500 34.00077760497667 34.0 33.0 52.0 34.0 34.0
10000 37.549766718507 37.0 37.0 49.0 37.0 38.0
