10 0.0 0.0 0.0 0.0 0.0 0.0
500 0.1585081585081585 0.0 0.0 1.0 0.0 0.0
1000 0.6317016317016317 1.0 0.0 2.0 0.0 1.0
1500 1.5159285159285159 2.0 1.0 3.0 1.0 2.0
2000 2.7754467754467753 3.0 2.0 6.0 3.0 3.0
2500 4.296814296814297 4.0 4.0 6.0 4.0 5.0
3000 6.2183372183372185 6.0 6.0 7.0 6.0 6.0
3500 8.442457231726284 8.0 8.0 16.0 8.0 9.0
4000 11.04199066874028 11.0 10.0 25.0 11.0 11.0
4500 13.936236391912908 14.0 13.0 30.0 14.0 14.0
5000 17.180404354587868 17.0 17.0 36.0 17.0 17.0
5500 20.883359253499222 21.0 20.0 40.0 21.0 21.0
6000 24.737947122861588 25.0 24.0 44.0 24.0 25.0
6500 29.040435458786938 29.0 28.0 48.0 29.0 29.0
7000 33.689735614307935 34.0 33.0 56.0 33.0 34.0
7500 38.68895800933126 39.0 38.0 63.0 38.0 39.0
8000 43.93234836702955 44.0 43.0 67.0 44.0 44.0
8500 49.614307931570764 49.0 49.0 75.0 49.0 50.0
9000 55.64385692068429 55.0 55.0 81.0 55.0 56.0
9500 62.01788491446345 62.0 61.0 88.0 62.0 62.0
10000 68.65318818040436 68.0 68.0 95.0 68.0 69.0
