10 0.0 0.0 0.0 0.0 0.0 0.0
500 0.2410575427682737 0.0 0.0 1.0 0.0 0.0
1000 0.8553654743390358 1.0 0.0 2.0 1.0 1.0
1500 1.9875583203732503 2.0 1.0 3.0 2.0 2.0
2000 3.552099533437014 4.0 3.0 6.0 3.0 4.0
2500 5.497667185069984 5.0 5.0 8.0 5.0 6.0
3000 7.963452566096423 8.0 7.0 16.0 8.0 8.0
3500 10.78538102643857 11.0 10.0 16.0 10.0 11.0
4000 14.116640746500778 14.0 13.0 21.0 14.0 14.0
4500 17.930793157076206 18.0 17.0 27.0 17.0 18.0
5000 22.16718506998445 22.0 21.0 35.0 21.0 22.0
5500 26.968118195956453 26.0 26.0 42.0 26.0 27.0
6000 32.262830482115085 31.0 31.0 48.0 31.0 32.0
6500 37.96267496111975 37.0 36.0 67.0 36.0 37.0
7000 43.96111975116641 42.0 42.0 65.0 42.0 43.0
7500 50.744167962674965 49.0 48.0 78.0 49.0 49.0
8000 58.04665629860031 56.0 55.0 85.0 55.0 56.0
8500 65.97744945567652 63.0 62.0 104.0 62.0 63.0
9000 74.09097978227061 70.0 69.0 107.0 70.0 71.0
9500 82.30093312597201 78.0 77.0 124.0 78.0 79.0
10000 91.63763608087092 87.0 86.0 133.0 86.0 87.0
