10 0.0 0.0 0.0 0.0 0.0 0.0
500 0.10497667185069985 0.0 0.0 1.0 0.0 0.0
1000 0.39580093312597203 0.0 0.0 1.0 0.0 1.0
1500 0.7931570762052877 1.0 0.0 2.0 1.0 1.0
2000 1.4852255054432348 1.0 1.0 4.0 1.0 2.0
2500 2.1407465007776048 2.0 2.0 5.0 2.0 2.0
3000 3.0723172628304822 3.0 2.0 5.0 3.0 3.0
3500 4.11741835147745 4.0 3.0 6.0 4.0 4.0
4000 5.618195956454121 6.0 5.0 7.0 5.0 6.0
4500 7.0482115085536545 7.0 6.0 9.0 7.0 7.0
5000 8.671850699844478 9.0 8.0 20.0 8.0 9.0
5500 10.35303265940902 10.0 9.0 13.0 10.0 11.0
6000 12.333592534992224 12.0 11.0 15.0 12.0 13.0
6500 14.561430793157076 15.0 13.0 26.0 14.0 15.0
7000 16.994556765163296 17.0 15.0 30.0 17.0 17.0
7500 19.409020217729392 19.0 18.0 27.0 19.0 20.0
8000 22.105754276827373 22.0 20.0 37.0 22.0 22.0
8500 24.91679626749611 25.0 23.0 41.0 24.0 25.0
9000 28.018662519440124 28.0 26.0 45.0 27.0 28.0
9500 31.06220839813375 31.0 29.0 41.0 31.0 31.0
10000 34.661741835147744 34.0 32.0 54.0 34.0 35.0
