10 0.0 0.0 0.0 0.0 0.0 0.0
500 0.14307931570762053 0.0 0.0 1.0 0.0 0.0
1000 0.39346811819595645 0.0 0.0 1.0 0.0 1.0
1500 0.942457231726283 1.0 0.0 2.0 1.0 1.0
2000 1.6026438569206842 2.0 1.0 3.0 1.0 2.0
2500 2.423017107309487 2.0 2.0 7.0 2.0 3.0
3000 3.433125972006221 3.0 3.0 9.0 3.0 4.0
3500 4.584758942457232 5.0 4.0 12.0 4.0 5.0
4000 6.161741835147745 6.0 5.0 8.0 6.0 6.0
4500 7.7006220839813375 8.0 7.0 10.0 7.0 8.0
5000 9.475894245723172 9.0 9.0 12.0 9.0 10.0
5500 11.471228615863142 11.0 11.0 22.0 11.0 12.0
6000 13.517884914463453 13.0 13.0 18.0 13.0 14.0
6500 15.895800933125972 16.0 15.0 28.0 16.0 16.0
7000 18.43701399688958 18.0 18.0 24.0 18.0 19.0
7500 21.18973561430793 21.0 21.0 35.0 21.0 21.0
8000 24.146189735614307 24.0 23.0 40.0 24.0 24.0
8500 27.21384136858476 27.0 26.0 43.0 27.0 27.0
9000 30.527216174183515 30.0 30.0 41.0 30.0 31.0
9500 33.838258164852256 34.0 33.0 51.0 33.0 34.0
10000 37.639191290824265 37.0 37.0 56.0 37.0 38.0
