10 0.0 0.0 0.0 0.0 0.0 0.0
500 0.17729393468118196 0.0 0.0 1.0 0.0 0.0
1000 0.6710730948678072 1.0 0.0 2.0 0.0 1.0
1500 1.4424572317262832 1.0 1.0 3.0 1.0 2.0
2000 2.4821150855365475 2.0 2.0 5.0 2.0 3.0
2500 3.9494556765163296 4.0 3.0 6.0 4.0 4.0
3000 5.652410575427683 6.0 5.0 11.0 5.0 6.0
3500 7.6850699844479005 8.0 7.0 18.0 7.0 8.0
4000 10.034992223950233 10.0 10.0 22.0 10.0 10.0
4500 12.662519440124417 13.0 12.0 27.0 12.0 13.0
5000 15.62597200622084 16.0 15.0 25.0 15.0 16.0
5500 18.951010886469675 19.0 18.0 35.0 19.0 19.0
6000 22.45334370139969 22.0 22.0 40.0 22.0 23.0
6500 26.388024883359254 26.0 26.0 39.0 26.0 27.0
7000 30.696734059097977 31.0 30.0 61.0 30.0 31.0
7500 35.15241057542768 35.0 35.0 57.0 35.0 35.0
8000 40.009331259720064 40.0 39.0 59.0 40.0 40.0
8500 45.255832037325035 45.0 45.0 83.0 45.0 45.0
9000 50.54121306376361 50.0 50.0 71.0 50.0 51.0
9500 56.42457231726283 56.0 56.0 95.0 56.0 57.0
10000 62.5357698289269 62.0 62.0 130.0 62.0 63.0
