10 0.0 0.0 0.0 0.0 0.0 0.0
500 0.3856920684292379 0.0 0.0 1.0 0.0 1.0
1000 1.2698289269051322 1.0 1.0 3.0 1.0 2.0
1500 2.880248833592535 3.0 2.0 6.0 3.0 3.0
2000 5.040435458786936 5.0 4.0 12.0 5.0 5.0
2500 7.889580093312597 8.0 7.0 11.0 8.0 8.0
3000 11.300933125972007 11.0 10.0 13.0 11.0 12.0
3500 15.345256609642302 15.0 14.0 19.0 15.0 16.0
4000 20.05443234836703 20.0 19.0 23.0 19.0 21.0
4500 25.284824902723734 25.0 24.0 36.0 24.0 26.0
5000 31.327626459143968 31.0 30.0 47.0 30.0 33.0
5500 38.03579766536965 37.0 36.0 43.0 37.0 40.0
6000 45.210894941634244 44.0 43.0 51.0 44.0 47.0
6500 53.028015564202335 52.0 50.0 63.0 51.0 55.0
7000 61.51984435797665 60.0 59.0 82.0 59.0 64.0
7500 70.59377431906614 69.0 67.0 84.0 68.0 74.0
8000 80.57009345794393 78.0 77.0 109.0 78.0 84.0
8500 90.8208722741433 88.0 87.0 110.0 88.0 95.0
9000 101.97196261682242 99.0 97.0 120.0 98.0 106.0
9500 113.58255451713396 110.0 108.0 140.0 110.0 119.0
10000 125.8411214953271 122.0 120.0 153.0 121.0 131.0
