10 0.0 0.0 0.0 0.0 0.0 0.0
500 0.21073094867807154 0.0 0.0 1.0 0.0 0.0
1000 0.5940902021772939 1.0 0.0 2.0 0.0 1.0
1500 1.5 1.0 1.0 3.0 1.0 2.0
2000 2.738724727838258 3.0 2.0 8.0 2.0 3.0
2500 4.312597200622084 4.0 4.0 11.0 4.0 5.0
3000 6.221617418351477 6.0 6.0 8.0 6.0 6.0
3500 8.479782270606531 8.0 8.0 22.0 8.0 9.0
4000 11.04199066874028 11.0 10.0 20.0 11.0 11.0
4500 13.92762645914397 14.0 13.0 24.0 14.0 14.0
5000 17.186770428015564 17.0 17.0 28.0 17.0 17.0
5500 20.862256809338522 21.0 20.0 40.0 20.0 21.0
6000 24.808560311284047 25.0 24.0 45.0 24.0 25.0
6500 29.080933852140078 29.0 28.0 48.0 29.0 29.0
7000 33.7408560311284 34.0 33.0 57.0 33.0 34.0
7500 38.69027237354086 39.0 38.0 61.0 38.0 39.0
8000 44.11604361370716 44.0 43.0 68.0 44.0 44.0
8500 49.66978193146417 49.0 49.0 75.0 49.0 50.0
9000 55.64719626168224 55.0 55.0 81.0 55.0 56.0
9500 62.192367601246104 62.0 61.0 89.0 62.0 62.0
10000 68.81386292834891 68.0 68.0 97.0 68.0 69.0
