10 0.0 0.0 0.0 0.0 0.0 0.0
500 0.07398753894080996 0.0 0.0 1.0 0.0 0.0
1000 0.39953271028037385 0.0 0.0 2.0 0.0 1.0
1500 0.8559190031152648 1.0 0.0 2.0 1.0 1.0
2000 1.4626168224299065 1.0 1.0 4.0 1.0 2.0
2500 2.3200934579439254 2.0 1.0 4.0 2.0 3.0
3000 3.2141744548286604 3.0 2.0 8.0 3.0 3.0
3500 4.353582554517134 4.0 3.0 11.0 4.0 5.0
4000 5.723520249221184 6.0 5.0 8.0 5.0 6.0
4500 7.253894080996885 7.0 6.0 15.0 7.0 8.0
5000 8.94392523364486 9.0 8.0 12.0 9.0 9.0
5500 10.721183800623052 11.0 9.0 20.0 10.0 11.0
6000 12.744548286604362 13.0 11.0 17.0 12.0 13.0
6500 14.923676012461058 15.0 13.0 19.0 15.0 15.0
7000 17.278816199376948 17.0 15.0 31.0 17.0 18.0
7500 19.825545171339563 20.0 18.0 33.0 19.0 20.0
8000 22.50778816199377 22.0 21.0 37.0 22.0 23.0
8500 25.352803738317757 25.0 24.0 41.0 25.0 26.0
9000 28.434579439252335 28.0 26.0 45.0 28.0 29.0
9500 31.647196261682243 32.0 30.0 42.0 31.0 32.0
10000 34.94548286604361 35.0 33.0 53.0 34.0 35.0
