10 0.0 0.0 0.0 0.0 0.0 0.0
500 0.13862928348909656 0.0 0.0 1.0 0.0 0.0
1000 0.37461059190031154 0.0 0.0 2.0 0.0 1.0
1500 0.9470404984423676 1.0 0.0 3.0 1.0 1.0
2000 1.6285046728971964 2.0 1.0 4.0 1.0 2.0
2500 2.539719626168224 3.0 2.0 7.0 2.0 3.0
3000 3.528816199376947 4.0 3.0 9.0 3.0 4.0
3500 4.731308411214953 5.0 4.0 8.0 4.0 5.0
4000 6.14797507788162 6.0 5.0 10.0 6.0 6.0
4500 7.741433021806854 8.0 7.0 11.0 7.0 8.0
5000 9.514797507788161 9.0 9.0 12.0 9.0 10.0
5500 11.498442367601246 11.0 11.0 16.0 11.0 12.0
6000 13.637071651090343 14.0 13.0 25.0 13.0 14.0
6500 16.017133956386292 16.0 15.0 28.0 16.0 16.0
7000 18.518691588785046 18.0 18.0 31.0 18.0 19.0
7500 21.2601246105919 21.0 20.0 36.0 21.0 21.0
8000 24.197819314641745 24.0 23.0 39.0 24.0 24.0
8500 27.279595015576323 27.0 26.0 43.0 27.0 27.0
9000 30.562305295950157 30.0 30.0 48.0 30.0 31.0
9500 33.92834890965732 34.0 33.0 53.0 33.0 34.0
10000 37.64485981308411 37.0 37.0 56.0 37.0 38.0
