1 1.3131288343558283 1.0 0.0 55.0 1.0 2.0
5 1.8991411042944786 2.0 1.0 96.0 2.0 2.0
10 4.636073619631902 4.0 3.0 99.0 4.0 5.0
15 11.178895705521473 10.0 9.0 90.0 10.0 11.0
20 23.650552147239264 22.0 21.0 106.0 22.0 23.0
25 51.83288343558282 49.0 47.0 241.0 48.0 49.0
30 75.04294478527608 71.0 69.0 283.0 70.0 71.0
35 120.32957055214725 114.0 109.0 432.0 114.0 115.0
40 178.44269938650308 169.0 163.0 518.0 169.0 173.0
45 248.0161963190184 236.0 229.0 706.0 235.0 244.0
50 403.26527607361965 385.0 373.0 1177.0 382.0 396.0
55 444.08515337423313 428.0 419.0 1270.0 424.0 438.0
60 580.7946012269939 566.0 549.0 1725.0 556.0 573.0
65 734.8792638036809 718.0 699.0 2372.0 709.0 723.0
70 902.2993865030675 882.0 862.0 2563.0 879.0 888.0
75 1104.5516564417178 1082.0 1068.0 3123.0 1079.0 1101.0
80 1352.4510429447853 1331.0 1311.0 2792.0 1323.0 1361.0
85 1590.245153374233 1573.0 1546.0 3803.0 1562.0 1599.0
90 1881.912883435583 1864.0 1836.0 4478.0 1858.0 1890.0
95 2304.8689570552147 2290.0 2247.0 6310.0 2275.0 2307.0
100 3185.9295532646047 3173.0 3085.0 5375.0 3162.0 3187.0
