1 1.2942331288343558 1.0 0.0 62.0 1.0 2.0
5 1.4640490797546013 1.0 0.0 58.0 1.0 2.0
10 1.9595092024539877 2.0 1.0 47.0 2.0 2.0
15 3.3209815950920247 3.0 2.0 88.0 3.0 3.0
20 5.62282208588957 5.0 4.0 57.0 5.0 6.0
25 9.504049079754601 9.0 7.0 66.0 9.0 9.0
30 15.232883435582822 14.0 13.0 105.0 14.0 15.0
35 23.369079754601227 22.0 20.0 135.0 22.0 22.0
40 34.001472392638036 32.0 30.0 165.0 32.0 32.0
45 47.813496932515335 45.0 43.0 238.0 45.0 45.0
50 64.60098159509202 61.0 60.0 201.0 61.0 61.0
55 86.12220858895705 81.0 79.0 345.0 81.0 82.0
60 115.10993865030674 110.0 104.0 360.0 109.0 110.0
65 146.15411042944785 138.0 132.0 447.0 138.0 139.0
70 181.05644171779142 172.0 165.0 649.0 171.0 174.0
75 222.4719018404908 211.0 204.0 772.0 210.0 219.0
80 291.28245398773004 282.0 257.0 824.0 276.0 285.0
85 344.4679754601227 332.0 297.0 978.0 327.0 339.0
90 374.558036809816 360.0 351.0 1114.0 357.0 369.0
95 467.3153374233129 454.0 437.0 1423.0 449.0 463.0
100 538.2522699386503 525.0 506.0 1570.0 515.0 534.0
