1 0.06887230416642182 0.0 0.0 6.0 0.0 0.0
5 0.17635305870599988 0.0 0.0 12.0 0.0 0.0
10 0.5030263853793265 0.0 0.0 26.0 0.0 1.0
15 2.0403126285479227 2.0 1.0 31.0 2.0 2.0
20 4.5995768936945405 4.0 4.0 54.0 4.0 5.0
25 8.638185344067697 8.0 8.0 61.0 8.0 9.0
30 14.878709525768349 14.0 14.0 66.0 14.0 15.0
35 23.451430922019156 22.0 22.0 87.0 22.0 23.0
40 34.229476405947 33.0 32.0 132.0 33.0 33.0
45 48.90485984603632 47.0 46.0 165.0 47.0 47.0
50 67.94094141152965 65.0 65.0 230.0 65.0 66.0
55 90.21972145501557 87.0 86.0 365.0 87.0 87.0
60 117.42169595110772 113.0 112.0 404.0 112.0 113.0
65 191.66556972439327 183.0 172.0 1419.0 182.0 187.0
70 185.8634306869601 178.0 176.0 579.0 177.0 182.0
75 229.44291003114532 220.0 219.0 751.0 220.0 225.0
80 302.4918023153317 293.0 267.0 996.0 289.0 297.0
85 354.6928365751895 343.0 315.0 1641.0 341.0 347.0
90 391.5173649879532 379.0 374.0 1699.0 375.0 382.0
95 502.4926837868014 487.0 466.0 1595.0 484.0 491.0
100 593.2143738614327 581.0 560.0 1727.0 575.0 587.0
