1 0.09731445025562672 0.0 0.0 7.0 0.0 0.0
5 0.5752482811306341 1.0 0.0 7.0 0.0 1.0
10 3.157548334018922 3.0 2.0 129.0 3.0 3.0
15 9.66180877945584 9.0 9.0 112.0 9.0 9.0
20 22.49397661162367 21.0 20.0 129.0 21.0 21.0
25 50.303696303696306 47.0 46.0 1190.0 47.0 48.0
30 73.17382617382617 70.0 69.0 317.0 69.0 70.0
35 114.31239348886407 109.0 108.0 1208.0 108.0 110.0
40 173.70864429687958 166.0 163.0 564.0 164.0 168.0
45 240.85649644473173 231.0 229.0 704.0 230.0 236.0
50 400.715402244814 388.0 374.0 1203.0 384.0 391.0
55 436.6683316683317 423.0 417.0 1980.0 419.0 427.0
60 578.3358406299583 561.0 552.0 2363.0 557.0 566.0
65 732.5019686196157 714.0 703.0 2158.0 711.0 718.0
70 890.0064641241112 869.0 860.0 2670.0 867.0 873.0
75 1122.6184403831462 1100.0 1090.0 3194.0 1097.0 1118.0
80 1390.1782335311748 1366.0 1348.0 3835.0 1360.0 1400.0
85 1616.923899629782 1595.0 1579.0 4090.0 1590.0 1625.0
90 1864.457777516601 1843.0 1828.0 4440.0 1839.0 1871.0
95 2280.018158312276 2265.0 2213.0 6525.0 2256.0 2286.0
100 3217.866780278545 3205.0 3108.0 6416.0 3192.0 3223.0
