1 1.3075974346324617 1.0 0.0 54.0 1.0 2.0
5 1.6793290577207696 2.0 0.0 74.0 1.0 2.0
10 2.2385298470646275 2.0 1.0 94.0 2.0 2.0
15 3.568327577701036 3.0 2.0 65.0 3.0 4.0
20 6.207942772570301 6.0 4.0 123.0 6.0 6.0
25 10.27503700049334 10.0 8.0 67.0 9.0 10.0
30 16.23630981746423 15.0 14.0 87.0 15.0 16.0
35 24.655895411938825 23.0 22.0 89.0 23.0 24.0
40 35.50912678835718 33.0 32.0 142.0 33.0 34.0
45 49.85767143561914 47.0 45.0 242.0 46.0 47.0
50 66.87839171188949 63.0 62.0 253.0 63.0 64.0
55 89.10656142081895 84.0 82.0 280.0 83.0 84.0
60 118.52738036507154 113.0 107.0 350.0 112.0 113.0
65 148.51430685742477 141.0 135.0 426.0 141.0 142.0
70 205.6714356191416 196.0 181.0 676.0 194.0 201.0
75 228.47533300444005 215.0 209.0 1451.0 215.0 226.0
80 288.68031573754314 280.0 253.0 839.0 279.0 284.0
85 347.1753823384312 333.0 308.0 1414.0 331.0 340.0
90 383.585594474593 367.0 358.0 1217.0 363.0 377.0
95 474.37345831277753 458.0 447.0 1422.0 454.0 468.0
100 549.1450419338925 536.0 520.0 1669.0 528.0 543.0
