1 0.06763824410883235 0.0 0.0 7.0 0.0 0.0
5 0.29129693835576187 0.0 0.0 39.0 0.0 1.0
10 0.6685079626256096 1.0 0.0 32.0 0.0 1.0
15 2.075042604454369 2.0 1.0 35.0 2.0 2.0
20 4.3082799553387785 4.0 4.0 39.0 4.0 4.0
25 9.099429981782922 9.0 8.0 55.0 8.0 9.0
30 14.18898748310513 14.0 13.0 75.0 13.0 14.0
35 24.339484045366397 23.0 23.0 164.0 23.0 24.0
40 33.699359464065346 33.0 32.0 149.0 32.0 33.0
45 49.82911206440618 48.0 47.0 231.0 48.0 48.0
50 74.36557560086972 71.0 70.0 250.0 71.0 72.0
55 90.7962037962038 88.0 86.0 325.0 87.0 88.0
60 114.40988423341365 110.0 109.0 430.0 110.0 111.0
65 146.47664100605277 140.0 139.0 1193.0 140.0 141.0
70 249.84415584415584 241.0 226.0 1444.0 239.0 244.0
75 233.0775694893342 223.0 219.0 711.0 223.0 227.0
80 280.50379032731973 268.0 263.0 1470.0 268.0 273.0
85 338.2359405300582 325.0 316.0 1096.0 324.0 330.0
90 398.44913909619794 387.0 374.0 1210.0 383.0 390.0
95 541.8422166069225 528.0 515.0 2045.0 525.0 532.0
100 588.4162308279955 574.0 554.0 2183.0 571.0 578.0
